30:15
3  3 7 11 
6  1 2 5 7 9 10 
10  0 2 3 5 7 9 10 12 13 14 
7  2 3 4 9 11 13 14 
10  0 2 4 6 8 9 10 11 13 14 
8  5 6 7 8 9 10 13 14 
11  3 4 5 7 8 9 10 11 12 13 14 
10  1 2 4 6 7 8 9 10 12 14 
6  2 5 6 10 11 13 
4  0 4 6 11 
6  0 3 6 10 11 13 
8  1 2 5 6 8 9 13 14 
5  1 9 10 11 12 
7  1 2 3 6 7 9 14 
9  0 3 5 6 7 9 10 11 14 
4  0 2 7 13 
8  3 4 7 9 10 11 12 13 
11  0 1 2 4 6 9 10 11 12 13 14 
6  5 6 7 8 9 14 
11  0 1 3 4 7 8 9 11 12 13 14 
4  8 9 11 12 
8  0 1 3 4 6 7 8 9 
7  2 5 7 8 10 13 14 
9  1 5 6 8 9 10 11 12 13 
6  1 4 6 7 10 14 
7  0 2 4 6 11 13 14 
10  0 2 3 4 7 8 9 10 12 14 
10  0 2 3 4 7 9 10 11 13 14 
6  0 2 3 6 13 14 
4  1 3 5 14 
