50:19
1  0
18  1 2 3 4 5 6 7 8 9 10 11 12 13 14 15 16 17 18 
17  0 1 4 5 6 7 8 9 10 11 12 13 14 15 16 17 18 
18  1 2 3 4 5 6 7 8 9 10 11 12 13 14 15 16 17 18 
17  0 1 3 5 6 7 8 9 10 11 12 13 14 15 16 17 18 
18  0 2 3 4 5 6 7 8 9 10 11 12 13 14 15 16 17 18 
18  0 1 2 4 5 6 7 8 9 10 11 12 13 14 15 16 17 18 
18  0 1 2 4 5 6 7 8 9 10 11 12 13 14 15 16 17 18 
19  0 1 2 3 4 5 6 7 8 9 10 11 12 13 14 15 16 17 18 
17  0 3 4 5 6 7 8 9 10 11 12 13 14 15 16 17 18 
18  0 1 2 4 5 6 7 8 9 10 11 12 13 14 15 16 17 18 
1  1
17  0 1 4 5 6 7 8 9 10 11 12 13 14 15 16 17 18 
18  0 1 2 3 5 6 7 8 9 10 11 12 13 14 15 16 17 18 
18  0 2 3 4 5 6 7 8 9 10 11 12 13 14 15 16 17 18 
18  0 1 2 4 5 6 7 8 9 10 11 12 13 14 15 16 17 18 
16  2 4 5 6 7 8 9 10 11 12 13 14 15 16 17 18 
17  1 2 4 5 6 7 8 9 10 11 12 13 14 15 16 17 18 
18  0 1 3 4 5 6 7 8 9 10 11 12 13 14 15 16 17 18 
18  1 2 3 4 5 6 7 8 9 10 11 12 13 14 15 16 17 18 
1  2
18  0 1 2 3 5 6 7 8 9 10 11 12 13 14 15 16 17 18 
17  0 2 3 5 6 7 8 9 10 11 12 13 14 15 16 17 18 
18  1 2 3 4 5 6 7 8 9 10 11 12 13 14 15 16 17 18 
1  3
17  1 3 4 5 6 7 8 9 10 11 12 13 14 15 16 17 18 
19  0 1 2 3 4 5 6 7 8 9 10 11 12 13 14 15 16 17 18 
18  0 1 2 4 5 6 7 8 9 10 11 12 13 14 15 16 17 18 
17  0 2 3 5 6 7 8 9 10 11 12 13 14 15 16 17 18 
17  0 1 3 5 6 7 8 9 10 11 12 13 14 15 16 17 18 
17  0 2 4 5 6 7 8 9 10 11 12 13 14 15 16 17 18 
1  4
16  0 2 5 6 7 8 9 10 11 12 13 14 15 16 17 18 
18  0 1 2 4 5 6 7 8 9 10 11 12 13 14 15 16 17 18 
19  0 1 2 3 4 5 6 7 8 9 10 11 12 13 14 15 16 17 18 
16  1 2 5 6 7 8 9 10 11 12 13 14 15 16 17 18 
17  0 3 4 5 6 7 8 9 10 11 12 13 14 15 16 17 18 
19  0 1 2 3 4 5 6 7 8 9 10 11 12 13 14 15 16 17 18 
18  0 1 2 3 5 6 7 8 9 10 11 12 13 14 15 16 17 18 
18  0 1 2 3 5 6 7 8 9 10 11 12 13 14 15 16 17 18 
19  0 1 2 3 4 5 6 7 8 9 10 11 12 13 14 15 16 17 18 
18  0 1 2 3 5 6 7 8 9 10 11 12 13 14 15 16 17 18 
18  0 1 3 4 5 6 7 8 9 10 11 12 13 14 15 16 17 18 
19  0 1 2 3 4 5 6 7 8 9 10 11 12 13 14 15 16 17 18 
18  0 2 3 4 5 6 7 8 9 10 11 12 13 14 15 16 17 18 
18  0 1 3 4 5 6 7 8 9 10 11 12 13 14 15 16 17 18 
18  1 2 3 4 5 6 7 8 9 10 11 12 13 14 15 16 17 18 
18  0 1 2 4 5 6 7 8 9 10 11 12 13 14 15 16 17 18 
17  1 2 4 5 6 7 8 9 10 11 12 13 14 15 16 17 18 
19  0 1 2 3 4 5 6 7 8 9 10 11 12 13 14 15 16 17 18 
