25:16
13  1 3 5 6 7 8 9 10 11 12 13 14 15 
14  1 2 4 5 6 7 8 9 10 11 12 13 14 15 
13  3 4 5 6 7 8 9 10 11 12 13 14 15 
14  0 2 3 5 6 7 8 9 10 11 12 13 14 15 
13  0 4 5 6 7 8 9 10 11 12 13 14 15 
14  2 3 4 5 6 7 8 9 10 11 12 13 14 15 
1  0
13  3 4 5 6 7 8 9 10 11 12 13 14 15 
1  1
14  2 3 4 5 6 7 8 9 10 11 12 13 14 15 
13  1 4 5 6 7 8 9 10 11 12 13 14 15 
13  1 4 5 6 7 8 9 10 11 12 13 14 15 
1  2
13  0 3 5 6 7 8 9 10 11 12 13 14 15 
13  0 3 5 6 7 8 9 10 11 12 13 14 15 
14  0 1 2 5 6 7 8 9 10 11 12 13 14 15 
1  3
13  0 1 5 6 7 8 9 10 11 12 13 14 15 
1  4
14  0 1 2 5 6 7 8 9 10 11 12 13 14 15 
13  0 4 5 6 7 8 9 10 11 12 13 14 15 
14  1 2 4 5 6 7 8 9 10 11 12 13 14 15 
13  0 1 5 6 7 8 9 10 11 12 13 14 15 
14  0 2 3 5 6 7 8 9 10 11 12 13 14 15 
13  1 3 5 6 7 8 9 10 11 12 13 14 15 
