36:19
17  1 3 4 5 6 7 8 9 10 11 12 13 14 15 16 17 18 
17  2 3 4 5 6 7 8 9 10 11 12 13 14 15 16 17 18 
1  0
17  2 3 4 5 6 7 8 9 10 11 12 13 14 15 16 17 18 
17  1 3 4 5 6 7 8 9 10 11 12 13 14 15 16 17 18 
17  1 2 4 5 6 7 8 9 10 11 12 13 14 15 16 17 18 
17  0 2 4 5 6 7 8 9 10 11 12 13 14 15 16 17 18 
16  3 4 5 6 7 8 9 10 11 12 13 14 15 16 17 18 
1  1
16  3 4 5 6 7 8 9 10 11 12 13 14 15 16 17 18 
17  0 2 4 5 6 7 8 9 10 11 12 13 14 15 16 17 18 
17  0 2 3 5 6 7 8 9 10 11 12 13 14 15 16 17 18 
16  1 3 5 6 7 8 9 10 11 12 13 14 15 16 17 18 
16  0 4 5 6 7 8 9 10 11 12 13 14 15 16 17 18 
1  2
16  0 4 5 6 7 8 9 10 11 12 13 14 15 16 17 18 
16  1 3 5 6 7 8 9 10 11 12 13 14 15 16 17 18 
17  0 1 3 4 6 7 8 9 10 11 12 13 14 15 16 17 18 
16  0 2 4 6 7 8 9 10 11 12 13 14 15 16 17 18 
16  0 1 5 6 7 8 9 10 11 12 13 14 15 16 17 18 
1  3
16  0 1 5 6 7 8 9 10 11 12 13 14 15 16 17 18 
16  0 2 4 6 7 8 9 10 11 12 13 14 15 16 17 18 
17  1 2 4 5 6 7 8 9 10 11 12 13 14 15 16 17 18 
17  0 1 3 5 6 7 8 9 10 11 12 13 14 15 16 17 18 
16  0 1 2 6 7 8 9 10 11 12 13 14 15 16 17 18 
1  4
16  0 1 2 6 7 8 9 10 11 12 13 14 15 16 17 18 
17  0 1 3 5 6 7 8 9 10 11 12 13 14 15 16 17 18 
17  0 2 3 5 6 7 8 9 10 11 12 13 14 15 16 17 18 
17  0 1 2 4 6 7 8 9 10 11 12 13 14 15 16 17 18 
17  0 1 2 3 6 7 8 9 10 11 12 13 14 15 16 17 18 
1  5
17  0 1 2 3 6 7 8 9 10 11 12 13 14 15 16 17 18 
17  0 1 2 4 6 7 8 9 10 11 12 13 14 15 16 17 18 
17  0 1 3 4 6 7 8 9 10 11 12 13 14 15 16 17 18 
