109:846
10 80 81 215 382 393 413 604 692 798 799 
22 79 81 106 155 215 227 229 384 392 394 436 605 610 611 616 673 677 692 799 800 811 813 
130 0 1 2 3 4 5 6 7 8 9 10 11 12 13 14 15 17 18 19 20 21 22 23 24 25 26 27 31 32 34 36 37 39 40 41 42 43 44 45 50 54 58 59 60 63 68 139 142 144 145 146 147 149 152 153 154 237 244 245 246 249 259 289 317 320 321 322 323 324 325 326 327 346 349 353 355 357 358 359 360 361 362 364 365 366 367 368 374 462 472 501 503 505 506 507 508 509 511 512 513 624 631 632 633 636 644 717 719 721 722 723 725 726 728 729 730 732 733 734 741 742 744 747 748 749 755 762 763 767 774 
43 15 16 17 18 19 20 21 22 23 24 25 26 27 28 29 30 31 342 343 346 347 348 349 351 353 354 377 381 755 756 757 758 762 763 764 765 766 767 768 770 771 774 775 
57 32 33 34 35 36 37 38 39 40 41 42 43 44 45 46 47 48 49 50 52 54 55 56 58 59 60 61 62 63 64 66 67 68 343 344 346 347 348 349 351 353 376 377 755 756 758 759 760 762 763 764 765 767 768 770 771 774 
7 73 105 390 411 609 612 691 
20 50 51 52 53 54 55 56 57 58 59 60 61 62 63 64 65 66 67 68 69 
86 0 3 4 8 10 14 15 32 70 71 72 83 84 88 92 94 120 124 125 131 135 138 139 144 145 149 160 162 163 164 166 167 168 169 172 174 178 182 202 204 205 208 211 214 216 218 220 224 277 317 355 424 426 430 434 501 517 519 520 521 522 523 524 525 527 529 533 534 541 545 549 554 558 565 568 572 579 583 587 592 605 606 607 693 717 742 
4 74 385 412 617 
84 16 33 73 74 75 76 77 78 95 124 125 131 132 134 138 140 144 145 149 150 151 161 162 163 164 166 168 169 170 174 178 179 181 234 278 318 356 426 430 431 433 502 518 519 520 521 522 524 525 526 533 534 541 542 544 550 554 558 559 560 566 572 579 580 582 588 592 596 597 694 718 743 776 777 778 779 780 781 785 786 792 793 795 797 
53 3 14 17 34 79 82 119 124 138 144 171 187 188 190 191 193 195 196 199 200 204 214 357 386 387 388 389 423 436 438 439 441 443 445 446 449 450 493 494 498 499 503 528 533 567 719 782 785 797 819 825 828 833 
56 0 70 71 72 80 83 107 120 160 164 168 172 202 216 329 391 392 395 405 406 409 410 424 517 521 524 529 568 606 607 613 615 616 646 649 650 655 658 659 674 675 679 683 684 689 690 801 802 803 804 814 815 817 826 834 835 
6 81 183 227 401 414 484 
23 51 52 58 63 67 82 83 84 85 86 87 88 89 90 91 92 93 94 96 99 100 101 102 
30 51 52 53 54 55 58 59 60 61 62 63 64 65 66 67 69 94 95 96 97 98 99 100 101 102 103 104 377 379 381 
45 1 73 74 105 108 156 159 161 170 184 192 194 201 217 330 385 402 411 412 415 437 442 444 451 485 490 492 500 518 526 617 647 657 660 672 676 678 680 776 781 805 812 827 837 845 
29 105 106 121 141 194 201 302 402 408 492 500 530 551 569 589 647 654 657 660 661 672 677 678 680 688 783 811 812 818 
12 107 108 109 110 111 112 113 114 115 116 117 118 
8 2 173 185 403 416 486 681 784 
184 15 16 17 18 19 20 22 23 24 25 27 29 30 32 33 34 36 37 38 39 41 42 43 45 47 48 54 55 58 59 60 61 62 64 66 94 95 97 98 100 102 119 120 121 122 123 124 125 126 127 128 129 130 131 132 133 134 135 136 137 138 139 140 141 142 143 144 145 147 148 149 150 151 153 154 290 309 311 312 314 343 346 347 348 351 355 356 357 358 359 360 362 364 365 368 370 372 373 377 452 453 454 455 456 457 459 463 466 472 473 474 479 549 550 551 552 553 554 556 557 558 559 560 562 564 587 588 589 590 591 592 594 595 596 597 599 602 693 694 696 697 698 701 704 705 706 707 708 710 712 714 716 717 718 719 721 722 723 726 728 729 730 731 734 736 738 740 742 743 744 745 747 748 749 750 752 756 758 762 763 764 765 768 770 
116 139 140 141 142 143 144 145 146 147 148 149 150 151 152 153 154 308 309 311 312 313 314 316 342 343 346 347 348 349 350 351 353 354 355 356 357 358 359 360 361 362 364 365 366 367 368 369 370 371 372 373 374 375 377 379 381 462 463 464 466 472 473 474 477 479 480 483 717 718 719 720 721 722 723 725 726 728 729 730 731 732 733 734 735 736 737 738 740 741 742 743 744 745 747 748 749 750 751 752 753 754 755 756 757 758 762 763 764 765 767 768 769 770 771 774 775 
48 35 52 84 88 89 91 93 96 108 109 112 113 115 117 118 155 156 157 158 159 204 205 208 209 210 212 214 217 218 220 221 223 225 226 235 319 330 331 332 334 335 337 339 340 341 504 516 622 
106 15 16 27 53 94 95 102 139 140 144 145 148 149 150 151 153 160 161 162 163 164 165 166 167 168 169 170 172 174 177 178 179 180 181 182 234 236 261 277 278 283 285 342 355 356 368 424 426 429 430 431 432 433 434 464 527 529 533 534 539 540 541 542 543 544 545 546 549 550 554 557 558 559 560 562 565 566 568 572 577 578 579 580 581 582 583 584 587 588 592 595 596 597 599 623 693 694 695 708 717 718 720 734 742 743 757 
44 53 54 55 58 59 60 61 62 64 66 94 95 97 98 100 102 171 172 173 174 175 176 177 178 179 180 181 182 291 377 452 453 454 455 456 457 459 464 465 466 472 473 474 479 
129 1 2 3 5 6 7 9 12 14 17 18 19 20 23 34 36 37 39 42 54 97 98 119 122 124 126 127 128 129 133 138 142 144 147 171 173 175 176 177 180 183 184 185 186 187 188 189 190 191 192 193 194 195 196 197 198 199 200 201 237 262 279 282 320 321 357 358 359 360 423 425 427 428 429 432 452 492 493 494 495 496 498 499 500 503 505 506 509 528 531 533 535 537 538 539 543 552 556 567 570 573 575 576 577 581 590 594 624 696 698 719 721 722 723 744 782 784 785 787 788 789 790 794 797 819 820 821 823 825 
129 17 18 19 20 22 23 24 30 34 36 37 39 41 42 43 48 54 55 58 97 98 100 119 121 122 124 126 127 128 129 133 137 138 141 142 144 147 154 171 173 175 176 177 180 194 195 196 197 198 199 200 201 237 238 244 257 309 320 321 323 343 357 358 359 360 362 364 373 452 453 454 466 503 505 506 508 509 511 515 528 530 531 533 535 536 537 538 539 543 547 551 552 556 564 589 590 594 602 624 625 631 696 697 698 701 704 716 719 721 722 723 726 728 740 744 745 747 758 782 783 784 785 787 788 789 790 794 796 797 
86 32 34 35 37 39 40 41 42 43 44 45 46 49 52 56 58 59 63 67 68 202 203 204 205 206 207 208 209 210 211 212 213 214 235 239 244 245 249 253 258 259 292 294 317 319 321 322 323 324 326 327 328 344 346 349 353 376 467 470 472 501 503 504 505 506 507 508 509 511 512 513 514 516 622 626 631 632 636 639 642 644 759 760 762 767 774 
9 186 215 227 229 404 417 487 677 682 
11 216 217 218 219 220 221 222 223 224 225 226 
78 2 7 9 19 37 98 122 129 133 142 173 177 180 183 185 186 187 190 192 193 197 199 201 203 207 227 228 230 279 303 321 359 401 403 404 405 407 409 410 414 416 417 418 419 420 421 422 425 429 432 447 449 451 484 486 487 488 489 490 491 495 498 500 505 531 539 543 552 570 577 581 590 698 722 784 790 794 821 
15 38 123 143 173 229 231 280 304 532 553 571 591 677 681 682 
19 230 231 232 233 243 251 254 255 257 265 270 273 274 293 468 478 630 637 640 
53 234 235 236 237 238 239 240 241 242 243 244 245 246 247 248 249 250 251 252 253 254 255 256 257 258 259 260 289 292 293 294 297 298 299 300 301 462 464 466 467 468 470 472 473 474 476 477 478 479 480 481 482 483 
20 261 262 263 264 265 266 267 268 269 270 271 272 273 274 275 276 293 297 298 301 
65 234 236 237 240 241 244 246 247 248 250 251 252 253 254 257 260 261 262 263 264 266 267 268 269 270 271 272 273 275 276 277 278 279 280 281 282 283 284 285 286 287 288 297 298 301 464 473 474 476 477 482 483 623 624 627 628 631 633 634 635 637 638 639 643 645 
13 289 290 291 292 293 294 295 296 297 298 299 300 301 
17 302 303 304 305 306 307 310 469 478 698 701 703 706 708 712 713 716 
9 308 309 310 311 312 313 314 315 316 
33 317 318 319 320 321 322 323 324 325 326 327 328 343 344 346 349 351 352 353 376 380 755 758 759 760 761 762 763 767 770 771 772 774 
44 35 45 46 52 56 202 204 205 207 208 209 210 211 212 214 235 239 253 294 319 327 328 329 330 331 332 333 334 335 336 337 338 339 340 341 470 504 513 514 516 622 626 639 760 
13 342 343 344 345 346 347 348 349 350 351 352 353 354 
71 308 309 311 312 313 314 316 342 343 345 346 347 348 349 350 351 353 354 355 356 357 358 359 360 361 362 363 364 365 366 367 368 369 370 371 372 373 374 375 377 378 379 381 742 743 744 745 747 748 749 750 751 752 753 754 755 756 757 758 762 763 764 765 766 767 768 769 770 771 774 775 
7 375 376 377 378 379 380 381 
66 3 71 76 77 124 144 157 158 162 164 168 188 190 195 196 199 204 331 382 383 387 388 392 396 406 409 439 441 445 446 449 493 494 498 519 521 524 533 606 607 616 619 620 648 650 655 662 674 675 684 689 777 778 779 785 802 803 807 809 814 815 819 828 834 835 838 
67 3 4 14 70 71 72 75 76 77 78 84 109 124 125 138 144 145 155 157 158 162 163 164 168 169 174 204 205 214 218 331 332 341 426 519 520 521 524 525 533 534 554 572 592 605 606 607 618 619 620 621 662 663 671 673 674 675 777 778 779 780 785 786 797 838 839 844 
53 3 14 20 39 85 124 126 138 144 175 187 188 190 191 193 195 196 199 200 204 214 360 384 386 387 388 389 427 436 438 439 441 443 445 446 449 450 493 494 498 499 506 533 535 573 723 785 787 797 819 825 828 833 
20 240 263 282 385 386 387 388 389 594 627 699 719 723 724 746 827 828 829 832 833 
56 0 3 7 9 10 14 21 40 83 87 90 92 99 107 111 114 116 144 146 202 204 207 211 214 216 219 222 224 281 322 361 390 391 392 395 396 397 398 399 400 507 555 593 605 606 607 608 700 725 813 814 815 816 834 835 836 
14 70 75 187 386 405 418 438 488 613 618 649 683 801 806 
26 13 22 41 137 154 201 213 307 362 451 490 497 500 508 536 547 564 574 585 602 670 672 701 726 796 824 
28 76 80 157 164 188 196 382 383 387 392 393 406 439 446 494 521 604 606 616 619 650 674 684 778 802 807 814 834 
45 5 12 14 23 42 86 110 127 138 176 187 189 190 191 193 198 199 200 212 214 386 388 389 394 428 436 438 440 441 443 448 449 450 496 498 499 509 537 575 788 797 823 825 832 833 
24 241 264 281 284 345 361 363 367 395 396 397 398 399 400 555 561 593 598 628 700 702 725 727 733 
37 57 242 257 302 303 306 307 321 327 401 402 403 404 405 406 407 408 409 410 505 508 513 515 629 698 701 703 708 716 761 817 818 819 821 822 824 825 
38 1 6 108 128 147 184 192 194 201 206 217 232 282 305 385 411 412 415 437 442 444 451 485 490 492 500 538 556 576 594 660 672 678 680 789 820 827 829 
61 7 87 111 129 165 168 177 187 190 193 197 199 207 219 228 333 391 392 397 405 407 409 410 413 418 419 421 422 429 447 449 488 489 491 495 498 539 577 607 610 613 615 616 649 651 655 658 664 675 683 685 689 690 790 801 803 804 815 821 830 835 
9 130 148 283 510 540 557 578 595 791 
54 8 14 70 71 72 75 76 77 78 88 112 131 138 149 155 157 158 164 166 168 169 178 208 214 220 334 341 430 521 522 524 525 541 558 579 605 606 607 618 619 620 621 665 671 673 674 675 778 779 780 792 797 840 844 
64 75 76 77 78 89 113 117 124 132 138 144 150 155 157 158 162 164 168 169 179 204 209 214 221 225 331 335 340 341 431 519 521 524 525 533 542 559 580 596 618 619 620 621 662 666 671 673 674 675 777 778 779 780 785 793 797 806 807 808 809 810 838 841 844 
14 230 232 243 265 414 415 416 417 418 419 420 421 422 630 
31 9 90 114 133 170 180 192 201 222 336 390 400 420 432 451 490 500 543 581 608 609 612 614 652 657 672 676 686 794 816 836 
46 53 54 60 61 62 64 65 69 94 95 97 98 102 103 104 295 298 377 379 381 423 424 425 426 427 428 429 430 431 432 433 434 435 452 456 457 458 459 460 461 464 471 473 474 477 483 
69 73 74 76 77 91 108 115 117 124 134 144 151 155 156 157 158 159 161 162 164 168 170 181 204 210 217 223 225 330 331 337 340 433 518 519 521 524 526 533 544 560 582 597 617 619 620 660 662 667 672 673 674 675 676 776 777 778 779 781 785 795 805 807 808 809 837 838 842 845 
95 1 3 5 6 12 14 17 20 23 24 34 39 42 43 58 82 85 86 100 108 110 119 124 126 127 128 138 144 147 171 175 176 194 195 196 198 199 200 201 204 206 212 214 217 244 266 282 323 357 360 364 436 437 438 439 440 441 442 443 444 445 446 448 449 450 451 454 503 506 509 511 528 533 535 537 538 556 594 631 704 719 723 728 747 782 785 787 788 789 797 827 828 829 832 833 
112 1 2 3 5 6 7 9 12 13 14 17 19 20 22 23 24 34 37 39 41 42 43 58 59 98 100 119 122 124 126 127 128 129 133 137 138 142 144 147 154 171 173 175 176 177 180 203 204 206 207 212 213 214 244 245 321 323 324 346 357 359 360 362 364 444 445 446 447 448 449 450 451 454 455 472 503 505 506 508 509 511 552 556 564 590 594 602 631 632 698 701 704 705 719 722 723 726 728 729 747 748 762 782 784 785 787 788 789 790 794 796 797 
29 290 291 295 296 298 299 452 453 454 455 456 457 458 459 460 461 463 464 465 466 471 472 473 474 475 477 479 480 483 
22 462 463 464 465 466 467 468 469 470 471 472 473 474 475 476 477 478 479 480 481 482 483 
90 1 2 6 7 9 13 19 22 25 37 41 60 98 122 128 129 133 137 142 147 154 173 177 180 246 267 279 282 303 305 307 321 325 359 362 365 425 429 432 456 484 485 486 487 488 489 490 491 492 495 497 498 500 505 508 531 536 538 539 543 547 552 556 564 570 574 576 577 581 585 590 594 602 633 698 701 706 722 726 730 749 763 784 789 790 794 796 820 821 824 
144 17 18 19 20 22 23 25 29 30 34 36 37 38 39 41 42 47 48 54 60 61 97 98 119 121 122 123 124 126 127 128 129 133 137 138 141 142 143 144 147 154 171 173 175 176 177 180 237 246 247 254 257 262 267 268 273 279 280 282 311 347 357 358 359 360 362 365 372 373 377 423 425 427 428 429 432 452 456 457 473 492 493 494 495 496 497 498 499 500 528 530 531 532 533 535 536 537 538 539 543 547 551 552 553 556 564 567 569 570 571 573 574 575 576 577 581 585 589 590 591 594 602 624 633 634 696 698 701 706 712 716 719 721 722 723 726 730 738 740 744 749 750 763 764 
103 50 52 54 55 56 57 58 59 60 63 66 67 68 234 235 237 238 239 242 244 245 246 249 253 256 257 258 259 289 292 294 299 300 317 318 319 320 321 322 323 324 325 326 327 328 343 344 346 349 351 352 353 376 380 462 466 467 470 472 479 480 481 501 502 503 504 505 506 507 508 509 510 511 512 513 514 515 516 622 624 625 626 629 631 632 633 636 639 641 642 644 755 758 759 760 761 762 763 767 770 771 772 774 
98 15 16 32 33 62 94 95 120 124 125 130 131 132 134 135 138 139 140 144 145 148 149 150 151 172 174 178 179 181 182 234 248 269 277 278 283 312 348 355 356 424 426 430 431 433 434 474 517 518 519 520 521 522 523 524 525 526 527 529 533 534 540 541 542 544 545 549 550 554 557 558 559 560 565 566 568 572 578 579 580 582 583 587 588 592 595 596 597 635 693 694 707 717 718 731 742 743 765 
150 15 16 17 18 19 20 22 23 24 25 27 28 29 30 296 309 311 312 316 342 343 347 348 354 355 356 357 358 359 360 362 364 365 368 369 370 372 373 377 381 452 453 454 456 457 458 459 464 466 473 474 475 483 527 528 529 530 531 532 533 534 535 536 537 538 539 540 541 542 543 544 545 546 547 548 549 550 551 552 553 554 556 557 558 559 560 562 563 564 587 588 589 590 591 592 594 595 596 597 599 600 602 693 694 695 696 697 698 701 704 706 707 708 709 710 712 716 717 718 719 720 721 722 723 726 728 730 731 734 735 736 738 740 742 743 744 745 747 749 750 751 752 757 758 763 764 765 766 768 775 
130 309 311 312 313 314 316 342 343 345 346 347 348 350 351 354 355 356 357 358 359 360 361 362 363 364 365 367 368 369 370 371 372 373 377 378 379 381 463 464 466 472 473 474 475 477 479 480 483 549 550 551 552 553 554 555 556 557 558 559 560 561 562 563 564 693 694 695 696 697 698 700 701 702 704 705 706 707 708 709 710 711 712 714 716 717 718 719 720 721 722 723 725 726 727 728 729 730 731 733 734 735 736 737 738 740 742 743 744 745 747 748 749 750 751 752 753 754 756 757 758 762 763 764 765 766 768 769 770 771 775 
157 234 236 237 246 247 248 250 251 252 253 254 257 260 261 262 267 268 269 270 271 272 273 276 277 278 279 280 282 283 285 286 287 297 298 311 312 313 316 342 347 348 350 354 355 356 357 358 359 360 362 365 368 369 370 371 372 373 377 379 381 464 473 474 476 477 483 565 566 567 568 569 570 571 572 573 574 575 576 577 578 579 580 581 582 583 584 585 586 587 588 589 590 591 592 594 595 596 597 599 600 601 602 623 624 633 634 635 637 638 639 645 693 694 695 696 698 701 706 707 708 709 710 711 712 716 717 718 719 720 721 722 723 726 730 731 734 735 736 737 738 740 742 743 744 749 750 751 752 753 754 757 763 764 765 768 769 775 
107 309 311 312 313 314 315 316 463 464 466 472 473 474 475 476 477 479 482 483 587 588 589 590 591 592 593 594 595 596 597 598 599 600 601 602 603 693 694 695 696 697 698 699 700 701 702 704 705 706 707 708 709 710 711 712 714 715 716 717 718 719 720 721 722 723 724 725 726 727 728 729 730 731 733 734 735 736 737 738 739 740 742 743 744 745 746 747 748 749 750 751 752 753 754 756 757 758 762 763 764 765 766 768 769 770 773 775 
56 10 70 71 72 92 116 135 164 167 168 182 211 224 338 391 392 398 405 406 409 410 434 521 523 524 545 583 604 606 607 613 615 616 649 650 653 655 658 668 674 675 683 684 687 689 690 801 802 803 804 814 815 822 831 834 835 
75 0 3 4 7 8 9 10 11 14 15 21 26 27 32 40 44 45 63 83 84 87 88 90 92 94 99 101 102 139 144 145 146 149 152 153 202 204 205 207 208 211 214 216 218 219 220 222 224 249 317 322 326 327 349 355 361 366 367 368 501 507 512 513 605 606 607 608 636 717 725 732 733 734 742 767 
36 7 9 11 14 26 44 87 90 101 111 114 152 207 214 219 222 284 326 367 397 399 400 512 561 598 605 607 608 609 610 733 813 815 816 835 836 
126 0 3 7 9 10 14 27 45 83 87 90 92 102 120 124 129 133 135 136 138 144 153 160 162 164 165 167 168 169 170 172 177 180 182 202 204 207 211 214 216 219 222 224 233 285 306 327 329 331 333 336 338 341 368 405 406 407 409 410 424 429 432 434 513 529 533 539 543 545 546 562 568 577 581 583 584 599 605 606 607 608 611 612 613 614 615 616 646 648 649 650 651 652 653 655 656 657 658 659 662 664 668 671 672 673 674 675 676 679 683 684 685 686 687 689 690 708 734 817 819 821 822 825 834 835 836 
26 12 155 187 189 193 198 212 339 386 389 394 436 438 440 443 448 496 618 621 669 673 806 810 823 832 843 
53 28 103 144 145 149 150 151 250 286 369 426 430 431 433 435 458 533 534 541 542 544 548 554 558 559 560 563 572 579 580 582 586 592 596 597 600 617 618 619 620 621 709 735 751 837 838 839 840 841 842 843 844 845 
24 622 623 624 625 626 627 628 629 630 631 632 633 634 635 636 637 638 639 640 641 642 643 644 645 
81 27 30 45 48 64 102 120 121 124 129 133 135 136 138 141 144 153 172 177 180 182 233 251 257 270 285 368 370 373 424 429 432 434 459 529 530 533 539 543 545 546 551 562 568 569 577 581 583 584 589 599 637 646 647 648 649 650 651 652 653 654 655 656 657 658 659 660 661 662 664 668 671 672 708 710 716 734 736 740 752 768 
117 64 65 102 104 141 143 144 145 147 149 150 151 153 154 251 252 253 254 257 270 271 272 273 280 282 285 287 298 313 350 362 368 370 371 372 373 379 424 426 429 430 431 432 433 434 435 459 460 461 477 551 553 554 556 558 559 560 562 564 568 569 571 572 574 576 577 579 580 581 582 583 584 585 586 589 591 592 594 596 597 599 601 602 637 638 639 659 660 661 662 663 664 665 666 667 668 669 670 671 672 701 708 710 711 712 716 726 734 736 737 738 740 752 753 754 768 769 
96 45 46 102 104 144 145 149 150 151 153 202 204 205 207 208 209 210 211 212 214 253 272 285 287 327 328 329 330 331 332 333 334 335 336 337 338 339 340 341 368 371 424 426 429 430 431 432 433 434 435 461 513 514 516 554 558 559 560 562 568 572 577 579 580 581 582 583 584 586 592 596 597 599 601 639 659 660 662 663 664 665 666 667 668 669 671 672 673 674 675 676 708 711 734 737 754 
45 29 38 47 121 123 128 141 143 147 173 231 232 254 273 280 282 302 304 305 372 492 500 530 532 538 551 553 556 569 571 576 589 591 594 660 661 672 677 678 680 681 682 688 712 738 
30 231 232 233 254 255 257 273 274 302 304 305 306 478 640 679 680 681 682 683 684 685 686 687 688 689 690 708 712 713 716 
19 13 137 154 201 213 307 451 490 497 500 547 564 585 602 670 672 691 796 824 
13 106 117 155 225 340 408 654 673 677 688 692 808 811 
47 309 310 311 312 313 314 315 316 463 464 466 469 472 473 474 475 476 477 478 479 480 482 483 693 694 695 696 697 698 699 700 701 702 703 704 705 706 707 708 709 710 711 712 713 714 715 716 
77 308 309 311 312 313 314 315 316 462 463 464 466 472 473 474 475 476 477 479 480 482 483 717 718 719 720 721 722 723 724 725 726 727 728 729 730 731 732 733 734 735 736 737 738 739 740 741 742 743 744 745 746 747 748 749 750 751 752 753 754 755 756 757 758 762 763 764 765 766 767 768 769 770 771 773 774 775 
21 308 309 311 312 313 314 315 316 742 743 744 745 746 747 748 749 750 751 752 753 754 
21 755 756 757 758 759 760 761 762 763 764 765 766 767 768 769 770 771 772 773 774 775 
61 16 33 66 95 124 125 130 131 132 134 138 140 144 145 148 149 150 151 174 178 179 181 234 256 314 318 351 356 479 502 510 550 554 557 558 559 560 588 592 595 596 597 641 694 714 718 743 770 776 777 778 779 780 781 785 786 791 792 793 795 797 
150 16 17 18 19 20 22 23 24 25 30 33 34 36 37 39 41 42 43 48 54 55 58 59 60 66 95 97 98 100 140 141 142 144 145 147 148 149 150 151 154 234 237 238 244 245 246 256 257 299 309 314 318 320 321 323 324 325 343 346 351 356 357 358 359 360 362 364 365 373 452 453 454 455 456 466 472 479 480 502 503 505 506 508 509 510 511 515 550 551 552 554 556 557 558 559 560 564 624 625 631 632 633 641 694 696 697 698 701 704 705 706 714 716 718 719 721 722 723 726 728 729 730 740 743 744 745 747 748 749 758 762 763 770 771 782 783 784 785 786 787 788 789 790 791 792 793 794 795 796 797 
36 71 77 80 158 168 190 199 228 382 383 388 392 409 413 421 441 449 489 498 524 604 607 610 616 620 655 675 689 779 798 799 800 803 809 815 835 
79 14 70 71 72 75 77 78 79 138 155 158 168 169 187 190 191 193 199 200 214 341 384 386 388 389 391 392 394 399 405 409 410 436 438 441 443 449 450 498 499 524 525 605 607 610 611 613 615 616 618 620 621 649 655 656 658 671 673 675 683 689 690 779 780 797 799 800 801 803 804 806 809 810 813 815 825 833 835 844 
13 288 603 715 739 801 802 803 804 826 828 830 831 833 
28 73 105 159 170 192 201 390 400 411 442 451 490 500 526 608 609 612 614 657 672 676 678 691 781 812 816 836 845 
6 805 806 807 808 809 810 
32 30 48 121 141 194 201 257 302 373 402 408 492 500 515 530 551 569 589 647 654 657 660 661 672 680 688 716 740 783 811 812 818 
15 72 78 193 389 391 410 422 443 491 615 621 658 690 804 810 
33 40 44 49 67 83 87 90 92 99 101 107 111 114 116 202 204 207 211 214 216 219 222 224 258 322 326 507 512 642 813 814 815 816 
37 54 57 60 237 242 246 257 300 320 321 325 327 352 380 481 503 505 506 508 509 513 515 624 629 633 761 763 772 817 818 819 820 821 822 823 824 825 
17 80 81 106 215 229 382 383 392 393 413 604 610 616 692 798 799 800 
34 240 244 263 266 275 282 288 301 315 482 594 603 627 631 643 699 704 715 719 723 724 728 739 746 747 773 826 827 828 829 830 831 832 833 
49 0 3 7 9 10 11 14 21 26 27 31 40 44 45 68 144 146 152 153 202 204 207 211 214 216 219 222 224 259 322 326 327 353 361 367 368 374 507 512 513 644 725 733 734 741 774 834 835 836 
57 28 69 103 144 145 149 150 151 250 260 276 286 316 354 369 381 426 430 431 433 435 458 483 533 534 541 542 544 548 554 558 559 560 563 572 579 580 582 586 592 596 597 600 645 709 735 751 775 837 838 839 840 841 842 843 844 845 
17 93 118 155 212 226 339 435 516 548 586 618 621 669 673 806 810 843 
