149:1560
36 0 19 97 152 307 310 311 358 377 402 532 595 712 858 862 901 946 950 1015 1018 1114 1141 1179 1183 1205 1212 1215 1236 1238 1381 1437 1459 1463 1477 1479 1548 
27 49 108 169 282 289 303 337 339 404 437 852 897 1007 1019 1021 1100 1184 1196 1226 1236 1245 1376 1452 1473 1477 1480 1493 
10 1 20 153 312 378 557 925 1115 1142 1382 
151 0 1 2 3 4 5 6 7 8 9 10 11 12 13 14 15 16 17 18 19 20 21 22 23 24 26 27 28 29 32 33 34 36 38 42 43 44 47 48 51 53 55 57 58 63 67 69 72 75 78 79 80 88 90 92 194 202 204 209 259 263 269 271 278 280 407 450 575 728 730 735 736 739 744 747 762 764 765 766 773 774 777 781 782 785 788 794 796 804 806 809 814 815 818 820 821 824 826 833 835 843 846 954 956 957 961 962 964 965 966 983 993 996 1001 1002 1004 1030 1055 1062 1064 1069 1070 1073 1077 1080 1082 1326 1328 1333 1335 1343 1346 1349 1351 1353 1354 1362 1363 1365 1369 1370 1372 1374 1375 1407 1423 1428 1432 1495 1505 1510 
224 19 20 21 22 23 24 25 26 27 28 29 30 31 32 33 34 35 36 37 38 39 40 41 42 43 44 46 47 48 51 52 53 55 56 57 58 59 61 62 63 64 65 66 67 68 69 70 72 75 76 77 78 79 80 82 84 86 88 90 91 92 94 119 194 197 198 202 204 209 256 259 260 263 264 269 271 278 280 407 408 450 451 458 459 476 575 576 579 652 727 728 729 730 731 732 733 735 736 738 739 741 744 747 748 791 794 795 796 798 800 801 802 804 806 808 809 811 814 815 818 819 820 821 822 824 825 826 827 831 833 835 837 839 843 846 863 968 983 984 987 988 991 993 996 1001 1002 1003 1004 1005 1030 1031 1038 1039 1055 1057 1061 1062 1063 1064 1065 1066 1067 1068 1069 1070 1072 1073 1075 1077 1080 1081 1082 1083 1087 1088 1324 1326 1327 1328 1329 1331 1333 1335 1337 1339 1343 1346 1347 1349 1351 1352 1353 1354 1357 1358 1359 1360 1362 1363 1364 1365 1367 1369 1370 1372 1373 1374 1375 1407 1409 1412 1413 1418 1423 1428 1431 1432 1434 1495 1496 1499 1500 1505 1510 
36 36 37 38 39 40 41 42 43 44 45 46 47 48 407 408 409 412 416 432 433 863 865 878 881 968 1495 1496 1497 1499 1500 1505 1506 1507 1509 1510 1511 
51 2 21 49 50 110 111 114 115 154 171 282 283 284 289 292 313 339 340 341 348 359 379 694 713 848 849 897 898 899 1021 1022 1023 1102 1171 1239 1241 1248 1249 1376 1377 1378 1383 1438 1480 1481 1493 1494 1516 1526 1533 1541 
85 2 3 5 11 21 29 49 50 51 110 111 114 115 154 155 163 171 174 180 282 283 284 289 292 293 294 313 314 339 340 341 359 360 364 370 379 380 388 395 533 630 694 699 704 713 715 722 902 1102 1106 1110 1116 1143 1161 1171 1172 1173 1239 1241 1242 1243 1248 1249 1376 1377 1378 1383 1384 1387 1396 1438 1439 1447 1516 1518 1523 1526 1529 1531 1533 1534 1539 1541 1544 1546 
147 51 52 53 54 55 56 57 58 59 60 61 62 63 64 65 66 67 68 69 70 71 72 73 74 75 76 77 78 79 80 82 84 86 88 90 91 92 94 119 121 124 128 407 408 410 412 416 417 432 433 652 653 727 728 729 730 731 732 733 735 736 737 738 739 740 741 742 743 744 745 746 747 748 750 752 755 863 865 869 878 882 968 983 984 987 988 989 991 993 996 997 998 1000 1001 1002 1003 1004 1005 1061 1062 1063 1064 1065 1066 1067 1068 1069 1070 1071 1072 1073 1074 1075 1076 1077 1078 1079 1080 1081 1082 1083 1084 1086 1087 1088 1089 1090 1098 1099 1407 1409 1410 1412 1413 1414 1416 1418 1423 1424 1425 1427 1428 1429 1431 1432 1434 1482 
16 81 82 83 84 85 86 87 88 89 90 91 92 93 94 95 96 
76 97 98 99 100 101 102 103 104 105 106 107 120 201 205 208 268 272 277 279 411 452 654 749 765 770 771 775 777 781 783 784 786 788 802 803 807 809 813 814 816 817 820 832 836 842 844 845 864 969 992 997 1000 1032 1053 1098 1298 1306 1307 1309 1311 1315 1316 1318 1319 1322 1332 1336 1342 1344 1345 1421 1424 1427 1503 1506 1509 
21 173 291 295 315 361 396 534 695 698 903 1103 1105 1117 1144 1162 1185 1188 1217 1227 1528 1543 
32 108 109 113 117 172 282 286 289 290 339 343 349 362 696 714 859 947 1019 1020 1100 1101 1104 1170 1199 1209 1216 1226 1240 1460 1517 1527 1542 
35 4 108 109 113 117 172 282 286 289 290 296 316 339 343 362 363 397 535 696 697 714 904 1104 1118 1145 1163 1170 1189 1216 1226 1240 1385 1517 1527 1542 
70 21 24 29 33 34 51 52 79 110 111 112 113 137 223 256 313 314 316 320 327 331 332 335 480 558 562 602 727 760 791 822 902 904 906 912 919 920 923 926 930 941 1061 1116 1118 1122 1131 1135 1136 1139 1143 1145 1147 1153 1156 1157 1160 1261 1293 1324 1347 1526 1527 1529 1531 1532 1541 1542 1544 1546 1547 
9 173 291 698 1105 1185 1217 1227 1528 1543 
62 114 115 116 117 118 138 224 257 481 499 533 535 538 545 552 555 559 562 603 761 792 823 902 904 906 912 919 920 923 927 930 941 1116 1118 1122 1131 1135 1136 1139 1143 1145 1147 1153 1156 1157 1160 1262 1294 1325 1348 1516 1517 1518 1519 1523 1524 1525 1541 1542 1544 1546 1547 
42 119 120 121 122 123 124 125 126 127 128 129 130 131 132 676 683 688 689 690 882 885 887 888 889 890 891 892 893 894 895 896 1482 1483 1484 1485 1486 1487 1488 1489 1490 1491 1492 
29 50 110 114 133 135 136 283 340 789 848 855 899 943 951 1009 1011 1022 1175 1197 1200 1230 1237 1248 1377 1454 1456 1478 1481 1494 
59 8 9 10 26 27 28 36 53 133 134 160 161 162 177 178 179 307 317 322 324 325 352 353 354 367 368 369 385 386 387 536 631 719 720 721 762 848 850 905 1022 1026 1119 1124 1126 1127 1295 1349 1377 1379 1386 1392 1394 1395 1520 1521 1522 1536 1537 1538 
44 49 111 115 282 284 289 292 339 341 849 852 853 856 897 898 944 952 1007 1008 1012 1021 1023 1171 1176 1196 1198 1201 1226 1228 1231 1241 1245 1246 1249 1376 1378 1452 1453 1457 1473 1474 1480 1493 1513 
93 5 49 50 110 111 114 115 135 136 155 174 282 283 284 289 292 293 339 340 341 346 350 364 380 699 715 848 849 852 853 855 856 897 898 899 900 943 944 951 952 1007 1008 1009 1011 1012 1021 1022 1023 1024 1106 1171 1172 1175 1176 1196 1197 1198 1200 1201 1202 1218 1226 1228 1230 1231 1241 1242 1245 1246 1248 1249 1376 1377 1378 1387 1439 1452 1453 1454 1456 1457 1473 1474 1480 1481 1493 1494 1513 1514 1518 1529 1534 1544 
69 5 6 22 136 155 156 174 175 318 346 347 350 351 380 381 699 700 715 716 855 856 943 944 951 952 1007 1008 1009 1011 1012 1013 1106 1107 1120 1146 1175 1176 1177 1190 1196 1197 1198 1200 1201 1202 1203 1218 1219 1226 1228 1230 1231 1232 1245 1246 1387 1388 1439 1440 1456 1457 1513 1514 1515 1529 1530 1544 1545 1549 
20 303 305 306 404 406 701 852 857 945 1007 1010 1014 1021 1025 1178 1204 1233 1458 1473 1476 
28 137 138 139 140 141 142 143 144 145 146 147 148 149 150 151 416 428 432 970 986 987 993 998 1001 1002 1004 1005 1006 
163 36 37 38 39 40 41 42 43 44 46 47 48 51 53 55 56 57 58 59 61 62 63 65 66 67 68 69 72 75 76 77 78 79 80 82 84 86 88 90 91 92 121 152 153 154 155 156 157 158 159 160 161 162 163 164 165 166 167 168 195 197 198 202 204 209 412 453 458 459 577 579 728 729 730 731 733 735 736 738 739 744 747 750 824 825 826 827 833 835 837 843 846 865 984 987 988 991 993 996 1001 1002 1003 1004 1033 1038 1039 1055 1062 1063 1064 1065 1067 1068 1069 1070 1072 1073 1077 1080 1081 1084 1087 1088 1326 1327 1328 1329 1333 1335 1337 1343 1346 1349 1351 1352 1353 1354 1357 1358 1360 1362 1363 1364 1365 1369 1370 1372 1373 1374 1375 1409 1412 1413 1418 1423 1428 1431 1432 1497 1499 1500 1505 1510 
30 54 169 170 176 182 185 189 214 225 383 391 500 538 550 562 604 632 702 708 711 717 724 763 793 930 1263 1296 1350 1464 1468 
111 81 82 86 91 122 171 172 173 174 175 176 177 178 179 180 181 182 183 184 196 203 225 226 227 229 232 235 241 243 247 250 253 258 259 260 263 270 276 413 454 467 482 483 485 486 490 492 493 495 496 498 500 501 502 503 512 516 522 527 560 562 563 564 567 568 569 571 572 574 824 825 826 834 837 841 844 866 928 930 931 932 935 936 937 939 940 941 942 1034 1047 1085 1094 1263 1264 1265 1267 1270 1272 1278 1280 1281 1284 1287 1290 1408 1409 1418 1422 1431 1498 1504 
95 123 185 186 187 188 189 190 191 192 193 199 203 259 263 265 270 276 414 455 464 467 655 728 730 738 739 742 745 751 763 764 766 767 772 776 777 780 783 786 787 793 794 796 799 805 808 809 812 816 819 824 826 828 834 837 841 844 867 971 989 994 1003 1044 1047 1090 1094 1296 1297 1299 1301 1310 1311 1314 1318 1321 1326 1328 1334 1337 1341 1344 1350 1351 1354 1356 1364 1365 1368 1371 1373 1416 1422 1431 1501 1504 
60 194 195 196 197 198 199 200 201 202 203 204 205 206 207 208 209 210 211 407 408 411 412 413 414 416 420 422 425 426 428 429 432 434 435 436 677 689 690 863 864 865 866 867 873 875 879 880 885 890 891 892 894 895 896 968 969 971 977 981 982 
43 212 213 214 215 216 217 218 219 220 221 222 225 226 228 229 232 233 243 244 247 250 253 259 262 263 265 273 276 415 464 471 500 502 505 510 519 522 527 656 868 972 1044 1051 
117 223 224 225 226 227 228 229 230 231 232 233 234 235 236 237 238 239 240 241 242 243 244 245 246 247 248 249 250 251 252 253 254 255 256 257 258 259 260 261 262 263 264 265 266 268 269 270 271 273 274 275 276 277 278 279 280 454 456 458 459 460 461 462 464 465 466 467 468 469 470 471 472 475 476 477 478 579 580 582 583 584 585 586 587 588 589 656 657 659 660 666 667 669 670 678 1034 1035 1037 1038 1039 1040 1041 1042 1044 1045 1046 1047 1048 1049 1050 1051 1052 1053 1056 1057 1058 1059 
94 256 257 258 259 260 261 262 263 264 265 266 267 268 269 270 271 272 273 274 275 276 277 278 279 280 281 575 576 578 579 580 581 582 583 584 585 586 587 588 589 590 591 592 652 654 655 656 657 658 659 660 661 665 666 667 669 670 671 674 675 678 679 682 689 1030 1031 1032 1034 1035 1036 1037 1038 1039 1040 1041 1042 1043 1044 1045 1046 1047 1048 1049 1050 1051 1052 1053 1054 1055 1056 1057 1058 1059 1060 
185 2 3 4 5 7 11 13 15 16 17 21 24 29 33 34 51 55 79 139 154 155 158 163 166 167 171 172 174 176 180 183 184 185 191 192 212 214 226 259 282 283 284 285 286 287 288 289 290 292 293 294 296 298 300 301 359 360 362 363 364 365 370 371 374 375 376 379 380 383 388 392 393 395 397 398 401 402 403 482 502 533 535 538 545 552 555 560 562 605 630 633 650 694 696 697 699 702 703 704 705 709 710 711 713 714 715 717 722 725 726 728 764 794 824 902 904 906 912 919 920 923 928 930 941 954 1062 1116 1118 1122 1131 1135 1136 1139 1143 1145 1147 1153 1156 1157 1160 1161 1163 1165 1167 1168 1170 1171 1172 1173 1239 1240 1241 1242 1243 1252 1254 1264 1297 1326 1351 1383 1384 1385 1387 1390 1396 1398 1402 1403 1405 1464 1470 1471 1516 1517 1518 1519 1523 1524 1525 1541 1542 1544 1546 1547 
171 21 24 26 27 28 29 33 34 36 37 51 53 55 56 58 63 68 79 80 82 154 155 158 160 161 162 163 166 167 171 172 173 174 176 177 178 179 180 183 184 226 227 229 243 259 260 263 289 290 291 292 293 294 295 296 297 298 300 301 302 359 360 361 362 363 364 365 367 368 369 370 371 374 375 376 379 380 383 385 386 387 388 392 393 395 396 397 398 401 402 403 482 483 485 492 502 503 560 562 563 568 630 631 633 635 638 641 650 651 713 714 715 717 719 720 721 722 725 726 728 729 730 738 794 795 796 808 824 825 826 837 928 930 931 936 941 954 955 957 963 984 1062 1063 1064 1072 1161 1162 1163 1164 1165 1167 1168 1169 1252 1254 1255 1258 1264 1265 1267 1280 1326 1327 1328 1337 1349 1351 1352 1354 1364 1409 
60 82 86 91 226 227 229 235 240 243 252 253 259 260 261 263 269 280 294 295 296 297 298 299 300 301 302 456 502 503 504 512 515 526 527 954 955 956 957 958 960 961 963 966 967 984 985 991 993 1002 1003 1035 1252 1253 1254 1255 1256 1257 1258 1259 1260 
61 14 23 38 57 98 140 157 213 299 303 304 305 306 308 309 319 356 372 373 382 390 399 400 439 484 537 561 596 634 723 765 857 859 860 861 929 956 1014 1016 1017 1021 1025 1027 1028 1121 1166 1174 1178 1180 1181 1182 1244 1253 1266 1298 1353 1389 1400 1441 1540 1550 
11 213 214 216 228 262 306 307 308 309 310 505 
215 36 38 39 41 43 47 48 51 52 53 57 58 59 61 63 64 65 67 68 69 70 72 76 78 79 80 84 92 94 137 140 141 142 143 144 145 146 147 148 151 197 202 206 256 263 264 269 274 311 312 313 314 315 316 317 318 319 320 321 322 323 324 325 326 327 328 329 330 331 332 333 334 335 336 416 457 458 476 578 602 606 608 614 617 618 619 627 628 727 730 731 732 733 735 738 739 740 741 760 762 765 766 768 769 770 773 776 777 778 779 781 786 788 791 796 798 801 802 804 808 809 810 811 814 820 821 822 826 827 831 833 837 838 839 987 993 998 1004 1005 1036 1038 1055 1057 1061 1064 1065 1066 1067 1069 1072 1073 1074 1075 1081 1086 1087 1261 1266 1267 1269 1275 1276 1277 1280 1281 1282 1283 1286 1291 1292 1293 1295 1298 1299 1302 1305 1306 1308 1310 1311 1312 1313 1316 1322 1323 1324 1328 1329 1331 1333 1337 1338 1339 1347 1349 1353 1354 1357 1359 1360 1362 1364 1365 1366 1367 1369 1374 1375 1410 1412 1425 1432 1434 1499 1507 
52 7 24 99 118 158 169 170 176 185 214 282 287 288 289 310 320 337 338 339 344 345 365 383 402 437 438 440 538 562 702 711 717 851 906 930 1021 1029 1108 1113 1122 1147 1195 1251 1254 1376 1380 1390 1442 1464 1519 1535 1551 
195 2 3 4 5 7 11 13 15 16 17 21 24 29 33 34 51 58 79 141 154 155 158 163 166 167 171 172 174 176 180 183 184 185 191 192 214 215 229 263 289 290 292 293 294 296 298 300 301 313 314 316 320 327 331 332 335 339 340 341 342 343 344 345 359 360 362 363 364 365 370 371 374 375 376 379 380 383 388 392 393 395 397 398 401 402 403 440 441 448 485 533 535 538 539 545 552 555 562 563 606 630 635 650 694 696 697 699 702 703 704 705 709 710 711 713 714 715 717 722 725 726 730 766 796 826 902 904 906 912 919 920 923 930 931 941 957 1064 1102 1104 1106 1108 1109 1110 1112 1113 1116 1118 1122 1131 1135 1136 1139 1143 1145 1147 1153 1156 1157 1160 1161 1163 1165 1167 1168 1170 1171 1172 1173 1189 1191 1192 1194 1195 1254 1255 1267 1299 1328 1354 1464 1470 1471 1526 1527 1529 1531 1532 1541 1542 1544 1546 1547 1551 1557 1558 
29 83 147 230 346 347 506 557 569 607 777 797 809 925 937 986 1037 1115 1120 1133 1142 1146 1155 1268 1281 1300 1311 1355 1365 1411 
176 19 21 22 23 24 25 26 27 28 29 30 33 36 38 39 41 43 47 53 57 59 61 63 65 67 72 78 80 84 140 142 144 145 152 154 155 156 157 158 159 160 161 162 163 164 166 197 202 231 238 240 264 269 311 313 317 318 319 320 321 322 323 324 325 326 328 330 331 334 336 348 349 350 351 352 353 354 355 356 357 458 507 515 608 614 731 733 735 762 765 768 770 773 781 788 798 802 804 814 820 827 833 929 930 932 934 956 958 959 961 987 993 1038 1065 1067 1069 1087 1114 1119 1120 1121 1122 1123 1124 1125 1126 1127 1128 1130 1132 1134 1135 1138 1140 1266 1269 1276 1277 1286 1291 1295 1298 1302 1306 1308 1316 1322 1329 1333 1349 1353 1357 1360 1362 1369 1374 1381 1383 1386 1387 1388 1389 1390 1391 1392 1393 1394 1395 1396 1397 1399 1400 1402 1406 1412 1499 
211 19 21 23 24 25 26 27 28 29 31 33 34 35 36 37 38 40 42 43 46 51 53 55 56 57 58 59 62 63 66 67 68 72 75 76 77 79 80 82 86 88 91 152 154 155 157 158 159 160 161 162 163 165 166 167 168 198 202 204 226 227 229 235 240 242 243 252 253 259 260 263 269 271 280 358 359 360 361 362 363 364 365 366 367 368 369 370 371 372 373 374 375 376 377 379 380 382 383 384 385 386 387 388 389 390 392 393 394 459 502 503 508 512 515 518 526 527 579 630 631 633 634 635 636 638 639 640 641 644 646 647 648 650 651 728 729 730 735 736 738 747 794 795 796 800 804 806 808 814 818 819 824 825 826 833 835 837 846 984 988 991 993 996 1002 1003 1039 1062 1063 1064 1068 1069 1070 1072 1080 1081 1088 1252 1253 1254 1255 1256 1257 1258 1259 1260 1326 1327 1328 1333 1335 1337 1346 1349 1351 1352 1353 1354 1358 1362 1363 1364 1369 1372 1373 1409 1413 1418 1423 1431 1500 1505 
116 51 53 54 55 56 57 58 59 60 62 63 66 67 68 69 71 72 75 76 77 78 79 80 82 86 88 90 91 92 124 377 378 379 380 381 382 383 384 385 386 387 388 389 390 391 392 393 394 417 630 631 632 633 634 635 636 637 638 639 640 641 642 643 644 646 647 648 649 650 651 728 729 730 735 736 738 739 742 744 747 752 869 984 988 989 991 993 996 1001 1002 1003 1004 1062 1063 1064 1068 1069 1070 1072 1073 1076 1077 1080 1081 1088 1089 1090 1409 1413 1414 1416 1418 1423 1428 1431 1432 
48 82 86 88 91 226 227 229 235 240 242 243 252 253 259 260 263 269 271 280 395 396 397 398 399 400 401 402 403 460 502 503 509 512 515 518 526 527 580 1040 1252 1253 1254 1255 1256 1257 1258 1259 1260 
71 25 59 100 142 159 181 186 216 299 306 308 321 356 366 372 384 390 399 404 405 406 442 486 540 564 597 636 701 706 718 723 852 854 857 859 860 907 932 945 947 948 958 1007 1009 1010 1014 1016 1123 1148 1166 1178 1180 1181 1204 1209 1210 1223 1233 1234 1256 1391 1400 1443 1458 1460 1461 1465 1473 1475 1476 1552 
55 407 408 409 410 411 412 413 414 415 416 417 418 419 420 421 422 423 424 425 426 427 428 429 430 431 432 433 434 435 436 677 681 683 686 688 689 690 692 693 881 882 883 884 885 886 887 888 889 890 891 892 893 894 895 896 
30 60 176 182 185 189 214 232 383 391 437 438 538 541 550 562 609 637 702 708 711 717 724 767 799 930 1270 1301 1356 1464 1468 
40 229 238 239 241 243 247 248 250 251 263 268 270 276 277 279 418 439 440 441 442 443 444 445 446 447 448 449 461 467 514 516 522 523 525 657 870 973 1041 1047 1053 
73 450 451 452 453 454 455 456 457 458 459 460 461 462 463 464 465 466 467 468 469 470 471 472 473 474 475 476 477 478 479 575 576 577 578 579 580 582 583 584 585 586 587 588 589 590 593 594 652 654 655 656 657 659 660 661 664 665 666 667 669 670 671 672 673 674 675 678 680 682 685 689 690 691 
96 81 82 85 86 87 88 89 91 93 95 96 256 257 258 259 260 263 265 266 269 270 271 274 275 276 280 413 419 420 424 425 435 480 481 482 483 484 485 486 487 488 489 490 491 492 493 494 495 496 497 498 499 500 501 502 503 510 511 512 513 515 516 518 520 521 522 526 527 528 530 531 581 582 584 585 592 658 659 666 866 871 874 883 885 891 974 1034 1042 1044 1045 1046 1047 1052 1056 1058 1059 
68 413 415 418 419 420 421 424 425 426 428 429 430 431 435 499 500 501 502 503 504 505 506 507 508 509 510 511 512 513 514 515 516 517 518 519 520 521 522 523 524 525 526 527 528 529 530 531 681 866 868 870 871 872 874 875 877 883 884 885 886 891 892 972 973 974 975 977 980 
191 87 89 91 93 95 130 131 199 202 203 206 207 224 225 226 229 232 233 234 236 238 240 241 243 245 247 250 252 253 257 259 263 265 266 269 270 274 275 276 280 420 435 462 464 467 472 475 477 481 482 484 485 486 487 489 490 491 492 493 495 496 497 498 499 500 502 510 511 513 515 516 520 521 522 526 527 528 530 532 533 534 535 536 537 538 539 540 541 542 543 544 545 546 547 548 549 550 551 552 553 554 555 556 559 560 561 562 563 564 566 567 568 569 571 572 573 574 582 603 604 605 606 609 610 611 612 614 615 617 618 620 621 623 624 626 659 823 824 826 828 829 833 834 837 838 840 841 844 846 885 1042 1044 1047 1052 1056 1058 1090 1094 1097 1262 1263 1264 1266 1267 1270 1271 1273 1276 1277 1278 1280 1281 1282 1284 1287 1288 1290 1291 1416 1419 1422 1425 1426 1431 1433 1435 1483 1501 1504 1507 1508 
142 81 82 83 85 86 87 88 89 91 93 94 95 96 223 224 225 226 227 229 230 232 233 234 235 236 237 238 240 241 242 243 245 246 247 250 252 253 254 255 256 257 258 259 260 263 265 266 269 270 271 274 275 276 280 413 420 421 424 425 429 435 454 462 464 465 466 467 469 472 475 476 477 478 499 500 501 502 503 506 510 511 512 513 515 516 518 520 521 522 526 527 528 529 530 531 557 558 559 560 561 562 563 564 565 566 567 568 569 570 571 572 573 574 582 583 584 585 588 659 660 666 669 866 872 874 885 886 891 975 1034 1037 1042 1044 1045 1046 1047 1049 1052 1056 1057 1058 1059 
20 575 576 577 578 579 580 581 582 583 584 585 586 587 588 589 590 591 592 593 594 
4 591 592 593 594 
59 125 200 205 206 208 211 267 272 274 277 281 422 463 595 596 597 598 599 600 601 613 616 618 622 623 625 830 836 838 842 844 847 873 1043 1053 1093 1098 1266 1274 1276 1279 1281 1282 1285 1286 1287 1289 1291 1415 1420 1424 1425 1427 1430 1502 1506 1507 1509 1512 
88 256 257 259 263 264 265 266 267 269 270 272 274 275 276 277 280 281 457 458 462 463 464 466 467 468 469 472 474 475 476 477 478 578 582 585 587 588 602 603 604 605 606 607 608 609 610 611 612 613 614 615 616 617 618 619 620 621 622 623 624 625 626 627 628 629 659 661 666 669 674 682 1036 1037 1038 1042 1043 1044 1046 1047 1048 1049 1052 1053 1055 1056 1057 1058 1059 
93 82 85 86 88 90 91 92 124 126 417 423 424 630 631 632 633 634 635 636 637 638 639 640 641 642 643 644 645 646 647 648 649 650 651 662 728 729 730 735 736 738 739 742 744 745 747 752 753 869 874 887 984 988 989 990 991 993 994 996 1001 1002 1003 1004 1062 1063 1064 1068 1069 1070 1072 1073 1076 1077 1078 1080 1081 1088 1089 1090 1091 1094 1409 1413 1414 1416 1417 1418 1422 1423 1428 1431 1432 1484 
36 652 653 654 655 656 657 658 659 660 661 662 663 664 665 666 667 668 669 670 671 672 673 674 675 678 679 680 682 683 685 687 688 689 690 691 692 
18 676 677 678 679 680 681 682 683 684 685 686 687 688 689 690 691 692 693 
211 51 54 55 58 59 60 66 68 69 71 77 79 91 185 186 187 188 189 191 192 199 212 214 215 216 217 218 219 220 225 226 229 232 233 243 247 253 259 263 265 276 379 380 381 383 384 388 389 390 391 392 393 464 482 485 486 490 492 493 495 500 502 510 522 527 533 534 535 538 539 540 541 545 546 548 549 550 552 555 560 562 563 564 567 568 569 571 604 605 606 609 610 617 621 626 630 632 633 635 636 637 639 641 642 643 648 650 694 695 696 697 698 699 700 701 702 703 704 705 706 707 708 709 710 711 713 714 715 716 717 718 722 723 724 725 726 728 730 738 739 742 763 764 766 767 772 776 777 780 787 793 794 796 799 808 809 812 819 824 826 828 837 841 989 1003 1044 1062 1064 1068 1072 1073 1076 1090 1263 1264 1267 1270 1280 1281 1284 1290 1296 1297 1299 1301 1310 1311 1314 1321 1326 1328 1337 1341 1350 1351 1354 1356 1364 1365 1368 1373 1416 1431 1464 1465 1466 1467 1468 1470 1471 1501 
145 82 85 86 88 91 126 225 226 227 229 232 233 235 241 242 243 247 250 252 253 259 260 263 265 270 271 276 280 424 464 465 467 482 483 484 485 486 490 492 493 495 496 497 498 500 502 503 510 512 516 518 522 526 527 560 561 562 563 564 567 568 569 571 572 573 574 584 630 631 632 633 634 635 636 637 638 639 641 642 643 644 645 646 647 648 650 651 712 713 714 715 716 717 718 719 720 721 722 723 724 725 726 728 729 730 736 738 739 742 745 747 753 874 984 989 990 991 994 996 1002 1003 1044 1045 1047 1062 1063 1064 1068 1070 1072 1073 1076 1078 1080 1081 1090 1091 1094 1409 1416 1417 1418 1422 1423 1431 
103 119 121 123 124 126 128 132 407 408 410 412 414 416 417 423 424 432 433 436 652 653 655 662 663 675 683 727 728 729 730 731 732 733 734 735 736 737 738 739 740 741 742 743 744 745 746 747 748 750 751 752 753 755 759 863 865 867 869 874 878 880 882 887 888 968 971 976 982 1082 1083 1084 1086 1087 1088 1089 1090 1091 1094 1098 1099 1407 1409 1410 1412 1413 1414 1416 1417 1418 1421 1422 1423 1424 1425 1427 1428 1429 1431 1432 1434 1482 1484 1485 
23 683 684 688 690 748 749 750 751 752 753 754 755 756 757 758 759 1482 1484 1485 1486 1489 1491 1492 
201 120 123 129 132 407 411 414 416 428 429 432 434 436 450 452 455 457 458 464 467 468 469 472 473 474 476 478 479 575 578 587 588 590 654 655 664 669 674 675 749 751 754 756 758 759 760 761 762 763 764 765 766 767 768 769 770 771 772 773 774 775 776 777 778 779 780 781 782 783 784 785 786 787 788 822 823 824 826 827 828 831 832 833 834 835 836 837 838 839 840 841 842 843 844 845 846 864 867 879 880 889 969 971 981 982 983 986 987 989 992 993 994 996 997 998 999 1000 1001 1002 1003 1004 1005 1006 1030 1032 1036 1037 1038 1044 1047 1048 1049 1052 1053 1054 1055 1057 1059 1060 1082 1086 1087 1090 1094 1095 1096 1097 1098 1099 1324 1325 1326 1328 1329 1331 1332 1333 1334 1335 1336 1337 1338 1339 1340 1341 1342 1343 1344 1345 1346 1407 1410 1411 1412 1416 1421 1422 1423 1424 1425 1426 1427 1428 1429 1431 1432 1434 1436 1486 1495 1499 1501 1503 1504 1505 1506 1507 1508 1509 1510 1511 
30 112 116 134 285 287 307 342 344 703 790 850 858 946 953 1015 1026 1109 1179 1186 1187 1191 1205 1213 1229 1238 1250 1379 1451 1459 1479 
30 8 26 133 160 177 322 352 367 385 719 789 848 855 943 1011 1022 1124 1175 1200 1206 1220 1237 1377 1392 1444 1456 1478 1520 1536 1553 
47 26 27 28 39 61 160 161 162 322 323 324 325 352 353 354 542 768 789 790 908 943 946 1124 1125 1126 1127 1149 1150 1200 1205 1206 1207 1208 1220 1221 1222 1302 1357 1392 1393 1394 1395 1444 1445 1446 1456 1459 
189 119 120 123 129 132 194 197 198 199 201 202 203 204 205 206 207 208 209 210 256 257 259 260 263 264 265 268 269 270 271 272 274 275 276 277 278 279 280 407 408 411 414 416 428 429 432 434 436 450 451 452 455 457 458 459 464 467 468 469 472 473 474 476 478 479 575 576 578 579 587 588 590 652 654 655 665 669 674 675 791 792 793 794 795 796 797 798 799 800 801 802 803 804 805 806 807 808 809 810 811 812 813 814 815 816 817 818 819 820 821 822 823 824 825 826 827 828 831 832 833 834 835 836 837 838 839 840 841 842 843 844 845 846 863 864 867 879 880 890 968 969 971 981 982 1030 1031 1032 1036 1037 1038 1039 1044 1047 1048 1049 1052 1053 1054 1055 1057 1059 1060 1082 1083 1086 1087 1088 1090 1094 1095 1096 1097 1098 1099 1487 1495 1496 1499 1500 1501 1503 1504 1505 1506 1507 1508 1509 1510 1511 
120 450 451 452 453 454 455 457 458 459 462 463 464 466 467 468 469 472 473 474 475 476 477 478 479 575 576 577 578 579 582 585 586 587 588 590 593 652 654 655 659 664 665 666 667 669 671 672 673 674 675 685 689 690 822 823 824 825 826 827 828 829 830 831 832 833 834 835 836 837 838 839 840 841 842 843 844 845 846 847 1030 1031 1032 1033 1034 1036 1037 1038 1039 1042 1043 1044 1046 1047 1048 1049 1052 1053 1054 1055 1056 1057 1058 1059 1060 1082 1083 1084 1085 1086 1087 1088 1090 1092 1093 1094 1095 1096 1097 1098 1099 
33 9 27 101 134 161 178 307 324 353 368 386 720 790 850 858 946 1015 1026 1126 1150 1179 1205 1207 1221 1238 1379 1394 1445 1459 1479 1521 1537 1554 
38 234 266 487 511 536 538 543 556 562 611 829 848 849 850 851 905 906 909 924 930 1271 1295 1303 1330 1516 1518 1519 1520 1521 1522 1523 1533 1534 1535 1536 1537 1538 1539 
61 25 31 35 40 59 62 66 76 86 155 159 165 168 174 181 235 299 364 366 372 373 380 384 389 390 394 399 400 486 490 498 512 564 567 574 636 639 647 715 718 723 800 852 853 854 932 935 942 958 960 967 991 1068 1081 1166 1256 1257 1260 1272 1358 1418 
8 855 856 857 858 859 860 861 862 
43 677 681 683 686 688 689 690 692 693 863 864 865 866 867 868 869 870 871 872 873 874 875 876 877 878 879 880 881 882 883 884 885 886 887 888 889 890 891 892 893 894 895 896 
26 676 677 681 683 686 688 689 690 692 693 881 882 883 884 885 886 887 888 889 890 891 892 893 894 895 896 
26 10 28 133 162 179 325 354 369 387 721 789 848 899 943 1022 1127 1200 1208 1222 1377 1395 1446 1456 1494 1522 1538 
51 11 29 49 50 110 111 114 115 163 180 282 283 284 289 292 339 340 341 355 370 388 704 722 848 849 897 898 899 1021 1022 1023 1110 1171 1173 1241 1243 1248 1249 1376 1377 1378 1396 1447 1480 1481 1493 1494 1523 1531 1539 1546 
75 2 5 10 11 12 21 28 29 63 154 155 162 163 171 174 179 180 289 292 293 297 313 325 326 348 350 354 355 359 364 369 370 379 380 387 388 543 638 713 715 721 722 848 849 897 898 899 909 1021 1022 1023 1024 1127 1128 1164 1171 1172 1173 1239 1241 1242 1243 1383 1387 1395 1396 1397 1516 1518 1522 1523 1533 1534 1538 1539 
18 87 236 490 498 513 546 553 567 574 612 900 913 921 935 942 1273 1304 1419 
224 87 89 93 96 130 203 206 207 223 224 226 229 234 236 237 238 241 243 245 246 247 250 252 255 256 257 259 263 266 270 274 275 276 280 425 466 467 472 475 478 480 481 482 485 486 487 488 489 490 492 493 494 495 496 497 498 499 502 511 513 516 520 521 522 526 528 531 558 559 560 562 563 564 565 566 567 568 569 570 571 572 573 574 585 602 603 605 606 611 612 615 617 618 619 620 621 623 624 629 666 754 757 758 822 823 824 826 829 831 834 837 838 839 840 841 844 846 891 901 902 903 904 905 906 907 908 909 910 911 912 913 914 915 916 917 918 919 920 921 922 923 924 926 927 928 930 931 932 933 934 935 936 937 938 939 940 941 942 1046 1047 1052 1056 1059 1092 1094 1097 1261 1262 1264 1267 1271 1273 1275 1276 1278 1280 1281 1282 1283 1284 1287 1288 1291 1293 1294 1295 1297 1299 1302 1303 1304 1305 1306 1310 1311 1312 1313 1314 1318 1320 1322 1324 1325 1326 1328 1330 1331 1334 1337 1338 1339 1340 1341 1344 1346 1419 1422 1425 1426 1433 1436 1504 1507 1508 
200 122 127 130 131 196 197 202 203 206 207 223 224 225 226 227 229 230 231 232 234 235 236 237 238 240 241 243 245 246 247 250 252 253 254 255 256 257 258 259 260 263 264 266 269 270 274 275 276 280 413 425 426 428 429 435 454 458 466 467 468 469 472 475 476 477 478 499 500 501 502 503 506 507 511 512 513 515 516 520 521 522 526 527 528 529 530 531 585 586 587 588 666 667 669 822 823 824 825 826 827 829 831 833 834 837 838 839 840 841 844 846 866 875 891 892 925 926 927 928 929 930 931 932 933 934 935 936 937 938 939 940 941 942 977 1034 1037 1038 1046 1047 1048 1049 1052 1056 1057 1058 1059 1085 1087 1092 1094 1095 1096 1097 1261 1262 1263 1264 1265 1266 1267 1268 1269 1270 1271 1272 1273 1275 1276 1277 1278 1280 1281 1282 1283 1284 1286 1287 1288 1290 1291 1408 1409 1411 1412 1418 1419 1422 1425 1426 1431 1433 1434 1435 1436 1488 1498 1499 1504 1507 1508 
24 200 267 595 597 598 599 601 613 830 943 944 945 946 947 948 949 950 1093 1274 1276 1281 1291 1420 1502 
42 22 33 64 143 237 315 318 331 488 565 732 769 801 831 903 910 919 933 951 952 953 1066 1117 1120 1129 1135 1144 1146 1151 1156 1275 1305 1331 1359 1528 1529 1530 1532 1543 1544 1545 1547 
33 407 427 430 432 876 954 955 956 957 958 959 960 961 962 963 964 965 966 967 978 983 984 985 987 991 993 995 996 998 1001 1002 1003 1004 
15 968 969 970 971 972 973 974 975 976 977 978 979 980 981 982 
66 407 408 410 411 412 414 416 417 423 424 427 428 429 430 432 433 434 436 686 688 863 864 865 867 869 874 876 878 879 880 882 887 889 893 968 969 970 971 978 979 981 982 983 984 985 986 987 988 989 990 991 992 993 994 995 996 997 998 999 1000 1001 1002 1003 1004 1005 1006 
105 22 25 30 41 59 65 100 102 142 144 155 156 159 164 238 318 321 350 351 356 442 443 486 489 540 544 564 566 597 598 733 770 802 855 856 857 859 860 861 907 911 932 934 943 944 945 947 948 949 958 959 1007 1008 1009 1010 1011 1012 1013 1014 1016 1017 1067 1120 1123 1130 1146 1148 1152 1175 1176 1177 1178 1180 1181 1182 1200 1201 1202 1203 1204 1209 1210 1211 1218 1219 1223 1276 1306 1360 1387 1388 1391 1400 1439 1440 1443 1456 1457 1458 1460 1461 1462 1549 1552 1555 
60 97 98 100 101 102 105 107 201 238 239 268 439 442 443 449 514 733 734 765 770 771 781 786 788 802 803 814 820 832 992 1011 1012 1013 1014 1015 1016 1017 1018 1298 1306 1307 1316 1322 1332 1353 1360 1361 1369 1374 1421 1503 1548 1549 1550 1552 1553 1554 1555 1557 1559 
17 50 109 133 135 136 304 405 789 899 1009 1020 1101 1237 1454 1478 1481 1494 
16 109 113 117 286 304 343 405 859 947 1009 1020 1027 1101 1180 1209 1460 
35 13 113 117 172 282 286 289 290 298 327 339 343 362 371 398 545 696 705 714 912 1019 1020 1104 1131 1153 1165 1170 1192 1216 1226 1240 1398 1517 1527 1542 
32 31 66 155 165 174 187 217 364 373 380 389 400 490 546 567 639 699 707 715 772 852 853 900 913 935 960 1068 1257 1466 1473 1474 1476 
161 2 5 7 8 9 10 11 12 14 18 21 23 24 26 27 28 29 36 38 53 57 63 67 80 140 145 154 155 157 158 160 161 162 163 202 240 269 297 299 302 313 317 319 320 322 324 325 326 336 348 350 352 353 354 355 356 359 364 365 367 368 369 370 372 373 379 380 382 383 385 386 387 388 390 399 400 402 484 491 515 536 537 538 543 556 561 562 614 631 634 638 640 651 735 762 765 773 804 833 929 930 956 961 993 1021 1022 1023 1024 1025 1026 1027 1028 1029 1069 1119 1121 1122 1124 1126 1127 1128 1140 1164 1166 1169 1239 1241 1242 1243 1244 1253 1254 1266 1277 1295 1298 1308 1333 1349 1353 1362 1383 1386 1387 1389 1390 1392 1394 1395 1396 1397 1400 1406 1533 1534 1535 1536 1537 1538 1539 1540 
61 591 592 593 652 654 655 656 657 658 659 660 661 664 665 666 667 669 670 671 672 673 674 675 678 679 682 685 687 689 690 1030 1031 1032 1033 1034 1035 1036 1037 1038 1039 1040 1041 1042 1043 1044 1045 1046 1047 1048 1049 1050 1051 1052 1053 1054 1055 1056 1057 1058 1059 1060 
108 119 121 124 126 128 407 408 410 412 416 417 423 424 432 433 652 653 662 668 688 748 750 752 753 755 863 865 869 874 878 882 887 893 968 979 983 984 987 988 989 990 991 993 994 996 997 998 1000 1001 1002 1003 1004 1005 1061 1062 1063 1064 1065 1066 1067 1068 1069 1070 1071 1072 1073 1074 1075 1076 1077 1078 1079 1080 1081 1082 1083 1084 1086 1087 1088 1089 1090 1091 1094 1098 1099 1407 1409 1410 1412 1413 1414 1416 1417 1418 1422 1423 1424 1425 1427 1428 1429 1431 1432 1434 1482 1484 1489 
43 652 653 654 655 659 662 663 664 665 666 667 668 669 671 672 673 674 675 683 685 688 689 690 691 692 1082 1083 1084 1085 1086 1087 1088 1089 1090 1091 1092 1093 1094 1095 1096 1097 1098 1099 
15 328 349 547 859 914 947 1100 1101 1132 1154 1199 1209 1216 1399 1460 
190 171 172 173 174 175 176 180 183 184 185 188 190 191 192 193 203 229 241 243 247 250 263 270 276 440 441 444 445 446 447 448 449 467 485 492 493 495 496 498 516 522 533 534 535 538 539 545 548 549 551 552 553 555 562 563 568 569 571 572 574 606 615 617 621 623 630 635 641 642 643 645 647 650 713 714 715 716 717 722 725 726 730 738 739 742 745 766 776 777 780 783 786 796 805 808 809 812 816 826 834 837 841 844 902 903 904 906 912 915 916 918 919 920 921 923 930 931 936 937 939 940 941 942 994 1047 1064 1072 1073 1076 1078 1081 1094 1102 1103 1104 1105 1106 1107 1108 1109 1110 1111 1112 1113 1143 1144 1145 1146 1147 1153 1155 1156 1157 1158 1160 1267 1278 1280 1281 1284 1287 1299 1310 1311 1314 1318 1328 1334 1337 1341 1344 1354 1364 1365 1368 1371 1422 1464 1467 1469 1470 1471 1472 1504 1549 1551 1556 1557 1558 1559 
34 14 181 299 304 308 356 372 390 399 405 706 723 854 859 860 947 948 1009 1016 1027 1166 1174 1180 1181 1209 1210 1223 1234 1244 1400 1460 1461 1475 1540 
228 137 138 139 140 141 142 143 144 145 146 147 148 151 197 202 206 223 224 226 229 230 231 237 238 240 243 245 246 254 255 256 257 259 263 264 269 274 428 458 468 476 478 499 502 506 507 515 520 529 531 587 602 603 605 606 607 608 614 617 618 619 628 629 758 760 761 762 764 765 766 768 769 770 773 776 777 778 779 781 786 788 791 792 794 796 797 798 801 802 804 808 809 810 811 814 820 822 823 824 826 827 831 833 837 838 839 925 926 927 928 929 930 931 932 933 934 936 937 938 941 942 986 987 993 998 1005 1006 1037 1038 1048 1057 1059 1087 1095 1114 1115 1116 1117 1118 1119 1120 1121 1122 1123 1124 1125 1126 1127 1128 1129 1130 1131 1132 1133 1134 1135 1136 1137 1138 1139 1140 1261 1262 1264 1266 1267 1268 1269 1275 1276 1277 1280 1281 1282 1283 1286 1291 1293 1294 1295 1297 1298 1299 1300 1302 1305 1306 1308 1310 1311 1312 1313 1316 1322 1324 1325 1326 1328 1329 1331 1333 1337 1338 1339 1347 1348 1349 1351 1353 1354 1355 1357 1359 1360 1362 1364 1365 1366 1367 1369 1374 1411 1412 1425 1434 1436 1499 1507 
222 83 89 94 96 203 206 207 223 224 226 229 230 237 238 241 243 245 246 247 250 254 255 256 257 259 263 270 274 275 276 429 467 469 472 476 478 499 502 506 516 520 521 522 529 531 557 558 559 560 562 563 564 565 566 568 569 570 571 572 574 588 602 603 605 606 607 615 617 618 619 620 621 623 628 629 669 754 758 760 761 764 766 768 769 770 776 777 778 779 780 783 786 788 791 792 794 796 797 801 802 805 808 809 810 811 812 816 820 822 823 824 826 831 834 837 838 839 840 841 844 925 926 927 928 930 931 932 933 934 936 937 938 939 940 941 942 986 994 998 999 1005 1006 1037 1047 1049 1052 1057 1059 1094 1096 1097 1141 1142 1143 1144 1145 1146 1147 1148 1149 1150 1151 1152 1153 1154 1155 1156 1157 1158 1159 1160 1261 1262 1264 1267 1268 1275 1276 1278 1280 1281 1282 1283 1284 1287 1291 1293 1294 1297 1299 1300 1302 1305 1306 1310 1311 1312 1313 1314 1318 1322 1324 1325 1326 1328 1331 1334 1337 1338 1339 1340 1341 1344 1411 1422 1425 1426 1434 1436 1504 1507 1508 
18 134 170 287 305 338 344 406 438 790 1010 1187 1229 1238 1247 1451 1455 1476 1479 
69 82 86 88 90 226 227 229 235 240 242 243 249 252 259 260 263 269 271 278 280 430 470 502 503 512 515 517 518 524 526 589 954 955 956 957 958 960 961 962 963 965 966 967 984 991 993 995 996 1001 1002 1050 1161 1162 1163 1164 1165 1166 1167 1168 1169 1252 1253 1254 1255 1256 1257 1258 1259 1260 
195 0 2 3 4 5 7 8 9 10 11 12 13 14 15 16 17 18 19 21 23 24 26 27 28 29 33 34 36 38 42 43 51 53 55 57 58 63 72 75 79 80 88 152 154 155 157 158 160 161 162 163 166 167 204 226 229 242 252 259 263 271 280 358 359 360 362 363 364 365 367 368 369 370 371 372 373 374 375 376 377 379 380 382 383 385 386 387 388 390 392 393 395 397 398 399 400 401 402 403 482 484 485 497 502 518 526 560 561 562 563 573 630 631 633 634 635 638 644 646 650 651 712 713 714 715 717 719 720 721 722 723 725 726 728 730 736 747 762 764 765 766 774 781 785 794 796 806 814 818 824 826 835 846 954 956 957 962 966 996 1002 1062 1064 1070 1080 1161 1163 1164 1165 1166 1167 1168 1169 1170 1171 1172 1173 1174 1252 1253 1254 1255 1259 1326 1328 1335 1346 1349 1351 1353 1354 1363 1369 1372 1423 1505 
26 303 305 309 373 400 707 852 861 949 1007 1010 1017 1021 1028 1111 1182 1193 1211 1235 1245 1247 1452 1455 1462 1473 1476 
67 38 41 43 47 57 59 65 72 78 97 98 100 101 102 105 205 272 595 596 597 598 616 733 737 765 770 775 781 788 802 807 814 820 836 997 1067 1071 1175 1176 1177 1178 1179 1180 1181 1182 1183 1266 1276 1279 1286 1291 1298 1306 1309 1316 1322 1336 1424 1437 1439 1440 1441 1443 1444 1445 1448 1506 
91 33 34 68 146 166 167 173 183 184 191 192 218 243 289 291 295 300 315 331 332 361 374 375 392 393 396 401 402 444 448 492 534 548 552 568 617 641 695 698 703 709 710 711 725 726 738 776 808 837 903 915 919 920 936 941 963 1072 1103 1105 1109 1112 1113 1117 1135 1136 1144 1156 1157 1162 1167 1184 1185 1186 1187 1188 1191 1194 1195 1258 1280 1310 1337 1364 1470 1471 1528 1532 1543 1547 1557 1558 
27 214 215 218 219 220 221 222 229 243 244 247 250 263 273 276 471 519 522 1051 1188 1189 1190 1191 1192 1193 1194 1195 
71 5 6 22 32 69 103 147 155 156 174 175 188 219 318 329 346 347 380 381 445 493 549 569 599 642 699 700 715 716 739 777 809 916 937 943 944 964 1073 1106 1107 1120 1133 1146 1155 1190 1196 1197 1198 1218 1219 1226 1228 1230 1231 1232 1245 1246 1281 1311 1365 1387 1388 1401 1439 1440 1467 1513 1514 1515 1549 1556 
154 39 41 47 59 61 65 76 78 142 144 151 206 238 245 274 311 318 321 322 323 324 325 328 331 333 334 486 489 498 520 532 540 542 544 547 553 554 564 566 574 595 597 598 601 618 733 740 768 770 778 786 788 802 810 820 838 901 907 908 911 914 919 921 922 932 934 942 958 959 967 998 1067 1074 1081 1114 1120 1123 1124 1125 1126 1127 1130 1132 1135 1137 1138 1141 1146 1148 1149 1150 1152 1154 1156 1158 1159 1199 1200 1201 1202 1203 1204 1205 1206 1207 1208 1209 1210 1211 1212 1215 1216 1218 1219 1220 1221 1222 1223 1224 1276 1282 1291 1302 1306 1312 1322 1338 1357 1360 1366 1374 1381 1387 1388 1391 1392 1393 1394 1395 1399 1400 1402 1404 1425 1437 1439 1440 1443 1444 1445 1446 1448 1450 1507 
38 33 34 70 148 246 315 331 332 494 570 619 741 779 811 839 903 917 919 920 938 941 1075 1117 1135 1136 1144 1156 1157 1213 1214 1283 1313 1339 1367 1528 1532 1543 1547 
134 89 206 207 238 245 247 250 274 275 276 472 486 489 493 495 496 498 520 521 522 532 534 535 540 542 544 545 547 549 551 552 553 554 564 566 569 571 572 574 618 620 621 623 754 768 770 777 778 780 783 786 788 802 809 810 812 816 820 838 840 841 844 901 903 904 907 908 911 912 914 916 918 919 920 921 922 932 934 937 939 940 941 942 998 999 1052 1097 1141 1144 1145 1146 1148 1149 1150 1152 1153 1154 1155 1156 1157 1158 1159 1215 1216 1217 1218 1219 1220 1221 1222 1223 1224 1225 1276 1281 1282 1284 1287 1291 1302 1306 1311 1312 1314 1318 1322 1338 1340 1341 1344 1425 1426 1507 1508 
115 69 71 172 173 174 175 183 184 188 191 192 219 220 247 276 380 381 392 393 445 446 448 493 495 522 534 535 545 549 552 569 571 621 642 643 695 696 697 698 699 700 703 705 709 710 711 714 715 716 725 726 739 742 777 780 809 812 841 903 904 912 916 919 920 937 939 941 1073 1076 1103 1104 1105 1106 1107 1109 1112 1113 1144 1145 1146 1153 1155 1156 1157 1188 1189 1190 1191 1192 1194 1195 1216 1217 1218 1219 1224 1225 1226 1227 1228 1229 1281 1284 1311 1314 1341 1365 1368 1467 1470 1471 1549 1556 1557 1558 
12 169 170 182 189 391 437 438 550 708 711 724 1468 
61 45 59 69 73 76 100 103 104 107 208 248 250 277 442 445 447 449 523 597 599 600 601 622 623 739 743 745 777 783 786 809 813 816 842 844 1000 1053 1073 1078 1081 1098 1230 1231 1232 1233 1234 1235 1281 1285 1287 1311 1315 1318 1342 1344 1427 1439 1440 1443 1450 1509 
79 0 8 9 15 19 26 27 33 43 72 97 101 105 152 160 161 166 307 310 311 322 324 330 331 352 353 357 358 367 368 374 377 385 386 392 402 595 644 712 719 720 725 781 814 855 858 862 1011 1015 1018 1114 1124 1126 1134 1135 1175 1179 1183 1236 1237 1238 1286 1316 1369 1381 1392 1394 1402 1437 1444 1445 1448 1456 1459 1463 1548 1553 1554 1557 
190 0 2 3 4 5 7 8 9 10 11 12 13 14 15 16 17 18 19 21 23 24 26 27 28 29 33 34 36 38 43 44 47 51 53 55 57 63 67 72 75 78 79 80 90 139 140 145 149 150 152 154 155 157 158 160 161 162 163 166 167 202 209 226 240 249 252 259 269 278 280 377 379 380 382 383 385 386 387 388 390 392 393 502 515 524 526 630 631 633 634 638 640 644 646 649 650 651 728 735 744 747 762 764 765 773 781 782 785 788 794 804 814 815 818 820 824 833 843 846 954 956 961 965 966 993 1001 1002 1062 1069 1077 1080 1161 1163 1164 1165 1166 1167 1168 1169 1239 1240 1241 1242 1243 1244 1252 1253 1254 1259 1295 1297 1298 1308 1316 1317 1320 1322 1326 1333 1343 1346 1349 1351 1353 1362 1369 1370 1372 1374 1381 1383 1384 1385 1386 1387 1389 1390 1392 1394 1395 1396 1397 1398 1400 1402 1403 1405 1406 1428 1510 
95 45 69 73 76 103 104 107 173 174 175 188 190 193 219 221 222 250 445 447 449 493 496 498 534 549 551 553 569 572 574 599 600 601 623 642 645 647 715 716 739 745 777 783 786 809 816 844 903 916 918 921 937 940 942 1073 1078 1081 1103 1105 1106 1107 1111 1144 1146 1155 1158 1188 1190 1193 1217 1218 1219 1230 1231 1232 1235 1245 1246 1247 1281 1287 1311 1318 1344 1365 1371 1439 1440 1450 1467 1469 1472 1549 1556 1559 
28 51 74 79 99 105 106 251 279 440 448 525 746 784 817 845 1079 1248 1249 1250 1251 1319 1345 1438 1439 1442 1447 1448 1449 
60 82 86 88 90 91 226 227 229 235 240 242 243 249 252 253 259 260 261 263 269 271 278 280 430 431 456 459 460 470 502 503 504 508 509 512 515 517 518 524 526 527 579 580 589 670 877 980 1035 1039 1040 1050 1252 1253 1254 1255 1256 1257 1258 1259 1260 
197 122 125 127 130 131 196 197 199 200 202 203 205 206 207 208 211 256 257 258 259 260 263 264 265 266 267 269 270 272 274 275 276 277 280 281 413 416 420 422 425 426 428 429 435 454 457 458 462 463 464 466 467 468 469 472 475 476 477 478 578 582 585 586 587 588 659 666 667 669 671 689 822 823 824 825 826 827 828 829 830 831 833 834 836 837 838 839 840 841 842 844 846 847 866 873 875 885 891 892 894 977 1034 1036 1037 1038 1042 1043 1044 1046 1047 1048 1049 1052 1053 1055 1056 1057 1058 1059 1085 1086 1087 1090 1092 1093 1094 1095 1096 1097 1098 1261 1262 1263 1264 1265 1266 1267 1268 1269 1270 1271 1272 1273 1274 1275 1276 1277 1278 1279 1280 1281 1282 1283 1284 1285 1286 1287 1288 1289 1290 1291 1292 1408 1409 1410 1411 1412 1415 1416 1418 1419 1420 1422 1424 1425 1426 1427 1430 1431 1432 1433 1434 1435 1436 1483 1488 1490 1498 1499 1501 1502 1504 1506 1507 1508 1509 1512 
193 120 123 129 130 197 199 201 202 203 205 206 207 208 209 210 411 414 416 425 428 429 432 434 452 455 457 458 464 466 467 468 469 472 473 474 475 476 478 578 585 587 588 590 654 655 666 669 672 674 690 749 751 754 756 757 758 822 823 824 826 827 828 829 831 832 833 834 836 837 838 839 840 841 842 843 844 845 846 864 867 879 891 895 969 971 981 1032 1036 1037 1038 1044 1046 1047 1048 1049 1052 1053 1054 1055 1056 1057 1059 1086 1087 1090 1092 1094 1095 1096 1097 1098 1099 1293 1294 1295 1296 1297 1298 1299 1300 1301 1302 1303 1304 1305 1306 1307 1308 1309 1310 1311 1312 1313 1314 1315 1316 1317 1318 1319 1320 1321 1322 1323 1324 1325 1326 1328 1329 1330 1331 1332 1333 1334 1336 1337 1338 1339 1340 1341 1342 1343 1344 1345 1346 1410 1411 1412 1416 1419 1421 1422 1424 1425 1426 1427 1428 1429 1431 1432 1433 1434 1436 1491 1499 1501 1503 1504 1506 1507 1508 1509 1510 1511 
78 450 451 452 453 455 457 458 459 464 466 467 468 469 472 473 474 475 476 478 479 575 576 577 578 579 585 587 588 590 594 652 654 655 664 666 669 672 674 675 690 691 1082 1083 1084 1086 1087 1088 1090 1092 1094 1095 1096 1097 1098 1099 1324 1325 1326 1327 1328 1329 1330 1331 1332 1333 1334 1335 1336 1337 1338 1339 1340 1341 1342 1343 1344 1345 1346 
166 119 121 123 132 194 195 197 198 199 201 202 203 204 206 209 210 407 408 412 414 416 428 432 436 450 451 453 455 457 458 459 464 467 468 473 476 478 479 575 576 577 578 579 587 590 652 655 673 675 748 750 751 758 759 822 823 824 825 826 827 828 831 832 833 834 835 837 838 839 841 843 844 846 863 865 867 880 896 968 971 982 1030 1031 1033 1036 1037 1038 1039 1044 1047 1048 1054 1055 1057 1059 1060 1082 1083 1084 1086 1087 1088 1090 1094 1095 1099 1347 1348 1349 1350 1351 1352 1353 1354 1355 1356 1357 1358 1359 1360 1361 1362 1363 1364 1365 1366 1367 1368 1369 1370 1371 1372 1373 1374 1375 1407 1409 1410 1411 1412 1413 1416 1418 1421 1422 1423 1425 1428 1429 1431 1432 1434 1436 1492 1495 1496 1497 1499 1500 1501 1503 1504 1505 1507 1510 1511 
138 2 3 5 7 8 9 10 11 17 18 21 24 26 27 28 29 36 51 53 75 79 80 150 154 155 158 160 161 162 163 252 280 294 301 302 359 360 364 365 367 368 369 370 376 379 380 383 385 386 387 388 395 402 403 497 526 533 536 538 555 556 562 573 624 630 631 646 650 651 713 715 717 719 720 721 722 747 762 785 818 846 902 905 906 923 924 930 966 1002 1080 1161 1168 1169 1171 1172 1173 1239 1241 1242 1243 1254 1259 1288 1295 1320 1346 1349 1372 1376 1377 1378 1379 1380 1383 1384 1386 1387 1390 1392 1394 1395 1396 1405 1406 1516 1518 1519 1520 1521 1522 1523 1533 1534 1535 1536 1537 1538 1539 
185 36 38 39 41 43 44 47 48 51 53 55 57 59 61 63 65 67 69 72 75 76 78 79 80 84 90 92 139 140 142 144 145 147 149 150 151 197 202 206 209 210 259 264 269 274 278 280 432 458 473 590 728 731 733 735 739 740 744 747 762 764 765 768 770 773 777 778 781 782 785 786 788 794 798 802 804 809 810 814 815 818 820 821 824 827 833 838 843 846 954 956 958 959 961 964 965 966 967 987 993 998 1001 1002 1004 1038 1054 1055 1062 1065 1067 1069 1073 1074 1077 1080 1081 1087 1099 1295 1297 1298 1302 1306 1308 1311 1312 1316 1317 1320 1322 1323 1326 1329 1333 1338 1343 1346 1349 1351 1353 1357 1360 1362 1365 1366 1369 1370 1372 1374 1375 1381 1382 1383 1384 1385 1386 1387 1388 1389 1390 1391 1392 1393 1394 1395 1396 1397 1398 1399 1400 1401 1402 1403 1404 1405 1406 1412 1425 1428 1429 1432 1499 1507 1510 1511 
123 407 408 410 411 412 413 414 416 417 420 422 423 424 425 426 428 429 432 433 434 435 436 652 653 654 655 659 662 663 664 666 667 668 669 671 672 673 674 675 683 688 689 690 692 863 864 865 866 867 869 873 874 875 878 879 880 882 885 887 888 889 891 892 893 894 895 896 968 969 971 976 977 979 981 982 1082 1083 1084 1085 1086 1087 1088 1089 1090 1091 1092 1093 1094 1095 1096 1097 1098 1099 1407 1408 1409 1410 1411 1412 1413 1414 1415 1416 1417 1418 1419 1420 1421 1422 1423 1424 1425 1426 1427 1428 1429 1430 1431 1432 1433 1434 1435 1436 
60 38 39 41 43 45 47 51 57 59 61 65 69 72 73 74 76 78 79 128 433 733 737 739 740 743 745 746 755 878 997 998 1000 1067 1071 1073 1074 1078 1079 1081 1098 1424 1425 1427 1437 1438 1439 1440 1441 1442 1443 1444 1445 1446 1447 1448 1449 1450 1506 1507 1509 
49 15 33 105 112 116 166 183 191 285 287 307 331 342 344 357 374 392 703 709 725 858 919 946 953 1015 1109 1112 1135 1156 1179 1186 1187 1191 1205 1213 1224 1229 1238 1250 1402 1448 1451 1459 1470 1479 1524 1532 1547 1557 
79 15 16 33 34 105 106 112 116 118 166 167 183 184 191 192 282 285 287 288 289 300 331 332 339 342 344 345 374 375 392 393 401 402 448 552 703 709 710 711 725 726 919 920 941 1109 1112 1113 1135 1136 1156 1157 1167 1184 1186 1187 1191 1194 1195 1213 1214 1224 1225 1226 1229 1250 1251 1402 1403 1448 1449 1451 1470 1471 1524 1525 1532 1547 1557 1558 
66 35 76 107 151 155 168 174 193 222 333 364 373 380 394 400 449 498 553 574 601 647 715 786 852 853 900 921 942 943 944 949 967 1011 1012 1017 1081 1106 1111 1137 1158 1193 1200 1201 1202 1211 1218 1230 1231 1235 1245 1246 1247 1260 1387 1404 1439 1450 1452 1453 1454 1455 1456 1457 1462 1472 1559 
22 211 281 595 597 598 601 625 847 1276 1286 1289 1291 1430 1456 1457 1458 1459 1460 1461 1462 1463 1512 
41 118 169 170 282 287 288 289 310 337 338 339 344 345 402 437 438 711 851 862 950 1018 1021 1029 1113 1183 1184 1187 1195 1212 1214 1226 1229 1236 1238 1251 1376 1380 1451 1463 1477 1479 
90 129 199 203 259 263 265 270 276 434 464 467 474 604 605 606 609 610 615 617 621 623 626 674 756 763 764 766 767 772 776 777 780 783 786 787 793 794 796 799 805 808 809 812 816 819 824 826 828 834 837 841 844 879 981 989 994 1003 1044 1047 1090 1094 1296 1297 1299 1301 1310 1311 1314 1318 1321 1326 1328 1334 1337 1341 1344 1416 1422 1431 1464 1465 1466 1467 1468 1469 1470 1471 1472 1501 1504 
67 25 31 46 59 66 77 91 155 159 165 174 181 186 187 216 217 253 299 364 366 372 373 380 384 389 390 399 400 486 490 527 540 546 564 567 626 636 639 648 699 701 706 707 715 718 723 772 787 819 932 935 958 960 1003 1068 1256 1257 1290 1321 1373 1431 1465 1466 1473 1474 1475 1476 
91 0 8 9 15 19 26 27 33 47 78 97 101 105 152 160 161 166 307 310 311 322 324 331 334 352 353 357 377 385 386 392 532 554 595 649 788 820 855 858 862 901 919 922 943 946 950 1011 1015 1018 1114 1124 1126 1135 1138 1141 1150 1156 1159 1175 1179 1183 1200 1205 1206 1207 1212 1215 1220 1221 1224 1291 1322 1374 1381 1392 1394 1402 1437 1444 1445 1448 1456 1459 1463 1477 1478 1479 1548 1553 1554 1557 
85 2 5 11 17 21 29 79 110 111 114 115 154 155 163 171 174 180 282 283 284 289 292 293 301 313 335 339 340 341 359 364 370 376 379 380 388 403 555 650 694 699 704 713 715 722 923 1102 1106 1110 1139 1160 1168 1171 1172 1173 1239 1241 1242 1243 1248 1249 1376 1377 1378 1383 1387 1396 1405 1438 1439 1447 1480 1481 1516 1518 1523 1526 1529 1531 1533 1534 1539 1541 1544 1546 
17 676 683 684 688 689 690 1482 1483 1484 1485 1486 1487 1488 1489 1490 1491 1492 
77 2 5 10 11 18 21 28 29 80 154 155 162 163 171 174 179 180 289 292 293 302 313 325 336 348 350 354 355 359 364 369 370 379 380 387 388 556 651 713 715 721 722 848 849 924 1021 1022 1023 1024 1127 1140 1169 1171 1172 1173 1239 1241 1242 1243 1376 1377 1378 1383 1387 1395 1396 1406 1493 1494 1516 1518 1522 1523 1533 1534 1538 1539 
65 407 408 409 411 412 413 414 416 420 422 425 426 428 429 432 433 434 435 436 689 690 693 863 864 865 866 867 873 875 878 879 880 881 885 889 890 891 892 894 895 896 968 969 971 977 981 982 1495 1496 1497 1498 1499 1500 1501 1502 1503 1504 1505 1506 1507 1508 1509 1510 1511 1512 
43 1 5 6 20 22 32 48 69 92 147 153 155 156 312 318 329 378 380 381 627 642 739 777 809 821 964 1004 1055 1073 1281 1292 1311 1323 1365 1375 1382 1387 1388 1401 1432 1513 1514 1515 
81 93 130 224 226 234 252 257 259 266 280 475 481 482 487 497 499 502 511 526 528 533 535 536 538 543 545 552 555 556 559 560 562 573 603 605 611 624 757 823 824 829 846 902 904 905 906 909 912 919 920 923 924 927 928 930 941 1056 1262 1264 1271 1288 1294 1295 1297 1303 1320 1325 1326 1330 1346 1433 1516 1517 1518 1519 1520 1521 1522 1523 1524 1525 
132 21 22 24 29 33 34 51 52 58 64 68 70 79 94 137 141 143 146 148 223 229 237 243 246 254 256 263 313 314 315 316 318 320 327 331 332 335 476 529 558 562 563 565 568 570 602 606 617 619 628 727 730 732 738 741 760 766 769 776 779 791 796 801 808 811 822 826 831 837 839 926 930 931 933 936 938 941 1005 1057 1061 1064 1066 1072 1075 1116 1117 1118 1120 1122 1129 1131 1135 1136 1139 1143 1144 1145 1146 1147 1151 1153 1156 1157 1160 1261 1267 1275 1280 1283 1293 1299 1305 1310 1313 1324 1328 1331 1337 1339 1347 1354 1359 1364 1367 1434 1526 1527 1528 1529 1530 1531 1532 
51 95 131 202 234 240 252 266 269 280 435 477 484 487 491 497 511 515 526 530 533 536 537 538 543 555 556 561 562 573 611 614 624 829 833 846 929 930 1058 1266 1271 1277 1288 1435 1533 1534 1535 1536 1537 1538 1539 1540 
146 96 137 138 139 141 143 146 148 223 224 226 229 237 243 246 255 256 257 259 263 478 480 481 482 485 488 492 494 499 502 531 558 559 560 562 563 565 568 570 602 603 605 606 617 619 629 758 760 761 764 766 769 776 779 791 792 794 796 801 808 811 822 823 824 826 831 837 839 902 903 904 906 910 912 915 917 919 920 923 926 927 928 930 931 933 936 938 941 1006 1059 1116 1117 1118 1120 1122 1129 1131 1135 1136 1139 1143 1144 1145 1146 1147 1151 1153 1156 1157 1160 1261 1262 1264 1267 1275 1280 1283 1293 1294 1297 1299 1305 1310 1313 1324 1325 1326 1328 1331 1337 1339 1347 1348 1351 1354 1359 1364 1367 1436 1541 1542 1543 1544 1545 1546 1547 
85 132 201 203 263 268 270 276 436 467 479 675 730 733 734 738 739 742 745 759 765 766 770 771 776 777 780 781 783 786 788 796 802 803 805 808 809 812 814 816 820 826 832 834 837 841 844 880 982 992 994 1047 1060 1094 1328 1332 1334 1337 1341 1344 1353 1354 1360 1361 1364 1365 1368 1369 1371 1374 1421 1422 1503 1504 1548 1549 1550 1551 1552 1553 1554 1555 1556 1557 1558 1559 
