184:2411
79 0 75 76 79 111 112 113 116 207 208 212 218 250 371 376 512 513 514 529 541 554 621 622 623 624 626 627 631 649 672 673 684 733 898 987 1177 1243 1249 1281 1323 1327 1328 1421 1422 1423 1426 1428 1429 1550 1552 1602 1621 1640 1668 1720 1840 1841 1845 1978 1992 2001 2002 2005 2015 2016 2020 2021 2022 2076 2078 2212 2213 2215 2216 2228 2239 2328 2329 2378 
67 0 295 529 536 537 539 540 566 598 684 689 690 691 692 694 866 1037 1178 1281 1285 1286 1287 1288 1289 1292 1602 1603 1613 1614 1617 1618 1620 1621 1622 1632 1633 1636 1637 1639 1640 1645 1646 1647 1648 1649 1650 1731 1765 1789 1978 1986 1987 1988 1989 1991 2088 2135 2228 2233 2234 2235 2236 2237 2255 2275 2293 2328 
95 0 143 295 303 311 443 529 533 536 537 539 540 566 567 580 594 598 607 619 684 688 689 690 691 692 693 694 807 866 867 1037 1045 1053 1055 1100 1144 1190 1292 1293 1319 1533 1602 1603 1609 1610 1613 1614 1617 1618 1619 1620 1621 1622 1629 1632 1633 1636 1637 1638 1639 1652 1691 1731 1732 1745 1760 1765 1787 1789 1790 1802 1816 1943 1978 1982 1983 1986 1987 1988 1989 1990 1991 2088 2097 2107 2118 2135 2145 2153 2255 2264 2272 2275 2283 2291 
12 1 2 542 625 1291 1548 1549 1551 1839 1993 2077 2327 
13 233 335 568 635 700 808 868 922 1008 1563 1653 1692 1733 
13 75 112 208 551 626 673 730 1422 1552 1825 1840 2078 2212 
96 80 112 113 115 116 208 209 211 212 219 251 259 336 372 373 377 395 400 515 530 543 548 551 552 553 555 562 623 626 627 630 631 634 673 674 677 680 685 691 695 699 701 730 731 732 734 898 988 1250 1282 1285 1325 1326 1327 1329 1428 1430 1433 1552 1553 1556 1559 1604 1617 1623 1636 1641 1645 1648 1669 1687 1832 1836 1994 1998 2002 2003 2006 2012 2021 2023 2078 2079 2081 2084 2217 2219 2229 2233 2240 2294 2330 2337 2341 2379 2388 
33 0 76 113 206 512 552 621 623 627 731 898 1177 1323 1325 1327 1420 1423 1428 1529 1821 1826 1828 1841 1848 1849 2002 2016 2020 2021 2213 2224 2274 2328 
54 1 2 87 114 210 223 234 254 304 337 348 386 387 410 520 542 558 569 625 629 636 702 715 809 869 923 995 1009 1046 1056 1093 1294 1432 1534 1564 1654 1678 1679 1693 1734 1791 2009 2024 2077 2080 2119 2146 2218 2265 2284 2303 2333 2348 2384 
43 75 78 81 252 378 401 542 544 556 625 626 628 630 650 673 675 677 686 703 989 1548 1549 1551 1552 1554 1556 1605 1624 1670 1721 1839 1840 1842 1844 1993 1995 2007 2219 2295 2327 2331 2342 2380 
86 3 4 5 6 7 8 9 10 11 12 13 14 15 16 17 18 19 20 21 28 29 30 31 39 322 323 324 325 482 485 487 490 491 492 493 497 502 504 508 661 662 663 664 666 752 755 756 758 759 760 761 765 770 772 777 790 791 794 795 1376 1513 1873 1879 1880 1881 1885 1886 1948 1951 1953 1957 1958 1959 1963 1968 1970 1974 2050 2051 2052 2055 2155 2187 2188 2189 2193 
38 22 23 24 25 26 27 28 29 30 31 32 33 34 35 36 37 38 39 46 49 50 51 55 61 63 66 67 70 72 73 2155 2160 2162 2164 2167 2169 2171 2172 
36 39 40 41 42 43 44 45 46 47 48 49 50 51 52 53 54 55 56 57 58 59 60 61 62 63 64 65 66 67 68 69 70 71 72 73 74 
110 75 76 77 78 79 144 179 250 252 253 255 256 257 258 259 260 261 262 477 554 556 557 559 560 561 562 563 564 565 578 584 592 594 597 599 606 610 617 619 649 650 651 653 654 655 656 657 658 659 748 841 1145 1191 1263 1295 1304 1308 1317 1319 1321 1397 1538 1541 1547 1574 1720 1721 1722 1724 1725 1726 1727 1728 1729 1730 1743 1749 1758 1760 1763 1766 1774 1777 1785 1787 1792 1801 1805 1814 1816 1819 1944 2096 2100 2105 2107 2123 2126 2133 2329 2331 2332 2334 2335 2336 2337 2338 2339 2340 2392 
89 80 81 82 83 84 85 86 87 88 89 90 91 92 93 95 100 102 110 359 479 489 497 508 750 757 765 777 808 809 810 813 814 815 817 819 822 823 825 827 836 838 843 845 846 848 850 851 852 854 857 864 868 869 870 872 873 874 876 878 881 882 884 885 892 893 895 899 1008 1009 1010 1013 1015 1017 1018 1023 1024 1223 1377 1865 1946 1955 1963 1974 2037 2174 2394 2398 2400 2410 
20 94 95 96 97 98 99 100 101 102 103 104 105 106 107 108 109 110 1377 1381 1395 
138 94 111 112 113 114 115 116 117 118 119 145 180 250 251 254 256 257 258 259 260 261 262 478 554 555 558 560 561 562 563 564 565 569 573 574 577 581 592 593 594 602 603 605 608 617 618 619 749 842 846 850 851 869 873 874 878 881 892 893 950 1088 1089 1091 1093 1094 1097 1098 1099 1101 1146 1192 1264 1294 1299 1300 1303 1306 1317 1318 1319 1336 1398 1534 1535 1537 1545 1575 1654 1656 1657 1662 1734 1738 1739 1742 1746 1758 1759 1760 1769 1770 1773 1775 1785 1786 1787 1791 1796 1797 1800 1803 1814 1815 1816 1945 2091 2092 2095 2098 2105 2106 2107 2119 2121 2122 2131 2378 2379 2381 2384 2385 2386 2387 2388 2389 2390 2391 2393 
166 40 120 121 122 123 124 125 126 127 128 129 130 131 132 133 134 135 136 137 138 139 140 141 142 146 148 150 151 154 157 158 160 161 164 166 167 168 169 170 171 173 175 176 182 184 185 189 194 196 198 200 202 205 313 315 317 323 324 325 329 334 782 784 786 791 794 795 800 806 900 975 981 1147 1149 1150 1151 1154 1157 1158 1160 1163 1165 1166 1167 1169 1170 1172 1173 1174 1194 1196 1197 1202 1205 1210 1212 1213 1215 1216 1218 1220 1221 1338 1342 1343 1345 1352 1353 1356 1357 1359 1364 1368 1371 1373 1378 1439 1443 1444 1446 1453 1454 1458 1459 1463 1469 1475 1479 1480 1482 1489 1490 1493 1494 1496 1502 1507 1509 1514 1866 1869 1871 1873 1880 1881 1885 1886 1891 1899 2038 2042 2044 2051 2052 2055 2061 2069 2156 2175 2178 2180 2188 2189 2193 2198 2206 
300 40 41 43 44 47 48 64 68 71 143 144 145 146 147 148 149 150 151 152 153 154 155 156 157 158 159 160 161 162 163 164 165 166 167 168 169 170 171 172 173 174 175 176 177 178 179 180 181 182 183 184 185 186 187 188 189 190 191 192 193 194 196 197 198 199 200 201 202 205 275 276 277 290 293 782 783 784 786 787 788 791 794 795 800 801 804 806 900 901 902 904 905 906 907 910 912 914 916 919 921 974 975 976 977 978 980 981 982 983 985 986 1129 1130 1131 1132 1135 1137 1138 1142 1143 1224 1225 1227 1228 1229 1232 1234 1235 1236 1238 1240 1242 1336 1337 1338 1340 1341 1342 1343 1344 1345 1346 1347 1348 1349 1350 1352 1353 1355 1356 1357 1358 1359 1361 1362 1363 1364 1365 1367 1368 1369 1370 1371 1373 1374 1375 1378 1380 1382 1384 1387 1389 1391 1439 1441 1442 1443 1444 1445 1446 1447 1448 1449 1450 1451 1453 1454 1457 1458 1459 1460 1461 1462 1463 1464 1466 1467 1469 1472 1473 1474 1475 1477 1478 1479 1480 1481 1482 1483 1484 1485 1486 1487 1489 1490 1492 1493 1494 1495 1496 1498 1499 1501 1502 1503 1505 1506 1507 1509 1511 1512 1514 1516 1517 1518 1523 1525 1866 1867 1868 1869 1871 1872 1873 1874 1875 1877 1878 1880 1881 1884 1885 1886 1887 1888 1890 1891 1892 1893 1895 1896 1899 1901 1903 1904 1905 1906 1916 1919 2156 2158 2159 2161 2168 2170 2175 2176 2177 2178 2180 2181 2182 2183 2185 2186 2188 2189 2192 2193 2194 2196 2198 2199 2200 2202 2203 2206 2207 2209 2211 
198 40 41 43 44 47 48 55 56 57 64 65 68 70 71 72 179 180 181 182 183 184 185 186 187 188 189 190 191 192 193 194 195 196 197 198 199 200 201 202 203 204 205 275 276 277 283 284 290 291 293 782 783 784 786 787 788 790 791 794 795 798 800 801 802 804 806 900 901 902 904 905 906 907 908 909 910 911 912 914 915 916 917 919 921 1224 1225 1227 1228 1229 1230 1231 1232 1233 1234 1235 1236 1237 1238 1239 1240 1242 1514 1516 1517 1518 1520 1521 1523 1524 1525 1526 1866 1867 1868 1869 1871 1872 1873 1874 1875 1877 1878 1879 1880 1881 1882 1883 1884 1885 1886 1887 1888 1889 1890 1891 1892 1893 1894 1895 1896 1897 1898 1899 1900 1901 1903 1904 1905 1906 1911 1912 1916 1917 1919 1920 2029 2156 2158 2159 2161 2164 2166 2168 2169 2170 2171 2175 2176 2177 2178 2180 2181 2182 2183 2185 2186 2187 2188 2189 2190 2191 2192 2193 2194 2196 2197 2198 2199 2200 2202 2203 2204 2205 2206 2207 2208 2209 2211 
75 86 128 146 206 208 210 212 213 214 235 347 409 428 546 547 548 570 580 607 637 673 676 678 679 680 688 689 690 691 714 721 810 870 924 1010 1057 1092 1102 1147 1183 1258 1259 1296 1331 1332 1333 1552 1555 1557 1558 1559 1565 1655 1694 1735 1745 1793 1802 2010 2011 2012 2078 2080 2082 2083 2084 2097 2120 2302 2347 2350 2383 2385 2386 2388 
175 80 82 83 84 85 86 87 88 89 90 91 92 93 95 146 147 157 160 181 207 208 209 210 211 212 213 214 215 216 217 479 601 602 603 605 607 608 609 612 617 618 619 750 809 810 813 814 815 819 822 823 825 836 843 845 846 850 851 852 854 869 870 872 873 874 878 881 882 884 892 893 951 1009 1010 1013 1015 1017 1018 1023 1087 1088 1089 1090 1091 1092 1093 1094 1095 1096 1097 1098 1099 1102 1103 1110 1111 1147 1148 1157 1193 1265 1294 1296 1298 1299 1300 1303 1306 1307 1310 1317 1318 1319 1337 1474 1576 1768 1769 1770 1773 1775 1776 1779 1785 1786 1787 1791 1793 1795 1796 1797 1800 1802 1803 1804 1807 1814 1815 1816 1946 2119 2120 2121 2122 2125 2127 2131 2341 2343 2344 2345 2346 2347 2348 2349 2350 2351 2352 2353 2354 2355 2378 2379 2381 2382 2383 2384 2385 2386 2387 2388 2389 2390 2391 2394 
121 22 120 122 125 126 127 128 129 131 136 138 139 141 148 151 164 168 169 170 185 196 198 218 219 220 221 222 223 224 225 226 227 228 229 230 231 232 296 297 300 301 302 303 304 305 306 308 309 310 311 313 361 367 420 422 425 426 427 428 429 431 436 438 439 441 444 452 480 482 487 502 504 782 954 964 965 966 1149 1151 1163 1166 1167 1169 1194 1197 1212 1213 1215 1338 1368 1439 1475 1579 1591 1592 1594 1854 1856 1857 1858 1860 1861 1862 1866 1926 1928 1930 1931 1932 1933 1937 1938 1939 1941 1948 1953 1968 1970 2038 2115 2175 
44 233 234 235 236 237 238 239 240 241 242 243 244 245 246 247 248 249 263 264 265 266 267 268 269 270 271 272 273 274 975 981 1339 1345 1356 1361 1371 1440 1446 1458 1476 1482 1493 1498 1507 
179 94 99 107 144 145 151 159 168 179 180 185 190 196 250 251 252 253 254 255 256 257 258 259 260 261 262 360 477 478 481 487 496 502 599 602 603 605 606 608 610 611 617 618 619 660 748 749 751 756 770 841 842 846 847 850 851 853 860 901 974 1129 1145 1146 1151 1159 1166 1191 1192 1197 1206 1212 1224 1263 1264 1267 1270 1275 1294 1295 1299 1300 1303 1304 1306 1308 1309 1313 1314 1317 1318 1319 1321 1336 1340 1441 1477 1534 1535 1537 1538 1541 1544 1545 1547 1574 1575 1579 1583 1591 1734 1738 1739 1742 1743 1746 1749 1750 1756 1758 1759 1760 1763 1766 1769 1770 1773 1774 1775 1777 1778 1782 1785 1786 1787 1791 1792 1796 1797 1800 1801 1803 1805 1806 1812 1814 1815 1816 1819 1867 1944 1945 1947 1953 1962 1968 2039 2091 2092 2095 2096 2098 2100 2105 2106 2107 2108 2119 2121 2122 2123 2126 2131 2133 2176 2392 2393 2397 2399 2405 
32 42 263 264 265 266 267 268 269 270 271 272 273 274 975 981 1339 1345 1356 1361 1371 1379 1440 1446 1458 1476 1482 1493 1498 1507 1515 2030 2157 
33 275 276 277 278 279 280 281 282 283 284 285 286 287 288 289 290 291 292 293 294 1920 1921 1922 1923 1924 1925 2029 2031 2032 2033 2034 2035 2036 
113 43 143 148 151 156 164 167 168 169 170 171 173 174 176 182 185 192 194 196 198 200 201 295 296 297 298 299 300 301 302 303 304 305 306 307 308 309 310 311 312 313 317 327 329 443 444 450 452 453 455 782 786 800 902 954 962 964 965 966 968 969 972 1190 1194 1197 1204 1208 1210 1212 1213 1215 1216 1218 1219 1225 1338 1343 1362 1364 1368 1370 1380 1439 1444 1461 1463 1475 1480 1499 1502 1516 1579 1591 1592 1594 1596 1597 1600 1866 1871 1888 1891 2038 2040 2044 2058 2061 2115 2158 2175 2180 2196 2198 
52 39 40 43 44 45 46 47 48 49 51 59 61 64 66 67 68 71 73 74 313 314 315 316 317 318 319 320 321 322 323 324 325 326 327 328 329 330 331 332 333 334 2155 2156 2158 2159 2160 2161 2167 2168 2170 2172 2173 
243 23 146 150 151 152 153 157 160 162 168 172 175 177 184 185 186 191 196 199 202 275 314 335 336 337 338 339 340 341 342 343 344 345 346 347 348 349 350 351 352 353 354 355 356 357 358 363 364 368 445 448 454 485 487 489 490 497 502 506 508 662 663 668 755 756 757 758 765 770 774 777 783 922 923 924 926 927 928 929 930 931 932 933 934 935 938 942 945 946 948 953 954 955 959 964 967 970 975 983 1026 1056 1057 1059 1060 1061 1062 1063 1064 1065 1068 1069 1071 1076 1082 1085 1102 1104 1105 1106 1107 1110 1111 1113 1118 1123 1127 1138 1147 1150 1151 1152 1153 1157 1161 1166 1171 1173 1175 1196 1197 1199 1201 1207 1212 1217 1220 1235 1341 1345 1348 1350 1361 1369 1371 1401 1402 1403 1408 1412 1415 1417 1442 1446 1450 1467 1478 1482 1485 1487 1498 1506 1507 1578 1579 1580 1586 1591 1595 1598 1692 1693 1694 1695 1696 1697 1698 1699 1700 1701 1703 1704 1706 1709 1713 1715 1718 1868 1873 1896 1904 1951 1953 1955 1957 1963 1968 1972 1974 2041 2066 2090 2091 2092 2093 2094 2095 2096 2097 2098 2099 2100 2101 2103 2105 2106 2107 2109 2113 2116 2177 2203 2311 2312 2313 2314 2315 2316 2317 2318 2319 2320 2324 2325 
12 359 360 361 362 363 364 365 366 367 368 369 370 
107 3 5 9 11 120 122 125 129 148 218 219 220 230 231 296 297 300 305 361 371 372 373 374 375 376 377 379 380 381 395 396 398 400 402 403 405 406 411 419 420 422 425 429 444 458 462 464 482 661 733 734 735 745 746 752 811 812 814 818 822 849 851 871 873 877 881 925 932 987 988 990 991 992 996 1004 1006 1011 1058 1149 1194 1297 1299 1302 1306 1621 1623 1625 1626 1627 1636 1637 1639 1767 1769 1772 1775 1856 1858 1926 1928 1931 1933 1948 2356 2358 2362 2365 
241 24 96 99 107 109 120 122 125 126 127 128 129 131 136 138 139 141 142 148 151 164 168 169 170 176 185 196 198 315 361 367 376 377 378 379 380 381 382 383 384 385 386 387 388 389 390 391 392 393 394 395 396 397 398 399 400 401 402 403 405 406 407 408 409 410 411 412 413 415 416 418 419 420 422 425 426 427 428 429 431 436 438 439 441 442 444 452 482 483 487 502 504 661 666 752 753 756 770 772 784 809 811 812 814 816 818 819 820 822 824 828 831 832 833 836 837 839 847 849 850 851 860 861 862 865 869 871 873 875 877 878 879 881 883 886 888 889 892 893 894 896 923 925 928 932 933 939 942 943 944 945 947 954 964 965 966 972 1009 1011 1015 1019 1020 1023 1027 1149 1151 1163 1166 1167 1169 1174 1194 1197 1212 1213 1215 1267 1275 1276 1278 1294 1297 1299 1302 1303 1304 1306 1308 1311 1313 1314 1315 1317 1318 1319 1320 1321 1342 1368 1399 1402 1412 1414 1443 1479 1579 1591 1592 1594 1600 1854 1856 1857 1858 1860 1861 1862 1864 1869 1926 1928 1930 1931 1932 1933 1937 1938 1939 1941 1942 1948 1949 1953 1968 1970 2042 2178 2395 2397 2405 2407 
161 24 25 35 96 97 98 99 106 107 109 315 316 329 361 362 363 365 367 400 401 402 403 404 405 406 407 408 409 410 411 412 413 414 415 416 417 418 419 482 483 485 487 493 500 502 504 505 507 661 662 664 666 667 669 752 753 755 756 761 768 770 772 773 775 784 785 800 808 809 810 811 812 814 815 816 817 818 819 820 822 823 824 825 826 828 829 830 831 832 833 834 835 836 837 839 844 846 847 848 849 850 851 852 854 856 858 859 860 861 862 863 865 903 1008 1009 1010 1011 1012 1013 1015 1016 1017 1018 1019 1020 1021 1022 1023 1027 1028 1034 1226 1381 1869 1870 1873 1885 1891 1948 1949 1951 1953 1959 1966 1968 1970 1971 1973 2042 2043 2061 2178 2179 2198 2395 2396 2397 2404 2405 2407 2409 
172 44 146 148 150 151 154 157 158 160 161 164 166 167 168 169 170 171 173 175 176 182 184 185 189 194 196 198 200 202 205 313 315 317 323 324 325 329 334 420 421 422 423 424 425 426 427 428 429 430 431 432 433 434 435 436 437 438 439 440 441 442 444 445 449 452 453 455 782 784 786 791 794 795 800 806 904 975 981 1147 1149 1150 1151 1154 1157 1158 1160 1163 1165 1166 1167 1169 1170 1172 1173 1174 1194 1196 1197 1202 1205 1210 1212 1213 1215 1216 1218 1220 1221 1338 1342 1343 1345 1352 1353 1356 1357 1359 1364 1368 1371 1373 1382 1439 1443 1444 1446 1453 1454 1458 1459 1463 1469 1475 1479 1480 1482 1489 1490 1493 1494 1496 1502 1507 1509 1517 1866 1869 1871 1873 1880 1881 1885 1886 1891 1899 2038 2042 2044 2051 2052 2055 2061 2069 2159 2175 2178 2180 2188 2189 2193 2198 2206 
41 43 44 45 47 64 68 71 313 314 315 317 318 319 321 323 324 325 327 329 330 332 333 334 443 444 445 446 447 448 449 450 451 452 453 454 455 456 2158 2159 2168 2170 
73 29 30 31 38 46 323 324 325 334 457 458 459 460 461 462 463 464 465 466 467 468 469 470 471 472 473 474 475 476 482 485 487 491 492 493 502 504 505 507 508 509 661 662 664 666 667 669 752 755 756 759 760 761 770 772 773 775 777 780 791 794 795 806 1383 2051 2052 2055 2069 2160 2188 2189 2193 2206 
176 22 23 24 25 26 28 29 30 31 32 33 34 35 36 37 38 39 46 49 51 61 66 67 73 275 278 280 285 292 313 314 315 316 317 322 323 324 325 327 328 329 331 332 334 477 478 479 480 481 482 483 484 485 486 487 488 489 490 491 492 493 494 495 496 497 498 499 500 501 502 503 504 505 506 507 508 509 510 511 782 783 784 785 786 790 791 792 793 794 795 796 798 800 803 806 899 901 903 905 911 912 913 919 920 921 1223 1224 1226 1227 1228 1233 1234 1235 1240 1241 1242 1376 1377 1381 1383 1388 1394 1395 2037 2038 2039 2041 2042 2043 2044 2046 2048 2050 2051 2052 2055 2056 2058 2059 2061 2062 2064 2065 2066 2069 2073 2074 2075 2155 2160 2167 2172 2174 2175 2176 2177 2178 2179 2180 2182 2185 2187 2188 2189 2193 2196 2197 2198 2199 2201 2202 2203 2206 2209 2210 2211 
78 3 120 218 230 231 296 371 373 374 375 376 379 395 396 398 402 419 420 512 513 514 527 528 529 539 540 571 600 684 691 692 694 733 745 746 812 871 987 990 1004 1006 1038 1297 1323 1602 1617 1618 1620 1621 1625 1636 1637 1639 1668 1671 1687 1688 1690 1736 1767 1794 1926 1978 1988 1989 1991 2001 2002 2003 2004 2089 2136 2239 2252 2253 2256 2276 2356 
166 26 120 122 125 126 127 128 129 131 135 136 137 138 139 141 142 151 164 167 168 169 170 171 173 176 182 185 196 198 200 296 297 300 301 302 303 304 305 306 307 308 309 310 311 312 317 367 420 422 425 426 427 428 429 431 435 436 437 438 439 441 442 452 453 455 484 487 502 504 505 507 514 515 516 517 518 519 520 521 522 523 524 525 526 527 528 786 954 962 964 965 966 968 972 1151 1163 1166 1167 1169 1170 1172 1174 1197 1212 1213 1215 1216 1218 1343 1368 1444 1480 1579 1591 1592 1594 1596 1600 1854 1856 1857 1858 1859 1860 1861 1862 1863 1864 1871 1926 1928 1930 1931 1932 1933 1936 1937 1938 1939 1940 1941 1942 1950 1953 1968 1970 1971 1973 2044 2115 2180 2256 2258 2261 2262 2263 2264 2265 2266 2267 2268 2269 2270 2271 2272 2273 
115 27 143 149 156 167 169 176 178 183 318 443 450 456 529 530 531 532 533 534 535 536 537 538 539 540 754 763 952 962 965 972 1029 1037 1038 1039 1040 1041 1042 1045 1048 1050 1051 1053 1054 1055 1064 1067 1074 1077 1084 1086 1100 1109 1116 1119 1125 1128 1190 1195 1204 1213 1222 1344 1400 1445 1481 1577 1592 1600 1691 1695 1699 1702 1708 1710 1717 1719 1872 2045 2135 2136 2137 2138 2140 2141 2145 2148 2150 2151 2153 2154 2181 2255 2256 2257 2258 2260 2264 2268 2269 2270 2272 2273 2275 2276 2277 2278 2279 2280 2283 2286 2288 2289 2291 2292 
300 5 6 7 10 11 12 13 17 20 98 99 107 122 123 126 127 128 129 130 131 132 138 139 141 146 150 151 157 160 168 184 185 196 233 234 235 236 237 238 239 240 242 244 245 248 249 263 264 266 267 272 335 336 337 339 340 342 344 345 346 347 348 349 350 351 354 355 356 357 358 363 400 401 403 404 405 407 408 409 410 411 413 414 415 416 418 419 422 423 426 427 428 429 430 431 432 438 439 441 445 458 459 460 463 464 465 466 470 474 485 487 502 541 542 543 544 545 546 547 548 549 550 635 636 637 638 639 640 642 644 645 647 648 662 700 701 702 703 705 706 708 710 711 712 714 715 716 718 721 723 724 725 727 728 729 755 756 770 808 809 810 814 815 816 819 820 822 823 824 825 831 836 839 844 846 847 850 851 852 854 860 922 923 924 927 928 933 934 935 942 945 953 954 964 975 1008 1009 1010 1012 1013 1015 1017 1018 1023 1056 1057 1059 1060 1061 1065 1068 1069 1076 1102 1104 1105 1110 1111 1118 1147 1150 1151 1157 1166 1196 1197 1212 1249 1250 1251 1252 1253 1256 1258 1259 1260 1261 1262 1266 1267 1275 1345 1401 1402 1412 1446 1482 1578 1579 1591 1692 1693 1694 1696 1697 1701 1703 1704 1709 1713 1873 1951 1953 1968 2091 2092 2095 2096 2097 2098 2099 2100 2101 2105 2106 2107 2109 2312 2313 2314 2317 2318 2319 2320 2324 2325 2358 2359 2360 2363 2364 2365 2366 2367 2371 2374 2375 2396 2397 2405 
102 4 80 84 121 208 209 211 212 217 237 336 338 342 421 457 530 531 551 552 553 572 576 601 673 674 677 680 683 685 687 691 695 696 699 701 704 708 813 845 872 926 1039 1042 1087 1090 1179 1250 1251 1282 1283 1285 1290 1298 1329 1330 1536 1552 1553 1556 1559 1562 1641 1642 1645 1648 1651 1695 1737 1768 1795 1832 1833 1836 1927 2006 2008 2012 2078 2079 2081 2084 2087 2090 2137 2141 2229 2230 2233 2238 2257 2277 2280 2294 2296 2300 2311 2341 2345 2357 2379 2382 2388 
153 144 145 151 159 168 179 180 185 190 196 477 478 486 487 496 502 554 555 556 557 558 559 560 561 562 563 564 565 569 573 574 577 578 581 584 590 592 593 594 597 599 602 603 605 606 608 610 611 617 618 619 905 976 1130 1145 1146 1151 1159 1166 1191 1192 1197 1206 1212 1227 1263 1264 1267 1270 1275 1336 1346 1397 1398 1402 1412 1447 1483 1534 1535 1537 1538 1541 1544 1545 1547 1574 1575 1579 1583 1591 1654 1656 1657 1662 1734 1738 1739 1742 1743 1746 1749 1750 1756 1758 1759 1760 1763 1766 1769 1770 1773 1774 1775 1777 1778 1782 1785 1786 1787 1791 1792 1796 1797 1800 1801 1803 1805 1806 1812 1814 1815 1816 1819 1874 1944 1945 1952 1953 1962 1968 2046 2091 2092 2095 2096 2098 2100 2105 2106 2107 2110 2182 
221 47 143 144 145 146 151 152 156 157 159 160 162 163 165 167 168 169 173 176 177 178 179 180 185 186 187 190 191 193 196 197 200 276 319 321 332 443 447 450 451 455 456 566 567 568 569 570 571 572 573 574 575 576 577 578 579 580 581 582 583 584 585 586 587 588 589 590 591 592 593 594 595 596 597 598 599 600 601 602 603 604 605 606 607 608 609 610 611 612 613 614 615 616 617 618 619 620 787 905 907 912 919 976 978 982 985 1130 1132 1137 1142 1144 1145 1146 1147 1151 1152 1156 1157 1159 1161 1162 1164 1166 1167 1168 1172 1174 1175 1176 1190 1191 1192 1197 1199 1200 1204 1206 1207 1209 1211 1212 1213 1214 1218 1222 1227 1229 1234 1240 1336 1346 1348 1349 1361 1363 1365 1367 1374 1447 1448 1450 1451 1462 1464 1466 1472 1483 1485 1486 1498 1501 1503 1505 1511 1765 1766 1767 1768 1769 1770 1771 1773 1774 1775 1776 1777 1778 1779 1780 1781 1782 1783 1784 1785 1786 1787 1788 1874 1875 1878 1890 1892 1895 1901 1905 2046 2047 2049 2062 2065 2073 2110 2112 2114 2117 2182 2183 2186 2199 2202 2209 
201 47 48 143 144 145 146 147 151 152 156 157 159 160 162 163 165 167 168 169 173 176 177 178 179 180 181 185 186 187 190 191 193 196 197 200 276 277 319 320 321 332 598 599 600 601 602 603 604 605 606 607 608 609 610 611 612 613 614 615 616 617 618 619 620 787 788 901 905 906 907 912 919 921 974 976 977 978 982 985 986 1129 1130 1131 1132 1137 1142 1143 1144 1145 1146 1147 1148 1151 1152 1156 1157 1159 1161 1162 1164 1166 1167 1168 1172 1174 1175 1176 1190 1191 1192 1193 1197 1198 1199 1200 1204 1206 1207 1209 1211 1212 1213 1214 1218 1222 1224 1227 1228 1229 1234 1240 1242 1336 1337 1340 1346 1347 1348 1349 1361 1363 1365 1367 1374 1375 1384 1441 1447 1448 1449 1450 1451 1462 1464 1466 1472 1473 1474 1477 1483 1484 1485 1486 1498 1501 1503 1505 1511 1512 1518 1867 1874 1875 1877 1878 1890 1892 1895 1901 1903 1905 1906 2039 2046 2047 2048 2049 2062 2065 2073 2075 2161 2176 2182 2183 2185 2186 2199 2202 2209 2211 
175 5 82 91 93 111 112 113 115 116 119 122 207 208 211 212 215 216 218 230 231 250 259 260 262 297 339 357 371 373 374 375 376 380 395 396 398 403 419 422 458 514 527 528 529 539 540 541 548 549 550 554 562 563 565 573 602 621 622 623 624 626 627 630 631 634 672 673 677 680 681 682 684 691 692 694 705 725 728 733 745 746 814 873 987 991 1004 1006 1040 1088 1180 1249 1260 1261 1299 1323 1327 1328 1334 1335 1428 1429 1433 1436 1437 1550 1552 1556 1559 1560 1561 1602 1617 1618 1620 1621 1626 1636 1637 1639 1668 1672 1687 1688 1690 1738 1769 1796 1928 1978 1988 1989 1991 2001 2002 2003 2004 2005 2012 2013 2014 2022 2027 2028 2076 2078 2081 2084 2085 2086 2091 2138 2216 2219 2222 2223 2239 2252 2253 2258 2278 2297 2312 2329 2337 2338 2340 2343 2353 2355 2358 2378 2381 2388 2389 2391 
209 5 6 80 82 83 89 91 93 111 112 113 115 116 117 118 119 122 123 138 207 208 209 211 212 213 214 215 216 236 250 251 256 257 258 259 260 262 297 298 309 336 339 340 354 357 400 403 404 415 419 422 423 438 458 459 541 543 546 547 548 549 550 554 555 560 561 562 563 565 573 574 592 602 603 617 623 638 684 685 689 690 691 692 694 701 705 706 721 723 725 728 814 815 846 873 874 892 927 1013 1060 1088 1089 1097 1180 1181 1188 1249 1250 1258 1259 1260 1261 1299 1300 1317 1328 1329 1332 1333 1334 1335 1429 1430 1433 1434 1435 1436 1437 1535 1550 1552 1553 1556 1557 1558 1559 1560 1561 1566 1656 1696 1738 1739 1758 1769 1770 1785 1796 1797 1814 1928 1929 2005 2006 2010 2011 2012 2013 2014 2022 2023 2025 2026 2027 2028 2076 2078 2079 2081 2082 2083 2084 2085 2086 2091 2092 2105 2121 2138 2139 2151 2258 2259 2270 2294 2297 2298 2308 2312 2313 2341 2343 2344 2350 2351 2353 2355 2358 2359 2374 2378 2379 2381 2385 2386 2387 2388 2389 2391 
314 5 7 10 20 99 122 126 138 139 141 151 185 218 219 223 227 228 230 231 232 234 238 248 249 250 251 252 254 256 257 258 259 260 261 262 264 297 301 304 309 310 311 336 337 339 344 348 354 355 356 357 358 376 377 378 380 386 387 391 392 394 395 396 397 398 399 400 401 403 407 410 415 416 418 419 422 426 438 439 441 458 460 463 474 487 514 515 520 524 525 527 528 541 542 543 544 546 547 548 549 550 554 555 556 558 560 561 562 563 564 565 569 573 577 592 593 594 597 602 605 617 618 619 624 625 626 627 628 629 630 631 632 633 634 636 639 647 648 701 702 703 705 710 715 721 723 724 725 727 728 729 733 734 742 743 745 746 747 756 809 814 816 819 836 839 847 850 869 873 875 878 892 893 896 923 928 933 945 954 987 988 989 991 995 1000 1001 1003 1004 1005 1006 1007 1009 1015 1023 1056 1061 1065 1105 1151 1197 1249 1250 1258 1259 1260 1261 1262 1267 1294 1299 1303 1317 1318 1319 1321 1402 1534 1537 1545 1547 1579 1654 1657 1662 1668 1669 1670 1672 1678 1679 1683 1684 1686 1687 1688 1689 1690 1693 1697 1701 1713 1734 1738 1742 1758 1759 1760 1763 1769 1773 1785 1786 1787 1791 1796 1800 1814 1815 1816 1819 1854 1857 1928 1930 1932 1941 1953 2091 2095 2105 2106 2107 2119 2122 2131 2133 2258 2262 2265 2270 2271 2272 2312 2314 2317 2325 2329 2330 2331 2333 2335 2336 2337 2338 2339 2340 2358 2360 2363 2374 2375 2378 2379 2380 2381 2384 2385 2386 2387 2388 2389 2390 2391 2397 
23 635 636 637 638 639 640 641 642 643 644 645 646 647 648 789 1266 1267 1275 1280 1873 1876 1885 2184 
92 144 165 169 179 446 477 488 599 606 610 613 615 617 619 649 650 651 652 653 654 655 656 657 658 659 977 1131 1145 1164 1167 1191 1198 1213 1228 1263 1274 1276 1347 1449 1484 1538 1540 1541 1542 1544 1547 1574 1588 1592 1743 1748 1749 1752 1754 1756 1757 1758 1760 1763 1766 1774 1777 1780 1783 1785 1787 1792 1801 1805 1808 1810 1812 1813 1814 1816 1819 1877 1944 1954 2048 2096 2100 2102 2104 2105 2107 2111 2123 2126 2133 2185 2392 
44 23 24 25 27 28 29 30 31 32 33 34 35 37 38 39 46 49 50 51 55 61 63 70 72 73 660 661 662 663 664 665 666 667 668 669 670 671 2155 2160 2162 2164 2169 2171 2172 
187 80 81 82 84 86 88 91 92 93 100 146 152 157 177 186 335 336 338 339 341 342 347 349 352 356 357 489 568 570 572 573 575 576 580 581 582 587 594 596 601 602 604 607 608 609 619 672 673 674 675 676 677 678 679 680 681 682 683 684 685 686 687 688 689 690 691 692 693 694 757 808 810 813 814 817 822 823 827 838 845 848 851 852 868 870 872 873 876 881 882 885 895 922 924 926 929 931 934 948 955 1008 1010 1017 1024 1057 1062 1064 1068 1085 1102 1106 1110 1127 1147 1152 1157 1175 1179 1180 1182 1183 1184 1185 1189 1199 1268 1348 1403 1450 1485 1563 1565 1568 1570 1572 1580 1653 1655 1659 1663 1692 1694 1695 1699 1703 1718 1733 1735 1737 1738 1740 1745 1746 1747 1753 1760 1762 1768 1769 1771 1775 1776 1787 1955 2090 2091 2093 2097 2098 2099 2107 2294 2295 2296 2297 2299 2300 2302 2304 2305 2310 2311 2312 2315 2318 2319 2398 
154 143 146 152 156 157 160 162 177 178 186 187 191 321 443 447 450 456 566 567 568 570 571 572 573 574 575 576 580 581 582 585 587 592 594 596 598 600 601 602 603 604 607 608 609 612 617 619 684 685 686 687 688 689 690 691 692 693 694 907 978 1030 1132 1144 1147 1152 1156 1157 1161 1175 1176 1190 1199 1200 1204 1207 1222 1229 1268 1269 1271 1348 1349 1361 1403 1404 1408 1450 1451 1485 1486 1498 1580 1581 1586 1652 1653 1655 1656 1658 1659 1660 1663 1664 1731 1732 1733 1735 1736 1737 1738 1739 1740 1745 1746 1747 1751 1753 1758 1760 1762 1764 1765 1767 1768 1769 1770 1771 1775 1776 1779 1785 1787 1878 1943 1955 1956 1960 1963 1976 2049 2088 2089 2090 2091 2092 2093 2097 2098 2099 2101 2105 2107 2112 2186 
52 4 9 11 153 336 338 342 343 349 353 364 448 490 663 695 696 697 698 699 701 704 708 709 716 721 722 758 926 930 932 1014 1063 1107 1153 1201 1350 1487 1695 1698 1700 1957 2090 2094 2098 2103 2113 2311 2316 2318 2357 2362 2365 
244 4 5 6 7 8 9 10 11 12 13 14 15 16 17 20 21 28 184 185 191 196 202 322 363 364 365 485 487 490 493 497 502 508 662 663 664 700 701 702 703 704 705 706 707 708 709 710 711 712 713 714 715 716 717 718 719 720 721 722 723 724 725 726 727 728 729 755 756 758 761 765 770 777 790 922 923 924 926 927 928 930 931 932 933 934 935 937 938 940 941 942 945 946 947 953 954 958 959 961 962 964 970 972 975 981 1008 1009 1010 1012 1013 1014 1015 1016 1017 1018 1023 1031 1056 1057 1059 1060 1061 1063 1064 1065 1066 1068 1069 1070 1071 1073 1074 1076 1082 1084 1102 1104 1105 1107 1108 1110 1111 1112 1113 1115 1116 1118 1123 1125 1345 1350 1351 1356 1361 1371 1401 1402 1408 1412 1417 1446 1452 1458 1482 1487 1488 1493 1498 1507 1578 1579 1585 1586 1589 1591 1598 1600 1692 1693 1694 1695 1696 1697 1698 1699 1700 1701 1703 1704 1705 1706 1707 1708 1709 1713 1715 1717 1873 1879 1885 1951 1953 1957 1959 1963 1968 1974 2050 2187 2311 2312 2313 2314 2315 2316 2317 2318 2319 2320 2321 2322 2323 2324 2325 2326 2357 2358 2359 2360 2361 2362 2363 2364 2365 2366 2367 2368 2369 2370 2371 2374 2375 2376 2377 
60 8 84 124 237 265 299 341 342 405 424 461 531 575 576 604 677 683 687 707 708 817 848 876 931 1041 1042 1064 1182 1251 1283 1285 1290 1301 1536 1606 1627 1642 1645 1651 1699 1740 1771 1798 1833 1836 1855 1979 2093 2140 2141 2230 2233 2238 2260 2279 2280 2299 2300 2315 2361 
53 84 211 217 220 237 342 381 405 516 531 545 576 677 683 687 696 708 735 992 1042 1090 1251 1283 1285 1290 1330 1431 1433 1438 1536 1556 1562 1606 1627 1642 1645 1651 1673 1833 1836 1979 2008 2081 2087 2141 2230 2233 2238 2241 2280 2300 2345 2382 
64 9 125 219 220 300 336 342 343 372 373 377 381 395 400 405 406 425 462 515 516 695 696 699 701 708 709 730 731 732 734 735 818 849 877 932 988 992 1302 1536 1604 1606 1617 1623 1627 1636 1669 1673 1687 1700 1741 1772 1799 1856 1931 2002 2003 2094 2141 2142 2240 2241 2261 2316 2362 
126 3 5 7 9 10 11 17 18 19 20 21 29 120 122 125 126 127 128 129 131 136 138 139 141 142 148 151 164 168 169 170 176 185 196 198 323 420 422 425 426 427 428 429 431 436 438 439 441 442 444 452 458 460 462 463 464 470 471 472 474 476 482 487 491 502 504 661 666 733 734 735 736 737 738 739 740 741 742 743 744 745 746 747 752 756 759 770 772 791 1149 1151 1163 1166 1167 1169 1174 1194 1197 1212 1213 1215 1352 1368 1453 1489 1880 1948 1953 1958 1968 1970 2051 2188 2356 2358 2360 2362 2363 2364 2365 2371 2372 2373 2374 2375 2377 
120 23 24 25 27 28 29 30 31 32 33 34 35 37 38 39 46 49 50 51 55 61 63 70 72 73 275 278 279 280 285 289 748 749 750 751 752 753 754 755 756 757 758 759 760 761 762 763 764 765 766 767 768 769 770 771 772 773 774 775 776 777 778 779 780 781 783 784 785 790 791 792 793 794 795 796 798 800 806 1376 1377 1381 1383 1385 1386 1390 1392 1393 1394 1395 2031 2037 2039 2041 2042 2043 2045 2050 2051 2052 2053 2055 2056 2058 2059 2061 2065 2066 2068 2069 2071 2072 2074 2075 2155 2160 2162 2164 2169 2171 2172 
25 782 783 784 785 786 787 788 789 790 791 792 793 794 795 796 797 798 799 800 801 802 803 804 805 806 
219 24 25 30 33 34 35 37 49 95 96 97 98 99 100 101 102 103 104 106 107 108 109 110 278 315 316 324 327 328 329 332 359 361 362 363 365 366 367 369 479 482 483 485 487 489 492 493 494 497 498 500 502 503 504 505 507 508 510 661 662 664 665 666 667 669 670 750 752 753 755 756 757 760 761 763 765 766 768 770 771 772 773 775 777 784 785 792 794 798 800 807 808 809 810 811 812 813 814 815 816 817 818 819 820 821 822 823 824 825 826 827 828 829 830 831 832 833 834 835 836 837 838 839 840 843 844 845 846 847 848 849 850 851 852 854 856 857 858 859 860 861 862 863 864 865 899 903 911 920 1223 1226 1233 1241 1377 1381 1395 1865 1869 1870 1873 1881 1885 1888 1889 1891 1895 1902 1907 1943 1946 1948 1949 1951 1953 1955 1959 1960 1963 1964 1966 1968 1969 1970 1971 1973 1974 1976 2037 2042 2043 2052 2058 2059 2061 2065 2074 2174 2178 2179 2189 2196 2197 2198 2202 2210 2394 2395 2396 2397 2398 2400 2401 2402 2404 2405 2406 2407 2409 2410 
115 24 25 30 32 33 34 35 37 49 50 51 61 278 279 280 285 359 360 361 362 363 365 366 367 369 370 660 661 662 664 665 666 667 669 670 671 748 749 750 751 752 753 755 756 757 760 761 762 763 764 765 766 767 768 770 771 772 773 775 777 779 781 784 785 792 793 794 796 798 800 841 842 843 844 845 846 847 848 849 850 851 852 853 854 855 856 857 858 859 860 861 862 863 864 865 1377 1381 1385 1393 1395 2031 2037 2039 2042 2043 2052 2056 2058 2059 2061 2065 2072 2074 2075 2162 
203 24 30 33 34 35 37 51 94 95 96 99 100 101 102 103 104 106 107 108 109 110 280 315 324 327 328 329 332 359 361 366 367 369 370 478 479 482 483 487 489 492 494 497 498 500 502 503 504 505 507 508 510 661 665 666 667 669 670 671 749 750 752 753 756 757 760 763 765 766 768 770 771 772 773 775 777 781 784 793 794 798 800 842 843 845 846 847 848 849 850 851 852 854 857 859 860 861 862 863 864 865 866 867 868 869 870 871 872 873 874 875 876 877 878 879 880 881 882 883 884 885 886 887 888 889 890 891 892 893 894 895 896 897 899 911 920 921 1223 1233 1241 1242 1377 1395 1865 1869 1881 1888 1889 1891 1895 1902 1903 1908 1943 1945 1946 1948 1949 1953 1955 1960 1963 1964 1966 1968 1969 1970 1971 1973 1974 1976 2037 2042 2052 2058 2059 2061 2065 2074 2075 2174 2178 2189 2196 2197 2198 2202 2210 2211 2393 2394 2395 2397 2398 2400 2401 2402 2404 2405 2406 2407 2409 2410 
240 10 80 85 89 91 93 111 112 113 115 116 117 118 119 126 138 207 208 209 211 212 213 214 215 216 218 219 227 228 230 231 238 250 251 256 257 258 259 260 262 301 309 336 344 354 357 376 377 391 392 394 395 396 398 400 407 415 419 426 438 463 514 515 524 525 527 528 541 543 546 547 548 549 550 554 555 560 561 562 563 565 577 592 605 617 624 626 627 630 631 632 633 634 639 701 710 721 723 725 728 733 734 742 743 745 746 819 850 878 892 898 933 987 988 1000 1001 1003 1004 1006 1015 1043 1051 1065 1091 1097 1249 1250 1258 1259 1260 1261 1303 1317 1429 1430 1433 1434 1435 1436 1437 1537 1567 1621 1623 1632 1633 1634 1636 1637 1639 1657 1668 1669 1683 1684 1686 1687 1688 1690 1701 1742 1758 1773 1785 1800 1814 1857 1932 1992 1994 1996 1997 1998 1999 2000 2005 2006 2010 2011 2012 2013 2014 2022 2023 2025 2026 2027 2028 2076 2078 2079 2081 2082 2083 2084 2085 2086 2095 2105 2122 2143 2151 2216 2217 2219 2220 2221 2222 2223 2262 2270 2281 2289 2294 2301 2308 2317 2329 2330 2335 2336 2337 2338 2340 2341 2346 2350 2351 2353 2355 2363 2374 2378 2379 2385 2386 2387 2388 2389 2391 
23 899 900 901 902 903 904 905 906 907 908 909 910 911 912 913 914 915 916 917 918 919 920 921 
153 52 275 281 361 363 364 365 367 368 783 784 790 794 918 922 923 924 925 926 927 928 929 930 931 932 933 934 935 936 937 938 939 940 941 942 943 944 945 946 947 948 949 953 954 955 956 957 958 959 960 961 962 964 965 966 967 970 972 973 975 981 983 984 1026 1027 1031 1032 1036 1138 1141 1341 1342 1345 1348 1350 1351 1353 1356 1358 1360 1361 1363 1368 1369 1371 1372 1393 1399 1401 1402 1403 1405 1406 1407 1408 1410 1412 1414 1415 1417 1419 1442 1443 1446 1450 1452 1454 1458 1460 1462 1467 1468 1471 1478 1479 1482 1485 1487 1488 1490 1493 1495 1497 1498 1501 1506 1507 1508 1510 1578 1579 1580 1582 1584 1585 1586 1587 1589 1591 1592 1594 1595 1598 1600 1601 1904 1909 2041 2042 2050 2052 2066 2072 
141 43 52 53 55 63 70 72 275 281 282 289 950 951 952 953 954 955 956 957 958 959 960 961 962 963 964 965 966 967 968 969 970 971 972 973 975 979 981 983 984 1133 1134 1138 1139 1140 1141 1336 1337 1338 1341 1342 1343 1344 1345 1348 1350 1351 1353 1354 1356 1358 1360 1361 1362 1363 1364 1366 1367 1368 1369 1370 1371 1372 1380 1386 1390 1392 1393 1439 1442 1443 1444 1445 1446 1450 1452 1454 1455 1456 1458 1460 1461 1462 1463 1465 1466 1467 1468 1470 1471 1474 1475 1478 1479 1480 1481 1482 1485 1487 1488 1490 1491 1493 1495 1497 1498 1499 1501 1502 1504 1505 1506 1507 1508 1510 1516 1519 1520 1524 1526 1904 1909 1910 1915 1921 2032 2158 2163 2164 2169 2171 
26 974 975 976 977 978 979 980 981 982 983 984 985 986 1904 1905 1906 1909 1910 1911 1912 1915 1916 1919 1921 2030 2032 
4 2 1291 1549 2327 
13 221 239 345 382 517 711 736 993 1252 1607 1674 1980 2242 
199 3 5 7 9 10 11 17 18 19 20 30 99 101 107 109 120 122 125 126 127 129 131 136 138 139 141 148 151 168 169 170 185 196 198 324 361 367 420 422 425 426 427 429 431 436 438 439 441 444 452 458 460 462 463 464 470 471 472 474 482 487 492 502 504 661 666 752 756 760 770 772 794 809 811 812 814 816 818 819 820 822 824 831 832 833 836 839 847 849 850 851 860 861 862 869 871 873 875 877 878 879 881 883 888 889 892 893 896 923 925 928 932 933 942 943 944 945 954 964 965 966 987 988 989 990 991 992 993 994 995 996 997 998 999 1000 1001 1002 1003 1004 1005 1006 1007 1009 1011 1015 1020 1023 1032 1056 1058 1061 1065 1076 1077 1078 1149 1151 1166 1167 1169 1194 1197 1212 1213 1215 1353 1368 1402 1405 1412 1414 1454 1490 1579 1591 1592 1594 1881 1948 1953 1968 1970 2052 2189 2356 2358 2360 2362 2363 2364 2365 2371 2372 2373 2374 2375 2397 2405 2407 
25 54 1008 1009 1010 1011 1012 1013 1014 1015 1016 1017 1018 1019 1020 1021 1022 1023 1024 1025 1027 1028 1031 1032 1034 1036 
21 52 54 55 62 63 70 72 1026 1027 1028 1029 1030 1031 1032 1033 1034 1035 1036 2164 2169 2171 
128 27 37 55 183 195 197 200 203 204 669 754 763 769 771 775 778 779 908 952 962 963 965 968 971 972 973 1029 1035 1036 1037 1038 1039 1040 1041 1042 1043 1044 1045 1046 1047 1048 1049 1050 1051 1052 1053 1054 1055 1056 1064 1065 1067 1074 1075 1077 1080 1083 1084 1085 1086 1100 1109 1116 1117 1119 1121 1124 1125 1126 1127 1128 1133 1230 1344 1366 1367 1372 1386 1400 1411 1413 1418 1419 1445 1455 1465 1466 1468 1481 1504 1505 1508 1520 1577 1590 1592 1593 1596 1599 1600 1601 1691 1693 1695 1699 1701 1702 1708 1710 1712 1713 1716 1717 1718 1719 1872 1882 1894 1895 1898 2045 2053 2065 2164 2181 2190 2202 2205 
158 55 56 70 72 183 184 185 186 191 192 193 195 196 197 198 199 200 201 202 203 204 275 283 783 790 794 908 915 917 975 981 983 1055 1056 1057 1058 1059 1060 1061 1062 1063 1064 1065 1066 1067 1068 1069 1070 1071 1072 1073 1074 1075 1076 1077 1078 1079 1080 1081 1082 1083 1084 1085 1086 1133 1138 1139 1140 1230 1235 1237 1239 1341 1344 1345 1348 1350 1351 1353 1356 1361 1362 1363 1366 1367 1368 1369 1370 1371 1372 1386 1390 1392 1442 1445 1446 1450 1452 1454 1455 1458 1461 1462 1465 1466 1467 1468 1470 1478 1481 1482 1485 1487 1488 1490 1493 1498 1499 1501 1504 1505 1506 1507 1508 1520 1524 1526 1868 1872 1873 1879 1881 1882 1885 1888 1890 1894 1895 1896 1897 1898 1900 1904 1911 2164 2169 2171 2177 2181 2187 2189 2190 2196 2202 2203 2204 2205 2208 
42 180 181 202 909 950 951 970 979 1087 1088 1089 1090 1091 1092 1093 1094 1095 1096 1097 1098 1099 1101 1102 1103 1110 1111 1123 1134 1231 1336 1337 1354 1371 1456 1474 1491 1507 1575 1576 1598 1883 2191 
161 55 57 70 72 180 181 183 184 185 186 191 192 193 195 196 197 199 200 201 202 203 204 275 284 783 790 908 909 915 917 975 979 981 983 1100 1101 1102 1103 1104 1105 1106 1107 1108 1109 1110 1111 1112 1113 1114 1115 1116 1117 1118 1119 1120 1121 1122 1123 1124 1125 1126 1127 1128 1133 1134 1138 1139 1140 1230 1231 1235 1237 1239 1336 1337 1341 1344 1345 1348 1350 1351 1354 1356 1361 1362 1363 1366 1367 1369 1370 1371 1372 1386 1390 1392 1442 1445 1446 1450 1452 1455 1456 1458 1461 1462 1465 1466 1467 1468 1470 1474 1478 1481 1482 1485 1487 1488 1491 1493 1498 1499 1501 1504 1505 1506 1507 1508 1520 1524 1526 1868 1872 1873 1879 1882 1883 1885 1888 1890 1894 1895 1896 1897 1898 1900 1904 1912 2164 2169 2171 2177 2181 2187 2190 2191 2196 2202 2203 2204 2205 2208 
32 275 276 277 281 282 283 284 287 289 290 291 292 293 1129 1130 1131 1132 1133 1134 1135 1136 1137 1138 1139 1140 1141 1142 1143 1921 1924 2032 2035 
222 40 44 47 48 58 64 65 66 68 275 276 277 290 291 292 293 782 783 784 786 787 788 791 794 795 798 800 801 802 803 804 806 900 901 904 905 906 907 910 911 912 914 919 921 1129 1130 1131 1132 1135 1136 1137 1138 1142 1143 1144 1145 1146 1147 1148 1149 1150 1151 1152 1153 1154 1155 1156 1157 1158 1159 1160 1161 1162 1163 1164 1165 1166 1167 1168 1169 1170 1171 1172 1173 1174 1175 1176 1224 1227 1228 1229 1232 1233 1234 1235 1236 1240 1242 1474 1475 1477 1478 1479 1480 1482 1483 1484 1485 1486 1487 1489 1490 1492 1493 1494 1495 1496 1498 1499 1500 1501 1502 1503 1505 1506 1507 1509 1511 1512 1514 1517 1518 1521 1523 1866 1867 1868 1869 1871 1873 1874 1875 1877 1878 1880 1881 1884 1885 1886 1887 1888 1889 1890 1891 1892 1893 1895 1896 1899 1901 1903 1904 1905 1906 1916 1917 1918 1919 2038 2039 2041 2042 2044 2046 2047 2048 2049 2051 2052 2054 2055 2058 2059 2061 2062 2063 2064 2065 2066 2069 2073 2075 2156 2159 2161 2166 2168 2175 2176 2177 2178 2180 2182 2183 2185 2186 2188 2189 2192 2193 2194 2196 2197 2198 2199 2200 2201 2202 2203 2206 2209 2211 
177 75 76 77 78 79 127 218 222 223 227 228 230 231 240 250 253 256 257 259 260 262 302 346 357 376 383 387 391 392 395 396 398 408 419 427 514 518 520 524 525 527 528 541 546 547 548 549 550 554 557 560 561 562 563 565 578 606 640 649 651 654 655 656 657 659 712 721 725 728 733 737 742 743 745 746 820 879 987 994 1000 1001 1004 1006 1044 1177 1249 1253 1258 1259 1260 1261 1304 1421 1422 1423 1424 1425 1426 1427 1538 1602 1610 1613 1614 1617 1618 1620 1621 1628 1632 1633 1636 1637 1639 1668 1675 1679 1683 1684 1687 1688 1690 1720 1722 1725 1726 1727 1728 1730 1743 1774 1801 1840 1841 1843 1844 1845 1846 1847 1978 1983 1986 1987 1988 1989 1991 1992 1996 1997 1998 1999 2000 2015 2016 2017 2018 2019 2096 2123 2144 2239 2243 2245 2249 2250 2252 2253 2263 2282 2329 2332 2335 2336 2337 2338 2340 2364 
18 241 384 519 532 579 641 713 738 1254 1539 1608 1643 1676 1744 1834 1981 2231 2244 
57 146 152 155 157 160 162 167 177 178 186 188 191 326 910 980 1135 1147 1152 1155 1157 1161 1175 1176 1178 1179 1180 1181 1182 1183 1184 1185 1186 1187 1188 1189 1199 1203 1207 1222 1232 1348 1355 1358 1361 1387 1450 1457 1460 1485 1492 1495 1498 1884 1887 2054 2192 2194 
204 40 43 44 47 48 59 64 66 68 71 275 276 277 290 292 293 313 314 315 317 318 319 320 321 323 324 325 326 327 329 330 331 332 333 334 782 783 784 786 787 788 791 794 795 800 801 803 804 806 900 901 902 904 905 906 907 910 912 914 916 919 921 1190 1191 1192 1193 1194 1195 1196 1197 1198 1199 1200 1201 1202 1203 1204 1205 1206 1207 1208 1209 1210 1211 1212 1213 1214 1215 1216 1217 1218 1219 1220 1221 1222 1224 1225 1227 1228 1229 1232 1234 1235 1236 1238 1240 1242 1514 1516 1517 1518 1523 1525 1866 1867 1868 1869 1871 1872 1873 1874 1875 1877 1878 1880 1881 1884 1885 1886 1887 1888 1890 1891 1892 1893 1895 1896 1899 1901 1903 1904 1905 1906 1916 1918 1919 2038 2039 2040 2041 2042 2044 2045 2046 2047 2048 2049 2051 2052 2054 2055 2058 2061 2062 2063 2064 2065 2066 2069 2070 2073 2075 2156 2158 2159 2161 2168 2170 2175 2176 2177 2178 2180 2181 2182 2183 2185 2186 2188 2189 2192 2193 2194 2196 2198 2199 2200 2201 2202 2203 2206 2207 2209 2211 
40 275 276 277 278 280 283 284 285 286 290 291 292 293 294 1223 1224 1225 1226 1227 1228 1229 1230 1231 1232 1233 1234 1235 1236 1237 1238 1239 1240 1241 1242 1920 1922 1925 2029 2033 2036 
112 0 86 128 206 208 210 212 213 214 223 227 228 303 347 385 387 391 392 395 409 428 520 524 525 533 536 537 546 547 548 580 607 673 676 678 679 680 688 689 690 691 714 721 742 743 1045 1092 1183 1258 1259 1284 1286 1287 1331 1332 1333 1552 1555 1557 1558 1559 1609 1610 1613 1614 1617 1629 1632 1633 1636 1644 1646 1647 1648 1665 1666 1667 1677 1679 1683 1684 1687 1745 1802 1835 1837 1838 1982 1983 1986 1987 1988 2010 2011 2012 2078 2080 2082 2083 2084 2097 2145 2264 2274 2283 2302 2347 2350 2383 2385 2386 2388 
133 8 14 15 16 21 124 133 134 135 140 142 154 161 166 167 176 237 241 243 246 265 268 270 271 274 365 405 412 417 419 424 433 434 435 440 442 449 461 467 468 469 476 493 641 643 646 664 707 708 713 717 719 721 725 726 728 761 817 826 829 830 837 848 856 858 859 865 931 937 940 941 947 958 961 962 972 981 1016 1064 1066 1070 1073 1074 1084 1108 1112 1115 1116 1125 1154 1160 1165 1174 1202 1243 1244 1245 1246 1247 1248 1249 1251 1254 1255 1257 1258 1259 1260 1261 1356 1458 1493 1585 1589 1600 1699 1705 1707 1708 1717 1885 1959 2315 2321 2322 2323 2326 2361 2368 2369 2370 2376 2377 
172 4 5 6 7 8 10 11 12 13 14 15 16 17 20 21 31 121 122 123 124 126 127 128 129 130 131 132 133 134 135 138 139 140 141 142 146 150 151 154 157 160 161 166 167 168 175 176 184 185 196 202 325 421 422 423 424 426 427 428 429 430 431 432 433 434 435 438 439 440 441 442 445 449 457 458 459 460 461 463 464 465 466 467 468 469 470 474 475 476 485 487 493 502 508 662 664 755 756 761 770 777 795 975 981 1147 1150 1151 1154 1157 1160 1165 1166 1173 1174 1196 1197 1202 1212 1220 1249 1250 1251 1252 1253 1254 1255 1256 1257 1258 1259 1260 1261 1262 1345 1356 1357 1371 1446 1458 1459 1482 1493 1494 1507 1873 1885 1886 1951 1953 1959 1968 1974 2055 2193 2357 2358 2359 2360 2361 2363 2364 2365 2366 2367 2368 2369 2370 2371 2374 2375 2376 2377 
77 60 61 64 66 285 290 292 784 789 796 798 800 801 803 1224 1227 1228 1229 1233 1234 1240 1242 1263 1264 1265 1266 1267 1268 1269 1270 1271 1272 1273 1274 1275 1276 1277 1278 1279 1280 1867 1869 1873 1874 1876 1877 1878 1885 1888 1889 1890 1891 1892 1893 1895 1901 1903 1913 1916 1918 1922 2033 2176 2178 2182 2184 2185 2186 2196 2197 2198 2199 2200 2201 2202 2209 2211 
59 155 167 177 178 188 326 762 845 848 851 859 926 931 941 948 949 956 962 1024 1025 1155 1175 1176 1178 1179 1182 1183 1184 1187 1188 1189 1203 1222 1281 1282 1283 1284 1285 1286 1287 1288 1289 1290 1358 1406 1460 1495 1582 1887 2194 2293 2294 2296 2299 2300 2302 2304 2308 2310 
37 1 2 87 114 210 223 254 304 348 386 387 410 520 542 558 625 629 715 995 1046 1093 1291 1432 1678 1679 2009 2024 2077 2080 2146 2218 2265 2284 2303 2333 2348 2384 
180 24 32 33 34 35 37 61 94 95 96 99 103 104 106 107 108 109 285 315 327 328 329 332 360 361 366 367 370 477 478 479 481 482 483 487 494 496 498 500 502 503 504 505 507 510 660 661 665 666 667 669 671 748 749 750 751 752 753 756 763 766 768 770 771 772 773 775 781 784 796 798 800 841 842 843 845 846 847 848 849 850 851 852 853 854 859 860 861 862 863 865 901 911 921 1224 1233 1242 1263 1264 1265 1267 1270 1272 1275 1276 1277 1278 1279 1292 1293 1294 1295 1296 1297 1298 1299 1300 1301 1302 1303 1304 1305 1306 1307 1308 1309 1310 1311 1312 1313 1314 1315 1316 1317 1318 1319 1320 1321 1322 1867 1869 1888 1889 1891 1895 1903 1913 1943 1944 1945 1946 1947 1948 1949 1953 1960 1962 1964 1966 1968 1969 1970 1971 1973 1976 2039 2042 2056 2058 2059 2061 2065 2075 2176 2178 2196 2197 2198 2202 2211 
24 77 114 210 223 387 520 533 629 676 1284 1331 1424 1432 1555 1610 1644 1679 1835 1843 1983 2024 2080 2218 2245 
91 156 296 297 309 450 494 529 536 537 539 540 571 573 592 600 602 617 684 689 690 691 692 694 763 812 814 821 871 873 880 892 1038 1040 1051 1067 1109 1156 1204 1297 1299 1305 1317 1323 1324 1602 1613 1614 1616 1617 1618 1620 1621 1625 1626 1632 1633 1634 1636 1637 1639 1658 1702 1736 1738 1758 1767 1769 1785 1794 1796 1814 1960 1978 1986 1987 1988 1989 1991 2089 2091 2105 2124 2136 2138 2151 2256 2258 2270 2276 2278 2289 
106 11 80 88 112 113 115 116 129 208 209 211 212 219 251 259 305 336 349 372 373 377 395 400 411 429 464 515 543 548 555 562 581 608 673 674 677 680 685 691 695 699 701 716 734 822 851 881 988 996 1047 1094 1184 1250 1282 1285 1306 1325 1326 1327 1329 1430 1433 1552 1553 1556 1559 1604 1617 1623 1636 1641 1645 1648 1669 1687 1746 1775 1803 1832 1836 1858 1933 2002 2003 2006 2012 2023 2078 2079 2081 2084 2098 2147 2229 2233 2240 2266 2285 2294 2304 2318 2341 2349 2365 2379 2388 
173 5 11 12 80 82 84 88 91 93 122 129 130 157 207 208 209 211 212 215 216 217 237 242 266 336 339 342 349 357 400 403 405 411 419 422 429 430 458 464 465 541 543 545 548 549 550 573 576 581 582 602 608 609 642 672 673 674 677 680 681 682 683 684 685 687 691 692 694 701 705 708 716 725 728 814 822 823 851 852 873 881 882 934 1017 1068 1088 1090 1094 1095 1110 1157 1180 1184 1185 1249 1250 1251 1260 1261 1299 1306 1307 1327 1328 1329 1330 1334 1335 1550 1552 1553 1556 1559 1560 1561 1562 1568 1659 1703 1738 1746 1747 1769 1775 1776 1796 1803 1804 1928 1933 1934 2005 2006 2008 2012 2013 2014 2076 2078 2079 2081 2084 2085 2086 2087 2091 2098 2099 2125 2294 2297 2300 2304 2305 2312 2318 2319 2341 2343 2345 2349 2353 2355 2358 2365 2366 2378 2379 2381 2382 2388 2389 2391 
43 121 122 123 128 129 130 132 138 146 157 158 160 189 421 422 423 428 429 430 432 438 495 1147 1157 1158 1205 1328 1329 1330 1331 1332 1333 1334 1335 1359 1496 1927 1928 1929 1933 1934 1935 1961 
38 224 243 388 412 521 534 583 643 652 717 739 997 1048 1255 1530 1532 1540 1611 1630 1680 1723 1748 1822 1824 1829 1831 1850 1853 1984 2148 2225 2227 2232 2233 2238 2246 2286 2306 
63 1336 1337 1338 1339 1340 1341 1342 1343 1344 1345 1346 1347 1348 1349 1350 1351 1352 1353 1354 1355 1356 1357 1358 1359 1360 1361 1362 1363 1364 1365 1366 1367 1368 1369 1370 1371 1372 1373 1374 1375 1378 1379 1380 1382 1384 1386 1387 1389 1390 1391 1392 1393 1514 1515 1516 1517 1518 1519 1520 1523 1524 1525 1526 
21 1376 1377 1378 1379 1380 1381 1382 1383 1384 1385 1386 1387 1388 1389 1390 1391 1392 1393 1394 1395 1396 
68 52 55 62 63 70 72 275 281 288 289 783 784 790 794 799 905 907 908 912 915 917 918 919 1397 1398 1399 1400 1401 1402 1403 1404 1405 1406 1407 1408 1409 1410 1411 1412 1413 1414 1415 1416 1417 1418 1419 1923 2034 2041 2042 2045 2046 2049 2050 2052 2053 2058 2060 2062 2065 2066 2068 2071 2072 2073 2164 2169 2171 
99 75 76 77 79 131 223 225 227 228 244 255 256 257 306 350 387 389 391 392 413 431 520 522 524 525 546 547 559 560 561 584 610 644 653 654 655 718 721 740 742 743 824 883 998 1000 1001 1049 1256 1258 1259 1308 1420 1422 1423 1424 1426 1427 1541 1610 1613 1614 1631 1632 1633 1679 1681 1683 1684 1724 1725 1726 1749 1777 1805 1840 1841 1843 1845 1846 1983 1986 1987 1996 1997 2016 2017 2018 2100 2126 2149 2245 2247 2249 2250 2267 2287 2334 2335 2336 
79 159 190 250 253 255 256 257 259 260 261 262 496 554 557 559 560 561 562 563 564 565 578 584 590 594 606 610 611 619 853 1159 1206 1270 1304 1308 1309 1314 1319 1421 1422 1423 1424 1425 1426 1427 1538 1541 1544 1583 1743 1749 1750 1756 1760 1774 1777 1778 1787 1801 1805 1806 1812 1816 1962 2096 2100 2107 2123 2126 2329 2332 2334 2335 2336 2337 2338 2339 2340 2399 
148 5 13 80 82 84 91 93 122 132 160 207 208 209 211 212 215 216 217 237 245 267 336 339 342 351 357 400 403 405 414 419 422 432 458 466 541 543 545 548 549 550 573 576 585 602 612 645 684 685 687 691 692 694 701 705 708 725 728 814 825 854 873 884 935 1018 1069 1088 1090 1096 1111 1180 1186 1249 1250 1251 1260 1261 1299 1310 1328 1329 1330 1334 1335 1428 1429 1430 1431 1433 1436 1437 1438 1550 1552 1553 1556 1559 1560 1561 1562 1569 1660 1704 1738 1751 1769 1779 1796 1807 1928 1935 2005 2006 2008 2012 2013 2014 2076 2078 2079 2081 2084 2085 2086 2087 2091 2101 2127 2294 2297 2300 2307 2312 2320 2341 2343 2345 2353 2355 2358 2367 2378 2379 2381 2382 2388 2389 2391 
43 764 846 850 851 854 855 923 927 933 935 936 945 957 1009 1013 1015 1018 1023 1360 1407 1429 1430 1431 1432 1433 1434 1435 1436 1437 1438 1497 1584 2294 2297 2298 2300 2301 2303 2304 2307 2308 2309 2310 
88 40 41 42 43 44 47 48 52 53 55 56 57 63 64 68 70 71 72 1439 1440 1441 1442 1443 1444 1445 1446 1447 1448 1449 1450 1451 1452 1453 1454 1455 1456 1457 1458 1459 1460 1461 1462 1463 1464 1465 1466 1467 1468 1469 1470 1471 1472 1473 1514 1515 1516 1517 1518 1519 1520 1523 1524 1525 1526 1904 1905 1906 1909 1910 1911 1912 1915 1916 1919 1921 2030 2032 2156 2157 2158 2159 2161 2163 2164 2168 2169 2170 2171 
82 1474 1475 1476 1477 1478 1479 1480 1481 1482 1483 1484 1485 1486 1487 1488 1489 1490 1491 1492 1493 1494 1495 1496 1497 1498 1499 1500 1501 1502 1503 1504 1505 1506 1507 1508 1509 1510 1511 1512 1514 1515 1516 1517 1518 1519 1520 1521 1523 1524 1525 1526 1904 1905 1906 1909 1910 1911 1912 1914 1915 1916 1917 1918 1919 1921 1924 2030 2032 2035 2156 2157 2158 2159 2161 2163 2164 2165 2166 2168 2169 2170 2171 
16 1513 1514 1515 1516 1517 1518 1519 1520 1521 1522 1523 1524 1525 1526 1527 1528 
21 78 115 211 630 677 1285 1425 1433 1530 1556 1645 1822 1829 1836 1844 1850 2081 2214 2219 2225 2233 
40 226 246 390 395 523 535 586 646 656 719 741 999 1246 1257 1529 1531 1542 1612 1617 1636 1682 1687 1727 1752 1808 1821 1823 1828 1830 1849 1851 1852 1985 1988 1998 2016 2019 2224 2226 2248 
35 14 133 161 241 243 246 268 412 433 467 641 643 646 713 717 719 826 856 937 958 1070 1112 1160 1246 1254 1255 1257 1529 1530 1531 1532 1585 1705 2321 2368 
15 1533 1534 1535 1536 1537 1538 1539 1540 1541 1542 1543 1544 1545 1546 1547 
23 81 247 352 587 673 675 677 686 703 720 827 885 1548 1549 1551 1552 1554 1556 1570 1753 2007 2295 2342 
246 4 5 6 11 12 13 80 81 82 83 84 86 88 89 91 93 102 146 157 160 162 191 233 235 236 237 242 245 247 266 267 269 335 336 338 339 340 342 347 349 351 352 354 357 497 568 570 572 573 574 576 580 581 582 585 587 592 601 602 603 607 608 609 612 617 684 685 686 687 688 689 690 691 692 694 700 701 703 704 705 706 708 714 716 720 721 723 725 728 765 808 810 813 814 815 822 823 825 827 845 846 851 852 854 857 868 870 872 873 874 881 882 884 885 892 922 924 926 927 934 935 938 959 1008 1010 1013 1017 1018 1057 1060 1068 1069 1071 1102 1110 1111 1113 1147 1157 1161 1179 1180 1181 1183 1184 1185 1186 1188 1207 1271 1361 1408 1498 1550 1551 1552 1553 1554 1555 1556 1557 1558 1559 1560 1561 1562 1563 1565 1566 1568 1569 1570 1586 1653 1655 1656 1659 1660 1692 1694 1695 1696 1703 1704 1706 1733 1735 1737 1738 1739 1745 1746 1747 1751 1753 1758 1768 1769 1770 1775 1776 1779 1785 1963 2005 2006 2007 2008 2010 2011 2012 2013 2014 2090 2091 2092 2097 2098 2099 2101 2105 2311 2312 2313 2318 2319 2320 2341 2342 2343 2344 2345 2347 2349 2350 2351 2353 2355 2357 2358 2359 2365 2366 2367 2374 2400 
23 286 797 1235 1563 1564 1565 1566 1567 1568 1569 1570 1571 1572 1573 2057 2066 2195 2203 2398 2400 2403 2408 2410 
96 275 281 287 289 293 1129 1130 1131 1132 1133 1134 1137 1138 1139 1140 1141 1142 1474 1475 1477 1478 1479 1480 1481 1482 1483 1484 1485 1486 1487 1488 1490 1491 1493 1495 1497 1498 1499 1501 1502 1503 1504 1505 1506 1507 1508 1510 1511 1516 1520 1523 1524 1525 1526 1574 1575 1576 1577 1578 1579 1580 1581 1582 1583 1584 1585 1586 1587 1588 1589 1590 1591 1592 1593 1594 1595 1596 1597 1598 1599 1600 1601 1904 1909 1914 1915 1919 1924 2035 2158 2164 2165 2168 2169 2170 2171 
321 33 103 107 143 156 167 168 169 171 173 176 192 196 200 295 296 297 299 300 302 303 305 306 307 308 309 311 312 327 443 450 453 455 494 498 502 505 507 667 669 763 766 770 773 775 807 812 814 817 818 820 821 822 824 830 831 832 834 835 837 839 848 849 851 859 860 861 863 865 866 867 871 873 876 877 879 880 881 883 887 888 889 890 891 892 894 896 962 964 965 968 972 1033 1055 1064 1067 1074 1076 1077 1079 1080 1084 1100 1109 1116 1118 1119 1120 1121 1125 1144 1156 1166 1167 1170 1172 1174 1190 1204 1208 1212 1213 1216 1218 1272 1275 1276 1279 1292 1293 1297 1299 1301 1302 1304 1305 1306 1308 1312 1313 1314 1315 1316 1317 1319 1320 1321 1362 1409 1412 1461 1499 1533 1536 1538 1539 1540 1541 1542 1544 1547 1591 1592 1596 1600 1602 1603 1604 1605 1606 1607 1608 1609 1610 1611 1612 1613 1614 1615 1616 1617 1618 1619 1620 1621 1622 1623 1624 1625 1626 1627 1628 1629 1630 1631 1632 1633 1634 1636 1637 1638 1639 1691 1699 1700 1702 1708 1709 1710 1711 1712 1717 1731 1732 1736 1738 1740 1741 1743 1744 1745 1746 1748 1749 1752 1755 1756 1757 1758 1760 1761 1763 1765 1767 1769 1771 1772 1774 1775 1777 1781 1782 1783 1784 1785 1787 1788 1789 1790 1794 1796 1798 1799 1801 1802 1803 1805 1808 1811 1812 1813 1814 1816 1817 1819 1855 1856 1858 1859 1860 1861 1863 1864 1888 1943 1960 1964 1968 1971 1973 2058 2118 2123 2124 2126 2129 2130 2133 2135 2136 2138 2140 2141 2142 2144 2145 2147 2148 2149 2150 2151 2153 2154 2196 2255 2256 2258 2260 2261 2263 2264 2266 2267 2268 2269 2270 2272 2273 2401 2405 2409 
204 33 34 37 103 104 107 108 109 192 196 197 198 200 327 328 332 361 366 367 482 494 498 502 503 504 505 507 510 661 665 666 667 669 752 763 766 770 771 772 773 775 798 807 811 812 814 817 818 819 820 821 822 824 828 830 831 832 833 834 835 836 837 839 840 848 849 850 851 859 860 861 862 863 865 866 867 871 873 876 877 878 879 880 881 883 886 887 888 889 890 891 892 893 894 896 897 911 1136 1144 1149 1156 1163 1166 1167 1168 1169 1170 1172 1174 1176 1233 1272 1275 1276 1277 1278 1279 1292 1293 1297 1299 1301 1302 1303 1304 1305 1306 1308 1311 1312 1313 1314 1315 1316 1317 1318 1319 1320 1321 1322 1499 1500 1505 1621 1622 1623 1624 1625 1626 1627 1628 1629 1630 1631 1632 1633 1634 1635 1636 1637 1638 1639 1765 1767 1769 1771 1772 1773 1774 1775 1777 1781 1782 1783 1784 1785 1786 1787 1788 1888 1889 1895 1943 1948 1960 1964 1968 1969 1970 1971 1973 1976 2058 2059 2065 2196 2197 2202 2401 2402 2405 2406 2407 2409 
138 105 163 167 177 178 193 456 499 510 566 572 575 576 579 580 581 589 592 594 596 598 601 604 607 608 614 617 619 767 845 848 851 859 926 931 941 948 949 960 962 1024 1025 1064 1072 1074 1085 1086 1114 1116 1127 1128 1162 1175 1176 1209 1222 1273 1363 1410 1462 1501 1536 1539 1546 1572 1573 1587 1640 1641 1642 1643 1644 1645 1646 1647 1648 1649 1650 1651 1663 1664 1695 1699 1708 1718 1719 1731 1737 1740 1744 1745 1746 1755 1758 1760 1762 1764 1765 1768 1771 1775 1781 1785 1787 1789 1795 1798 1802 1803 1811 1814 1816 1818 1820 1890 1965 1976 2132 2134 2275 2277 2279 2280 2283 2285 2288 2289 2291 2293 2294 2296 2299 2300 2302 2304 2308 2310 2403 
37 62 288 799 905 907 912 919 1030 1035 1397 1398 1402 1403 1404 1408 1410 1412 1413 1652 1653 1654 1655 1656 1657 1658 1659 1660 1661 1662 1663 1664 2046 2049 2060 2062 2065 2073 
41 128 164 223 227 228 303 385 387 391 392 395 409 428 520 524 525 742 743 828 886 939 1019 1163 1311 1543 1629 1632 1633 1636 1665 1666 1667 1677 1679 1683 1684 1687 1802 1809 2128 2264 
330 35 99 106 107 109 120 122 125 126 127 128 129 131 135 136 137 138 139 141 142 151 164 167 168 169 170 171 173 176 185 194 196 198 200 296 297 300 301 302 303 304 305 306 307 308 309 310 311 312 329 367 400 401 402 403 405 406 407 408 409 410 411 412 413 415 416 418 419 420 422 425 426 427 428 429 431 435 436 437 438 439 441 442 452 453 455 487 500 502 504 505 507 666 667 669 756 768 770 772 773 775 800 809 812 814 816 818 819 820 822 824 828 830 831 832 833 834 835 836 837 839 847 849 850 851 859 860 861 862 863 865 869 871 873 875 877 878 879 881 883 886 887 888 889 890 891 892 893 894 896 954 962 964 965 966 968 972 1009 1015 1019 1020 1021 1022 1023 1034 1151 1163 1166 1167 1169 1170 1172 1174 1197 1210 1212 1213 1215 1216 1218 1267 1275 1276 1278 1279 1294 1297 1299 1302 1303 1304 1306 1308 1311 1312 1313 1314 1315 1316 1317 1318 1319 1320 1321 1364 1368 1463 1502 1534 1536 1537 1538 1539 1540 1541 1542 1543 1544 1545 1547 1579 1591 1592 1594 1596 1600 1668 1669 1670 1671 1672 1673 1674 1675 1676 1677 1678 1679 1680 1681 1682 1683 1684 1685 1686 1687 1688 1689 1690 1791 1794 1796 1799 1800 1801 1802 1803 1805 1808 1809 1811 1812 1813 1814 1815 1816 1817 1819 1854 1856 1857 1858 1859 1860 1861 1862 1863 1864 1891 1926 1928 1930 1931 1932 1933 1936 1937 1938 1939 1940 1941 1942 1953 1966 1968 1970 1971 1973 2061 2115 2119 2122 2123 2126 2128 2129 2130 2131 2133 2198 2256 2258 2261 2262 2263 2264 2265 2266 2267 2268 2269 2270 2271 2272 2273 2397 2404 2405 2407 2409 
206 23 27 28 33 37 55 63 70 72 275 289 363 364 365 368 662 663 664 667 668 669 754 755 756 757 758 761 763 765 766 767 769 770 771 773 774 775 776 777 778 779 783 790 908 915 917 952 953 954 955 958 959 960 961 962 963 964 965 967 968 969 970 971 972 973 975 981 983 1026 1029 1031 1033 1035 1036 1133 1138 1139 1140 1341 1344 1345 1348 1350 1351 1356 1361 1362 1363 1366 1367 1369 1370 1371 1372 1386 1390 1392 1400 1401 1402 1403 1408 1409 1410 1411 1412 1413 1415 1416 1417 1418 1419 1442 1445 1446 1450 1452 1455 1458 1461 1462 1465 1466 1467 1468 1470 1478 1481 1482 1485 1487 1488 1493 1498 1499 1501 1504 1505 1506 1507 1508 1520 1524 1526 1577 1578 1579 1580 1585 1586 1587 1589 1590 1591 1592 1593 1595 1596 1597 1598 1599 1600 1601 1691 1692 1693 1694 1695 1696 1697 1698 1699 1700 1701 1702 1703 1704 1705 1706 1707 1708 1709 1710 1711 1712 1713 1714 1715 1716 1717 1718 1719 1904 1915 2041 2045 2050 2053 2058 2065 2066 2068 2071 2164 2169 2171 
93 144 165 179 451 477 501 578 583 584 586 588 590 592 594 597 599 606 610 613 617 619 912 982 1137 1145 1164 1191 1211 1234 1263 1274 1365 1397 1464 1503 1538 1540 1541 1542 1544 1547 1574 1588 1720 1721 1722 1723 1724 1725 1726 1727 1728 1729 1730 1743 1748 1749 1752 1754 1756 1758 1760 1763 1766 1774 1777 1780 1785 1787 1792 1801 1805 1808 1810 1812 1814 1816 1819 1892 1944 1967 2062 2096 2100 2102 2105 2107 2114 2123 2126 2133 2199 2392 
271 64 143 144 145 146 151 152 156 157 159 160 162 163 165 167 168 169 171 173 176 177 178 179 180 185 186 187 190 191 192 193 196 197 200 290 321 327 330 332 443 446 447 450 451 453 455 456 801 901 905 907 912 919 974 976 977 978 982 985 1129 1130 1131 1132 1137 1142 1144 1145 1146 1147 1151 1152 1156 1157 1159 1161 1162 1164 1166 1167 1168 1170 1172 1174 1175 1176 1190 1191 1192 1197 1198 1199 1200 1204 1206 1207 1208 1209 1211 1212 1213 1214 1216 1218 1222 1224 1227 1228 1229 1234 1240 1263 1264 1267 1268 1269 1270 1271 1272 1273 1274 1275 1276 1277 1279 1336 1340 1346 1347 1348 1349 1361 1362 1363 1365 1367 1374 1441 1447 1449 1450 1451 1461 1462 1464 1466 1472 1477 1483 1484 1485 1486 1498 1499 1501 1503 1505 1511 1731 1732 1733 1734 1735 1736 1737 1738 1739 1740 1741 1742 1743 1744 1745 1746 1747 1748 1749 1750 1751 1752 1753 1754 1755 1756 1757 1758 1759 1760 1761 1762 1763 1764 1765 1766 1767 1768 1769 1770 1771 1772 1773 1774 1775 1776 1777 1778 1779 1780 1781 1782 1783 1784 1785 1786 1787 1788 1867 1874 1877 1878 1888 1890 1892 1893 1895 1901 1916 1943 1944 1945 1947 1952 1953 1954 1955 1956 1960 1962 1963 1964 1965 1967 1968 1969 1971 1973 1976 1977 2039 2046 2048 2049 2058 2062 2063 2065 2073 2108 2110 2111 2112 2114 2117 2176 2182 2185 2186 2196 2199 2200 2202 2209 
151 47 64 65 179 180 181 185 186 187 190 191 192 193 196 197 198 200 276 290 291 787 798 801 802 901 905 907 911 912 919 921 1129 1130 1131 1132 1136 1137 1142 1143 1144 1145 1146 1147 1148 1149 1151 1152 1156 1157 1159 1161 1162 1163 1164 1166 1167 1168 1169 1170 1172 1174 1175 1176 1224 1227 1228 1229 1233 1234 1240 1242 1474 1477 1483 1484 1485 1486 1498 1499 1500 1501 1503 1505 1511 1512 1521 1765 1766 1767 1768 1769 1770 1771 1772 1773 1774 1775 1776 1777 1778 1779 1780 1781 1782 1783 1784 1785 1786 1787 1788 1867 1874 1875 1877 1878 1888 1889 1890 1892 1893 1895 1901 1903 1905 1916 1917 2039 2046 2047 2048 2049 2058 2059 2062 2063 2065 2073 2075 2166 2176 2182 2183 2185 2186 2196 2197 2199 2200 2202 2209 2211 
18 79 116 212 513 553 622 631 732 1326 1426 1531 1823 1827 1830 1845 1851 2215 2226 
70 0 76 79 113 116 117 206 212 213 227 256 391 524 536 546 560 623 627 631 632 654 678 689 697 742 898 1000 1177 1244 1258 1286 1323 1324 1332 1420 1423 1426 1427 1434 1557 1613 1632 1646 1665 1683 1725 1826 1827 1837 1841 1845 1846 1986 1996 2010 2016 2017 2020 2021 2025 2082 2213 2215 2220 2234 2249 2274 2328 2335 2385 
197 33 35 36 37 66 292 327 329 331 332 477 478 479 481 486 487 488 494 496 498 499 500 501 502 503 504 505 507 510 511 800 803 901 905 912 919 921 1129 1130 1131 1137 1142 1143 1144 1145 1146 1147 1148 1151 1156 1157 1159 1162 1163 1164 1166 1167 1168 1169 1170 1172 1174 1175 1176 1190 1191 1192 1193 1197 1198 1204 1206 1208 1209 1210 1211 1212 1213 1214 1215 1216 1218 1222 1224 1227 1228 1234 1240 1242 1263 1264 1265 1267 1270 1272 1273 1274 1275 1276 1277 1278 1279 1474 1477 1483 1484 1499 1501 1502 1503 1505 1511 1512 1789 1790 1791 1792 1793 1794 1795 1796 1797 1798 1799 1800 1801 1802 1803 1804 1805 1806 1807 1808 1809 1810 1811 1812 1813 1814 1815 1816 1817 1818 1819 1820 1867 1874 1877 1888 1890 1891 1892 1895 1901 1903 1918 1943 1944 1945 1946 1947 1952 1953 1954 1960 1962 1964 1965 1966 1967 1968 1969 1970 1971 1973 1976 1977 2039 2046 2048 2058 2061 2062 2064 2065 2073 2075 2176 2182 2185 2196 2198 2199 2201 2202 2209 2211 
29 165 583 586 588 590 613 652 656 1164 1274 1540 1542 1544 1588 1723 1727 1748 1752 1754 1756 1780 1808 1810 1812 1821 1822 1823 1824 2102 
80 0 75 76 79 112 113 116 118 206 208 212 214 228 257 392 525 537 547 561 623 626 627 631 633 655 673 679 690 698 721 743 898 1001 1177 1245 1259 1287 1323 1333 1420 1422 1423 1426 1435 1552 1558 1614 1633 1647 1666 1684 1726 1825 1826 1827 1838 1840 1841 1845 1987 1997 2011 2016 2018 2020 2021 2026 2078 2083 2212 2213 2215 2221 2235 2250 2274 2328 2336 2350 2386 
9 353 697 698 721 722 1825 1826 1827 2103 
35 15 134 166 241 243 246 270 412 434 468 641 643 646 713 717 719 829 858 940 961 1073 1115 1165 1246 1254 1255 1257 1589 1707 1828 1829 1830 1831 2322 2369 
46 16 135 167 241 271 307 435 469 519 532 579 589 614 641 713 830 859 887 941 962 1050 1074 1116 1187 1254 1312 1539 1608 1643 1676 1708 1744 1755 1781 1811 1834 1859 1936 1981 2150 2231 2244 2268 2288 2323 2370 
49 195 769 962 963 1039 1041 1042 1045 1047 1050 1053 1064 1074 1075 1085 1116 1117 1127 1366 1411 1465 1504 1590 1695 1699 1708 1718 1832 1833 1834 1835 1836 1837 1838 1894 2137 2140 2141 2145 2147 2150 2153 2277 2279 2280 2283 2285 2288 2291 
282 17 107 127 131 138 141 168 196 218 221 222 223 225 227 228 230 231 232 239 240 244 249 250 252 253 255 256 257 258 259 260 261 262 272 302 306 309 311 345 346 350 354 356 357 358 376 378 382 383 387 389 391 392 394 395 396 397 398 399 401 408 413 415 418 419 427 431 438 441 470 502 514 517 518 520 522 524 525 527 528 541 542 544 546 547 548 549 550 554 556 557 559 560 561 562 563 564 565 578 584 592 594 597 606 610 617 619 640 644 648 703 711 712 718 721 723 725 727 728 729 733 736 737 740 742 743 745 746 747 770 820 824 831 839 860 879 883 888 892 896 942 964 987 989 993 994 998 1000 1001 1003 1004 1005 1006 1007 1076 1118 1166 1212 1249 1252 1253 1256 1258 1259 1260 1261 1262 1275 1304 1308 1313 1317 1319 1321 1412 1538 1541 1547 1591 1602 1605 1607 1610 1613 1614 1616 1617 1618 1619 1620 1621 1624 1628 1631 1632 1633 1634 1636 1637 1638 1639 1668 1670 1674 1675 1679 1681 1683 1684 1686 1687 1688 1689 1690 1709 1743 1749 1758 1760 1763 1774 1777 1782 1785 1787 1801 1805 1814 1816 1819 1839 1840 1841 1842 1843 1844 1845 1846 1847 1860 1937 1968 2096 2100 2105 2107 2123 2126 2133 2144 2149 2151 2153 2239 2242 2243 2245 2247 2249 2250 2252 2253 2254 2263 2267 2270 2272 2324 2329 2331 2332 2334 2335 2336 2337 2338 2339 2340 2364 2371 2374 2405 
35 229 259 393 395 526 538 562 590 656 744 1002 1314 1423 1426 1544 1615 1617 1636 1685 1687 1727 1756 1812 1821 1823 1848 1849 1851 1852 1988 1998 2016 2019 2251 2337 
90 18 136 169 224 226 229 308 388 390 393 395 412 436 471 521 523 526 534 535 538 583 586 590 591 615 652 656 739 741 744 832 861 889 943 965 997 999 1002 1048 1077 1119 1167 1213 1276 1314 1315 1540 1542 1544 1592 1611 1612 1615 1617 1630 1636 1680 1682 1685 1687 1710 1748 1752 1756 1757 1783 1808 1812 1813 1849 1850 1851 1852 1853 1861 1938 1984 1985 1988 1998 2016 2019 2104 2148 2246 2248 2251 2269 2286 2372 
13 361 367 1854 1855 1856 1857 1858 1859 1860 1861 1862 1863 1864 
109 39 40 41 43 44 47 48 49 51 55 56 57 58 59 60 61 64 65 66 67 68 70 71 72 73 74 1513 1514 1516 1517 1518 1520 1521 1522 1523 1524 1525 1526 1527 1528 1865 1866 1867 1868 1869 1870 1871 1872 1873 1874 1875 1876 1877 1878 1879 1880 1881 1882 1883 1884 1885 1886 1887 1888 1889 1890 1891 1892 1893 1894 1895 1896 1897 1898 1899 1900 1901 1902 1903 1904 1905 1906 1907 1908 1911 1912 1913 1916 1917 1918 1919 1920 1922 2029 2033 2155 2156 2158 2159 2161 2164 2166 2167 2168 2169 2170 2171 2172 2173 
25 1904 1905 1906 1907 1908 1909 1910 1911 1912 1913 1914 1915 1916 1917 1918 1919 1920 1921 1922 1924 2029 2030 2032 2033 2035 
6 1920 1921 1922 1923 1924 1925 
75 22 24 26 35 38 67 313 315 317 329 334 480 482 483 484 487 495 500 502 504 505 507 509 782 784 786 800 806 913 1388 1522 1866 1869 1871 1891 1899 1926 1927 1928 1929 1930 1931 1932 1933 1934 1935 1936 1937 1938 1939 1940 1941 1942 1948 1949 1950 1953 1961 1966 1968 1970 1971 1973 1975 2038 2042 2044 2061 2069 2167 2175 2178 2180 2198 2206 
209 39 49 51 61 64 66 67 73 74 275 278 280 285 290 292 313 314 315 316 317 321 322 323 324 325 327 328 329 330 331 332 334 782 783 784 785 786 790 791 792 793 794 795 796 798 800 801 803 806 899 901 903 905 907 911 912 913 919 920 921 1223 1224 1226 1227 1228 1229 1233 1234 1235 1240 1241 1242 1376 1377 1381 1388 1394 1395 1396 1513 1522 1527 1528 1865 1866 1867 1868 1869 1870 1871 1873 1874 1877 1878 1879 1880 1881 1885 1886 1888 1889 1890 1891 1892 1893 1895 1896 1899 1901 1902 1903 1904 1907 1908 1913 1916 1918 1943 1944 1945 1946 1947 1948 1949 1950 1951 1952 1953 1954 1955 1956 1957 1958 1959 1960 1961 1962 1963 1964 1965 1966 1967 1968 1969 1970 1971 1972 1973 1974 1975 1976 1977 2037 2038 2039 2041 2042 2043 2044 2046 2048 2049 2050 2051 2052 2055 2056 2058 2059 2061 2062 2063 2064 2065 2066 2069 2073 2074 2075 2155 2167 2172 2173 2174 2175 2176 2177 2178 2179 2180 2182 2185 2186 2187 2188 2189 2193 2196 2197 2198 2199 2200 2201 2202 2203 2206 2209 2210 2211 
309 37 108 143 156 167 169 173 176 178 197 200 332 443 450 455 456 494 503 507 510 566 567 571 573 575 576 578 579 580 583 584 586 589 590 591 592 594 595 598 600 602 604 606 607 610 614 615 616 617 619 620 669 763 771 775 807 812 814 817 820 821 824 830 832 835 837 840 848 859 861 863 865 866 867 871 873 876 879 880 883 887 889 891 892 894 897 962 965 968 972 1035 1037 1038 1040 1041 1042 1044 1045 1048 1049 1050 1051 1053 1054 1055 1064 1067 1074 1077 1080 1084 1086 1100 1109 1116 1119 1121 1125 1128 1144 1156 1167 1168 1172 1174 1176 1190 1204 1213 1214 1218 1222 1276 1277 1279 1292 1293 1297 1299 1301 1304 1305 1308 1312 1314 1315 1316 1317 1319 1320 1322 1367 1413 1466 1505 1533 1536 1538 1539 1540 1541 1542 1544 1592 1593 1596 1600 1621 1622 1625 1626 1627 1628 1629 1630 1631 1632 1633 1634 1636 1637 1638 1639 1652 1658 1661 1664 1691 1699 1702 1708 1710 1712 1717 1719 1731 1732 1736 1738 1740 1743 1744 1745 1748 1749 1752 1755 1756 1757 1758 1760 1761 1764 1765 1767 1769 1771 1774 1777 1781 1783 1784 1785 1787 1788 1789 1790 1794 1796 1798 1801 1802 1805 1808 1811 1812 1813 1814 1816 1817 1820 1895 1943 1960 1969 1973 1976 1978 1979 1980 1981 1982 1983 1984 1985 1986 1987 1988 1989 1990 1991 2065 2118 2123 2124 2126 2130 2134 2135 2136 2138 2140 2141 2144 2145 2148 2149 2150 2151 2153 2154 2202 2255 2256 2258 2260 2263 2264 2267 2268 2269 2270 2272 2273 2275 2276 2278 2279 2280 2282 2283 2286 2287 2288 2289 2291 2292 2406 2409 
263 10 18 19 20 109 126 127 131 136 138 139 141 169 170 198 218 219 221 222 223 224 225 226 227 228 229 230 231 232 301 302 306 308 309 310 311 367 376 377 378 382 383 387 388 389 390 391 392 393 394 395 396 397 398 399 400 401 407 408 412 413 415 416 418 419 426 427 431 436 438 439 441 452 463 471 472 474 504 514 515 517 518 520 521 522 523 524 525 526 527 528 666 733 734 736 737 739 740 741 742 743 744 745 746 747 772 819 820 824 832 833 836 839 850 861 862 878 879 883 889 892 893 896 933 943 944 945 965 966 987 988 989 993 994 997 998 999 1000 1001 1002 1003 1004 1005 1006 1007 1015 1020 1023 1065 1077 1078 1167 1169 1213 1215 1276 1278 1303 1304 1308 1314 1315 1317 1318 1319 1321 1368 1414 1537 1538 1540 1541 1542 1544 1545 1547 1592 1594 1621 1623 1624 1628 1630 1631 1632 1633 1634 1635 1636 1637 1638 1639 1668 1669 1670 1674 1675 1679 1680 1681 1682 1683 1684 1685 1686 1687 1688 1689 1690 1773 1774 1777 1783 1785 1786 1787 1800 1801 1805 1808 1812 1813 1814 1815 1816 1819 1857 1861 1862 1932 1938 1939 1941 1970 1992 1993 1994 1995 1996 1997 1998 1999 2000 2115 2122 2123 2126 2131 2133 2262 2263 2267 2269 2270 2271 2272 2363 2364 2372 2373 2374 2375 2407 
116 120 122 125 129 171 296 297 300 305 400 402 403 405 406 411 419 420 422 425 429 453 458 462 464 505 514 515 516 527 528 667 773 812 814 818 822 834 849 851 871 873 877 881 890 1021 1079 1120 1170 1216 1297 1299 1302 1306 1536 1602 1604 1606 1617 1618 1620 1621 1623 1625 1626 1627 1636 1637 1639 1668 1669 1671 1672 1673 1687 1688 1690 1700 1711 1736 1738 1741 1746 1767 1769 1772 1775 1794 1796 1799 1803 1856 1858 1926 1928 1931 1933 1971 2001 2002 2003 2004 2129 2136 2138 2141 2142 2147 2239 2240 2241 2252 2253 2256 2258 2261 2266 
152 146 157 160 162 172 175 177 191 199 202 335 336 337 338 339 340 342 344 347 348 349 351 352 354 355 356 357 368 454 497 506 508 668 765 774 777 922 923 924 926 927 933 934 935 938 945 946 948 959 967 970 983 1056 1057 1060 1065 1068 1069 1071 1082 1085 1102 1110 1111 1113 1123 1127 1138 1147 1157 1161 1171 1173 1175 1207 1217 1220 1235 1361 1369 1371 1408 1415 1417 1467 1498 1506 1507 1563 1564 1565 1566 1567 1568 1569 1570 1571 1572 1586 1595 1598 1692 1693 1694 1695 1696 1701 1703 1704 1706 1713 1715 1718 1896 1963 1972 1974 2005 2006 2007 2008 2009 2010 2011 2012 2013 2014 2066 2090 2091 2092 2095 2097 2098 2099 2101 2105 2106 2107 2116 2203 2311 2312 2313 2317 2318 2319 2320 2325 2400 2408 2410 
238 127 131 135 136 137 142 167 169 173 176 200 302 306 307 308 312 408 412 413 419 427 431 435 436 437 442 455 469 471 473 476 507 514 517 518 519 520 521 522 523 524 525 526 527 528 578 579 583 584 586 589 590 591 595 606 610 614 615 616 620 669 775 820 824 830 832 835 837 859 861 863 865 879 883 887 889 891 894 962 965 968 972 1022 1044 1048 1049 1050 1054 1074 1077 1080 1084 1116 1119 1121 1125 1167 1172 1174 1213 1218 1276 1279 1304 1308 1312 1314 1315 1316 1320 1538 1539 1540 1541 1542 1544 1592 1596 1600 1602 1607 1608 1610 1611 1612 1613 1614 1615 1617 1618 1620 1621 1628 1630 1631 1632 1633 1636 1637 1639 1661 1668 1674 1675 1676 1679 1680 1681 1682 1683 1684 1685 1687 1688 1690 1708 1710 1712 1717 1743 1744 1748 1749 1752 1755 1756 1757 1761 1774 1777 1781 1783 1784 1788 1801 1805 1808 1811 1812 1813 1817 1859 1861 1863 1864 1936 1938 1940 1942 1973 1978 1980 1981 1983 1984 1985 1986 1987 1988 1989 1991 2015 2016 2017 2018 2019 2123 2126 2130 2144 2148 2149 2150 2154 2239 2242 2243 2244 2245 2246 2247 2248 2249 2250 2251 2252 2253 2263 2267 2268 2269 2273 2282 2286 2287 2288 2292 2409 
264 75 76 78 79 89 91 93 111 112 113 115 116 117 118 119 138 207 208 211 212 213 214 215 216 218 227 228 230 231 250 256 257 258 259 260 262 309 354 357 376 391 392 394 395 396 398 415 419 438 514 524 525 527 528 529 536 537 539 540 541 546 547 548 549 550 554 560 561 562 563 565 592 617 623 624 626 627 630 631 632 633 634 649 654 655 656 657 659 684 689 690 691 692 694 721 723 725 728 733 742 743 745 746 892 898 987 1000 1001 1003 1004 1006 1051 1097 1188 1249 1258 1259 1260 1261 1281 1285 1286 1287 1288 1289 1317 1323 1324 1328 1332 1333 1334 1335 1429 1433 1434 1435 1436 1437 1550 1552 1556 1557 1558 1559 1560 1561 1602 1613 1614 1616 1617 1618 1620 1621 1632 1633 1634 1636 1637 1639 1640 1645 1646 1647 1648 1649 1650 1668 1683 1684 1686 1687 1688 1690 1720 1725 1726 1727 1728 1730 1758 1785 1814 1840 1841 1844 1845 1846 1847 1978 1986 1987 1988 1989 1991 1992 1996 1997 1998 1999 2000 2005 2010 2011 2012 2013 2014 2020 2021 2022 2025 2026 2027 2028 2076 2078 2081 2082 2083 2084 2085 2086 2105 2151 2216 2219 2220 2221 2222 2223 2228 2233 2234 2235 2236 2237 2239 2249 2250 2252 2253 2270 2289 2308 2328 2329 2335 2336 2337 2338 2340 2350 2351 2353 2355 2374 2378 2385 2386 2387 2388 2389 2391 
267 20 80 89 90 91 92 93 111 112 113 115 116 117 118 119 138 139 141 207 208 209 211 212 213 214 215 216 218 219 227 228 230 231 248 250 251 256 257 258 259 260 261 262 309 310 311 336 354 355 356 357 376 377 391 392 394 395 396 397 398 400 415 416 418 419 438 439 441 474 514 515 524 525 527 528 541 543 546 547 548 549 550 554 555 560 561 562 563 564 565 592 593 594 617 618 619 624 626 627 630 631 632 633 634 647 701 721 723 724 725 727 728 733 734 742 743 745 746 836 892 893 945 987 988 1000 1001 1003 1004 1005 1006 1023 1051 1052 1053 1097 1098 1099 1249 1250 1258 1259 1260 1261 1317 1318 1319 1429 1430 1433 1434 1435 1436 1437 1545 1571 1621 1623 1632 1633 1634 1635 1636 1637 1638 1639 1662 1668 1669 1683 1684 1686 1687 1688 1689 1690 1713 1758 1759 1760 1785 1786 1787 1814 1815 1816 1941 1992 1994 1996 1997 1998 1999 2000 2005 2006 2010 2011 2012 2013 2014 2021 2022 2023 2025 2026 2027 2028 2076 2078 2079 2081 2082 2083 2084 2085 2086 2105 2106 2107 2131 2151 2152 2153 2216 2217 2219 2220 2221 2222 2223 2270 2271 2272 2289 2290 2291 2294 2308 2309 2310 2325 2329 2330 2335 2336 2337 2338 2339 2340 2341 2350 2351 2352 2353 2354 2355 2374 2375 2378 2379 2385 2386 2387 2388 2389 2390 2391 
49 174 201 297 298 301 304 305 309 310 311 776 969 1056 1060 1065 1081 1122 1219 1370 1416 1597 1693 1696 1701 1713 1714 2022 2023 2024 2025 2026 2027 2028 2138 2139 2143 2146 2147 2151 2152 2153 2258 2259 2262 2265 2266 2270 2271 2272 
8 2029 2030 2031 2032 2033 2034 2035 2036 
128 39 40 43 44 46 47 48 49 50 51 52 55 58 59 61 62 63 64 65 66 67 68 69 70 71 72 73 74 275 276 277 278 279 280 281 285 286 288 289 290 291 292 293 294 782 783 784 785 786 787 788 790 791 792 793 794 795 796 797 798 799 800 801 802 803 804 805 806 1923 1925 2031 2034 2036 2037 2038 2039 2040 2041 2042 2043 2044 2045 2046 2047 2048 2049 2050 2051 2052 2053 2054 2055 2056 2057 2058 2059 2060 2061 2062 2063 2064 2065 2066 2067 2068 2069 2070 2071 2072 2073 2074 2075 2155 2156 2158 2159 2160 2161 2162 2164 2166 2167 2168 2169 2170 2171 2172 2173 
275 4 5 6 10 11 12 13 20 80 82 83 84 85 86 87 88 89 90 91 92 93 110 121 122 123 126 128 129 130 132 138 139 141 146 157 160 175 202 234 235 236 237 238 242 245 248 266 267 273 336 337 338 339 340 342 344 347 348 349 351 354 355 356 357 421 422 423 426 428 429 430 432 438 439 441 457 458 459 463 464 465 466 474 475 508 636 637 638 639 642 645 647 701 702 704 705 706 708 710 714 715 716 721 723 724 725 727 728 777 809 810 813 814 815 819 822 823 825 836 845 846 850 851 852 854 864 869 870 872 873 874 878 881 882 884 892 893 923 924 926 927 933 934 935 945 946 970 1009 1010 1013 1015 1017 1018 1023 1056 1057 1060 1065 1068 1069 1082 1087 1088 1089 1090 1091 1092 1093 1094 1095 1096 1097 1098 1099 1102 1110 1111 1123 1147 1157 1173 1220 1249 1250 1251 1258 1259 1260 1261 1280 1371 1417 1507 1564 1565 1566 1567 1568 1569 1571 1598 1693 1694 1695 1696 1701 1703 1704 1713 1715 1974 2005 2006 2008 2009 2010 2011 2012 2013 2014 2076 2077 2078 2079 2080 2081 2082 2083 2084 2085 2086 2087 2090 2091 2092 2095 2097 2098 2099 2101 2105 2106 2107 2311 2312 2313 2317 2318 2319 2320 2325 2341 2343 2344 2345 2346 2347 2348 2349 2350 2351 2352 2353 2354 2355 2357 2358 2359 2363 2365 2366 2367 2374 2375 2410 
223 68 143 144 145 146 150 151 152 153 156 157 159 160 162 165 168 169 172 175 177 178 179 180 184 185 186 187 190 191 196 199 202 275 293 314 321 333 443 445 446 447 448 450 451 454 456 783 804 901 905 907 912 914 919 974 975 976 977 978 982 983 985 1129 1130 1131 1132 1137 1138 1142 1144 1145 1146 1147 1150 1151 1152 1153 1156 1157 1159 1161 1164 1166 1167 1171 1173 1175 1176 1190 1191 1192 1196 1197 1198 1199 1200 1201 1204 1206 1207 1211 1212 1213 1217 1220 1222 1224 1227 1228 1229 1234 1235 1236 1240 1336 1340 1341 1345 1346 1347 1348 1349 1350 1361 1365 1369 1371 1374 1389 1441 1442 1446 1447 1449 1450 1451 1464 1467 1472 1477 1478 1482 1483 1484 1485 1486 1487 1498 1503 1506 1507 1511 1523 1574 1575 1578 1579 1580 1581 1583 1586 1588 1591 1592 1595 1598 1867 1868 1873 1874 1877 1878 1892 1896 1901 1904 1919 2039 2041 2046 2048 2049 2062 2066 2073 2088 2089 2090 2091 2092 2093 2094 2095 2096 2097 2098 2099 2100 2101 2102 2103 2104 2105 2106 2107 2108 2109 2110 2111 2112 2113 2114 2116 2117 2168 2176 2177 2182 2185 2186 2199 2203 2209 
10 2108 2109 2110 2111 2112 2113 2114 2115 2116 2117 
68 69 94 95 99 103 105 106 107 108 109 294 800 805 901 912 919 921 1224 1228 1234 1240 1242 2039 2048 2058 2061 2062 2065 2067 2073 2075 2118 2119 2120 2121 2122 2123 2124 2125 2126 2127 2128 2129 2130 2131 2132 2133 2134 2176 2185 2196 2198 2199 2202 2209 2211 2392 2393 2394 2397 2399 2401 2403 2404 2405 2406 2407 2409 
153 27 33 37 70 183 192 195 196 197 200 201 203 667 669 754 763 766 769 770 771 773 775 776 778 915 952 962 963 964 965 968 969 971 972 1029 1033 1035 1055 1056 1060 1064 1065 1067 1074 1075 1076 1077 1079 1080 1081 1083 1084 1085 1086 1100 1109 1116 1117 1118 1119 1120 1121 1122 1124 1125 1127 1128 1139 1237 1344 1362 1366 1367 1370 1390 1400 1409 1411 1412 1413 1416 1418 1445 1461 1465 1466 1481 1499 1504 1505 1524 1577 1590 1591 1592 1593 1596 1597 1599 1600 1691 1693 1695 1696 1699 1700 1701 1702 1708 1709 1710 1711 1712 1713 1714 1716 1717 1718 1719 1872 1888 1894 1895 1897 2045 2058 2065 2068 2135 2136 2137 2138 2139 2140 2141 2142 2143 2144 2145 2146 2147 2148 2149 2150 2151 2152 2153 2154 2169 2181 2196 2202 2204 
19 2155 2156 2157 2158 2159 2160 2161 2162 2163 2164 2165 2166 2167 2168 2169 2170 2171 2172 2173 
105 39 40 41 43 44 46 47 48 49 51 55 56 57 58 59 60 61 64 65 66 67 68 69 70 71 72 73 74 782 783 784 785 786 787 788 789 790 791 792 793 794 795 796 797 798 800 801 802 803 804 805 806 2155 2156 2158 2159 2160 2161 2164 2166 2167 2168 2169 2170 2171 2172 2173 2174 2175 2176 2177 2178 2179 2180 2181 2182 2183 2184 2185 2186 2187 2188 2189 2190 2191 2192 2193 2194 2195 2196 2197 2198 2199 2200 2201 2202 2203 2204 2205 2206 2207 2208 2209 2210 2211 
76 0 76 79 113 116 206 212 259 373 395 512 513 548 552 553 562 621 622 623 627 631 634 656 680 691 699 731 732 898 1177 1246 1323 1325 1326 1327 1423 1426 1428 1529 1531 1559 1617 1636 1648 1667 1687 1727 1821 1823 1828 1830 1841 1845 1847 1848 1849 1851 1852 1988 1998 2002 2003 2012 2016 2019 2020 2021 2084 2213 2215 2224 2226 2274 2328 2337 2388 
104 0 75 76 79 91 112 113 116 119 208 212 215 230 259 260 373 374 395 396 512 513 527 539 548 549 562 563 621 622 623 626 627 631 634 656 657 673 680 681 691 692 725 745 898 1004 1177 1246 1247 1260 1288 1323 1327 1334 1422 1423 1426 1428 1436 1552 1559 1560 1617 1618 1636 1637 1648 1649 1687 1688 1727 1728 1840 1841 1845 1847 1988 1989 1998 1999 2002 2003 2004 2012 2013 2016 2019 2020 2021 2027 2078 2084 2085 2212 2213 2215 2222 2236 2252 2328 2337 2338 2353 2388 2389 
24 140 417 419 440 721 725 726 728 1243 1244 1245 1246 1247 1248 1249 1258 1259 1260 1261 2212 2213 2214 2215 2376 
150 0 75 76 79 92 112 113 116 117 118 141 208 212 213 214 227 228 256 257 259 261 311 356 391 392 395 397 418 441 524 525 536 537 546 547 548 560 561 562 564 594 619 626 627 631 632 633 634 654 655 656 658 673 678 679 680 689 690 691 693 721 727 742 743 1000 1001 1005 1053 1099 1189 1258 1259 1286 1287 1319 1422 1423 1426 1427 1434 1435 1613 1614 1617 1619 1632 1633 1636 1638 1646 1647 1648 1683 1684 1687 1689 1725 1726 1727 1729 1760 1787 1816 1837 1838 1840 1841 1845 1846 1847 1986 1987 1988 1990 1996 1997 1998 2010 2011 2012 2021 2025 2026 2078 2082 2083 2084 2107 2153 2220 2221 2234 2235 2249 2250 2272 2274 2291 2310 2328 2335 2336 2337 2339 2350 2354 2385 2386 2388 2390 
39 203 778 971 1040 1043 1046 1051 1052 1053 1056 1065 1083 1124 1418 1599 1693 1701 1713 1716 2138 2143 2146 2151 2152 2153 2216 2217 2218 2219 2220 2221 2222 2223 2278 2281 2284 2289 2290 2291 
99 21 142 176 241 243 246 274 312 384 388 390 395 412 442 476 519 521 523 532 534 535 579 583 586 595 620 641 643 646 713 717 719 738 739 741 837 865 894 947 972 1048 1054 1084 1125 1174 1246 1254 1255 1257 1320 1539 1540 1542 1600 1608 1611 1612 1617 1630 1636 1676 1680 1682 1687 1717 1744 1748 1752 1761 1788 1808 1817 1864 1942 1981 1984 1985 1988 2016 2019 2148 2154 2224 2225 2226 2227 2231 2232 2233 2238 2244 2246 2248 2273 2286 2292 2306 2326 2377 
78 204 779 845 848 851 859 865 926 931 941 947 949 962 972 973 1025 1036 1037 1039 1041 1042 1047 1048 1050 1051 1053 1054 1064 1074 1084 1086 1116 1125 1126 1128 1372 1419 1468 1508 1600 1601 1695 1699 1708 1717 1719 1898 2205 2228 2229 2230 2231 2232 2233 2234 2235 2236 2237 2238 2275 2277 2279 2280 2285 2286 2288 2289 2291 2292 2293 2294 2296 2299 2300 2304 2306 2308 2310 
119 0 75 76 78 79 93 112 113 115 116 208 211 212 216 231 259 262 357 373 375 395 398 419 512 513 528 540 548 550 562 565 621 622 623 626 627 630 631 634 656 659 673 677 680 682 691 694 728 746 898 1006 1177 1246 1248 1261 1285 1289 1323 1327 1335 1422 1423 1425 1426 1428 1433 1437 1552 1556 1559 1561 1617 1620 1636 1639 1645 1648 1650 1687 1690 1727 1730 1840 1841 1844 1845 1847 1988 1991 1998 2000 2002 2003 2012 2014 2016 2019 2020 2021 2028 2078 2081 2084 2086 2212 2213 2214 2215 2219 2223 2233 2237 2253 2328 2337 2340 2355 2388 2391 
101 38 120 122 125 127 129 131 135 136 137 138 141 142 167 168 169 171 173 176 196 200 205 334 420 422 425 427 429 431 435 436 437 438 441 442 453 455 458 462 464 469 470 471 473 476 502 505 507 509 667 669 770 773 775 780 806 1166 1167 1170 1172 1174 1212 1213 1216 1218 1221 1373 1469 1509 1899 1926 1928 1931 1933 1936 1937 1938 1940 1942 1968 1971 1973 1975 2069 2206 2239 2240 2241 2242 2243 2244 2245 2246 2247 2248 2249 2250 2251 2252 2253 2254 
120 71 143 149 151 156 164 167 168 169 170 171 173 174 176 178 182 183 185 192 194 196 197 198 200 201 317 318 327 329 332 443 450 452 453 455 456 786 800 916 1190 1195 1197 1204 1208 1210 1212 1213 1214 1215 1216 1218 1219 1222 1238 1343 1344 1362 1364 1367 1368 1370 1391 1444 1445 1461 1463 1466 1480 1481 1499 1502 1505 1525 1577 1579 1591 1592 1593 1594 1596 1597 1600 1871 1872 1888 1891 1895 2044 2045 2058 2061 2065 2070 2115 2170 2180 2181 2196 2198 2202 2207 2255 2256 2257 2258 2259 2260 2261 2262 2263 2264 2265 2266 2267 2268 2269 2270 2271 2272 2273 
65 86 92 177 347 356 580 594 596 607 619 673 676 678 679 680 688 689 690 691 693 838 895 948 1024 1045 1053 1085 1127 1175 1183 1189 1284 1286 1287 1546 1572 1644 1646 1647 1648 1663 1718 1745 1760 1762 1787 1802 1816 1818 1835 1837 1838 2010 2011 2012 2097 2107 2132 2145 2153 2274 2283 2291 2302 2310 
139 27 37 72 183 193 195 197 200 203 204 669 754 763 767 769 771 775 778 779 917 952 960 962 963 965 968 971 972 973 1029 1035 1036 1055 1056 1064 1065 1067 1072 1074 1075 1077 1080 1083 1084 1085 1086 1100 1109 1114 1116 1117 1119 1121 1124 1125 1126 1127 1128 1140 1239 1344 1363 1366 1367 1372 1392 1400 1410 1411 1413 1418 1419 1445 1462 1465 1466 1468 1470 1481 1501 1504 1505 1508 1526 1577 1587 1590 1592 1593 1596 1599 1600 1601 1691 1693 1695 1699 1701 1702 1708 1710 1712 1713 1716 1717 1718 1719 1872 1890 1894 1895 1898 1900 2045 2065 2071 2171 2181 2202 2205 2208 2275 2276 2277 2278 2279 2280 2281 2282 2283 2284 2285 2286 2287 2288 2289 2290 2291 2292 
99 757 762 764 767 779 845 846 848 850 851 852 854 855 859 865 918 922 923 924 926 927 929 931 933 934 935 936 941 945 947 948 949 955 956 957 960 962 972 973 984 1008 1009 1010 1013 1015 1017 1018 1023 1024 1025 1036 1141 1348 1358 1360 1363 1372 1393 1403 1406 1407 1410 1419 1450 1460 1462 1468 1471 1485 1495 1497 1501 1508 1510 1580 1582 1584 1587 1600 1601 2072 2293 2294 2295 2296 2297 2298 2299 2300 2301 2302 2303 2304 2305 2306 2307 2308 2309 2310 
71 23 28 73 275 314 322 485 487 489 490 493 497 502 506 508 662 663 664 668 755 756 757 758 761 765 770 774 777 783 790 1235 1394 1527 1868 1873 1879 1885 1896 1904 1951 1953 1955 1957 1959 1963 1968 1972 1974 2041 2050 2066 2172 2177 2187 2203 2311 2312 2313 2314 2315 2316 2317 2318 2319 2320 2321 2322 2323 2324 2325 2326 
13 217 683 1290 1438 1532 1562 1651 1824 1831 1853 2087 2227 2238 
47 75 78 232 249 252 358 378 399 401 542 544 556 597 625 626 628 630 648 650 703 729 747 839 896 989 1007 1262 1321 1547 1605 1624 1670 1721 1763 1819 1839 1840 1842 1844 1993 1995 2133 2219 2254 2327 2331 2380 
108 178 456 510 529 536 537 539 540 566 592 594 598 617 619 684 689 690 691 692 693 694 840 866 892 897 949 1025 1037 1051 1053 1086 1128 1176 1178 1188 1189 1222 1281 1285 1286 1287 1288 1289 1292 1317 1319 1322 1573 1621 1622 1632 1633 1634 1636 1637 1638 1639 1640 1645 1646 1647 1648 1649 1650 1664 1719 1731 1758 1760 1764 1765 1785 1787 1789 1814 1816 1820 1976 1978 1986 1987 1988 1989 1990 1991 2088 2105 2107 2134 2135 2151 2153 2228 2233 2234 2235 2236 2237 2255 2270 2272 2275 2289 2291 2293 2308 2310 2328 
141 99 107 144 151 159 168 179 185 190 196 477 487 496 502 511 569 573 577 578 584 590 592 593 594 597 599 602 605 606 610 611 617 618 619 919 985 1142 1145 1151 1159 1166 1191 1197 1206 1212 1240 1263 1267 1270 1275 1374 1397 1402 1412 1472 1511 1534 1537 1538 1541 1544 1545 1547 1574 1579 1583 1591 1654 1657 1662 1734 1738 1742 1743 1749 1750 1756 1758 1759 1760 1763 1766 1769 1773 1774 1777 1778 1782 1785 1786 1787 1791 1792 1796 1800 1801 1805 1806 1812 1814 1815 1816 1819 1901 1944 1953 1962 1968 1977 2073 2091 2095 2096 2100 2105 2106 2107 2117 2119 2122 2123 2126 2131 2133 2209 2329 2330 2331 2332 2333 2334 2335 2336 2337 2338 2339 2340 2392 2397 2399 2405 
80 95 102 110 369 479 497 508 670 750 765 777 808 809 810 813 814 815 819 822 823 825 827 836 843 845 846 850 851 852 854 857 864 868 869 870 872 873 874 878 881 882 884 885 892 893 920 1008 1009 1010 1013 1015 1017 1018 1023 1241 1395 1902 1946 1963 1974 2074 2210 2341 2342 2343 2344 2345 2346 2347 2348 2349 2350 2351 2352 2353 2354 2355 2394 2400 2410 
58 74 322 323 324 325 790 791 794 795 1396 1528 1873 1879 1880 1881 1885 1886 1948 1951 1953 1957 1958 1959 1963 1968 1970 1974 2050 2051 2052 2055 2173 2187 2188 2189 2193 2356 2357 2358 2359 2360 2361 2362 2363 2364 2365 2366 2367 2368 2369 2370 2371 2372 2373 2374 2375 2376 2377 
143 94 95 99 145 146 147 151 157 160 180 181 185 370 478 479 487 601 602 603 605 607 608 609 612 617 618 619 671 749 750 756 781 842 843 845 846 847 850 851 852 854 869 870 872 873 874 875 878 881 882 884 892 893 896 921 986 1143 1146 1147 1148 1151 1157 1192 1193 1197 1242 1264 1265 1267 1294 1296 1298 1299 1300 1303 1306 1307 1310 1317 1318 1319 1321 1336 1337 1375 1473 1474 1512 1768 1769 1770 1773 1775 1776 1779 1785 1786 1787 1791 1793 1795 1796 1797 1800 1802 1803 1804 1807 1814 1815 1816 1819 1903 1945 1946 1953 2075 2119 2120 2121 2122 2125 2127 2131 2133 2211 2378 2379 2380 2381 2382 2383 2384 2385 2386 2387 2388 2389 2390 2391 2393 2394 2397 
88 49 51 69 278 280 286 294 784 785 792 793 794 797 798 800 805 899 901 903 911 912 919 920 921 1223 1224 1226 1228 1233 1234 1235 1240 1241 1242 1925 2036 2037 2039 2042 2043 2048 2052 2057 2058 2059 2061 2062 2065 2066 2067 2073 2074 2075 2174 2176 2178 2179 2185 2189 2195 2196 2197 2198 2199 2202 2203 2209 2210 2211 2392 2393 2394 2395 2396 2397 2398 2399 2400 2401 2402 2403 2404 2405 2406 2407 2408 2409 2410 
