184:2427
76 0 2 3 385 400 410 680 684 686 689 712 714 715 727 739 896 910 913 916 917 920 922 1330 1331 1347 1424 1446 1449 1450 1451 1455 1457 1458 1463 1464 1498 1499 1508 1509 1628 1629 1645 1647 1648 1649 1774 1803 1805 1806 1887 1889 1902 1956 1968 1975 2000 2001 2038 2040 2083 2087 2089 2091 2092 2151 2298 2299 2332 2333 2334 2341 2378 2389 2391 2392 2411 
82 340 385 386 400 401 410 411 680 684 686 687 689 739 740 800 893 896 899 910 913 916 917 920 922 923 1332 1347 1348 1409 1451 1452 1455 1457 1458 1463 1464 1498 1499 1500 1630 1649 1650 1756 1774 1775 1805 1806 1807 1881 1887 1889 1890 1898 1902 1923 1942 1968 1969 1975 1977 2040 2041 2047 2066 2083 2084 2087 2151 2152 2298 2299 2334 2335 2341 2378 2379 2389 2391 2392 2411 2412 2419 
25 0 1 2 3 4 123 318 324 434 504 755 801 817 826 835 1036 1649 1651 1664 1682 1830 1904 1935 2067 2170 
54 1 2 341 387 402 681 682 713 714 728 801 894 911 915 916 918 1329 1330 1333 1447 1449 1453 1459 1460 1462 1463 1497 1498 1501 1627 1628 1631 1646 1647 1651 1803 1804 1805 1808 1882 1899 1921 1922 1957 1970 1999 2000 2067 2090 2091 2153 2331 2332 2336 
356 4 5 6 7 8 9 10 11 12 13 14 15 16 17 18 19 20 21 22 23 24 25 26 27 28 29 30 31 32 33 34 35 36 37 38 40 41 42 43 44 46 47 48 49 50 51 52 53 54 73 75 77 78 79 82 83 86 87 90 91 92 95 97 98 99 100 102 104 123 128 129 131 133 134 135 136 140 141 143 145 146 148 150 151 152 153 154 156 158 186 197 199 204 205 208 210 212 218 219 290 356 358 360 361 364 365 367 368 370 371 372 373 375 378 379 380 381 384 469 470 472 473 474 475 476 477 478 479 481 482 483 605 607 608 609 610 612 615 651 653 656 657 660 662 665 691 692 693 694 695 696 698 699 700 703 705 706 707 708 709 710 711 769 770 771 773 774 775 776 777 778 779 781 782 783 788 792 794 795 799 937 940 941 946 947 949 951 952 957 960 961 979 984 985 991 1009 1103 1161 1163 1165 1167 1168 1169 1170 1171 1172 1175 1177 1178 1242 1244 1246 1247 1249 1250 1251 1254 1257 1279 1280 1282 1283 1286 1287 1289 1290 1291 1292 1293 1294 1297 1300 1301 1302 1303 1307 1308 1309 1310 1312 1313 1314 1315 1316 1317 1318 1319 1321 1324 1325 1326 1328 1353 1356 1357 1359 1360 1361 1363 1365 1366 1368 1371 1372 1375 1386 1390 1477 1479 1482 1483 1485 1487 1489 1493 1496 1521 1530 1533 1538 1540 1542 1544 1550 1551 1563 1565 1569 1570 1572 1574 1576 1580 1582 1583 1591 1598 1601 1604 1694 1696 1698 1699 1700 1701 1702 1703 1706 1708 1709 2124 2125 2127 2128 2132 2133 2134 2136 2138 2139 2140 2141 2143 2146 2148 2150 2196 2197 2198 2199 2200 2201 2203 2204 2205 2208 2210 2211 2212 2213 2214 2215 2216 2245 2255 2258 2265 2268 2270 2271 2278 2300 2318 2323 2325 2330 
272 33 34 35 36 37 38 39 40 41 42 43 44 45 46 47 48 49 50 51 52 53 54 55 57 59 73 75 76 77 78 79 82 83 86 87 90 91 92 94 95 97 98 99 100 101 102 104 105 123 128 129 131 132 133 134 135 136 140 141 143 145 146 147 148 150 151 152 153 154 155 156 158 159 164 168 186 191 195 197 198 199 204 205 208 210 212 217 218 219 220 223 228 356 358 359 360 361 364 365 367 368 370 371 372 373 374 375 378 379 380 381 382 384 603 605 607 608 609 610 612 613 615 651 652 653 656 657 660 662 665 961 962 966 971 979 984 985 991 992 1009 1010 1016 1021 1103 1104 1109 1113 1161 1163 1164 1165 1167 1168 1169 1170 1171 1172 1174 1175 1177 1178 1242 1243 1244 1246 1247 1249 1250 1251 1253 1254 1257 1353 1354 1356 1357 1359 1360 1361 1363 1365 1366 1367 1368 1371 1372 1373 1375 1376 1386 1390 1471 1475 1477 1478 1479 1482 1483 1485 1487 1489 1493 1494 1496 1521 1525 1530 1531 1533 1538 1540 1542 1544 1549 1550 1551 1557 1561 1563 1564 1565 1569 1570 1572 1574 1576 1580 1581 1582 1583 1584 1587 1591 1592 1598 1601 1604 1610 1694 1695 1696 1698 1699 1700 1701 1702 1703 1705 1706 1708 1709 2245 2249 2253 2255 2256 2258 2265 2268 2270 2271 2277 2278 2279 2300 2301 2305 2310 2318 2323 2325 2330 
15 54 55 56 57 58 59 60 61 62 63 64 65 66 67 68 
261 69 70 71 72 73 74 75 76 77 78 79 80 81 82 83 84 85 86 87 88 89 90 91 92 93 94 95 96 97 98 99 100 101 102 103 104 105 106 118 120 121 158 159 163 164 168 173 177 182 183 184 219 220 221 223 228 237 238 240 241 961 962 964 965 966 969 970 971 978 979 980 982 983 984 985 986 987 988 990 991 992 995 1006 1007 1103 1104 1108 1109 1113 1119 1123 1126 1127 1128 1237 1238 1239 1240 1241 1242 1243 1244 1245 1246 1247 1248 1249 1250 1251 1252 1253 1254 1255 1256 1257 1465 1466 1467 1468 1470 1471 1473 1474 1475 1476 1477 1478 1479 1481 1482 1483 1484 1485 1486 1487 1489 1490 1491 1492 1493 1494 1495 1496 1521 1522 1524 1525 1527 1528 1530 1531 1533 1537 1538 1539 1540 1541 1542 1544 1545 1546 1547 1548 1549 1550 1551 1552 1553 1554 1556 1557 1559 1560 1561 1562 1563 1564 1565 1568 1569 1570 1571 1572 1573 1574 1576 1577 1578 1579 1580 1581 1582 1583 1584 1585 1587 1590 1591 1592 1598 1599 1601 1602 1604 1605 1606 1607 1609 1610 1613 1624 1625 1814 2245 2247 2248 2249 2252 2253 2254 2255 2256 2258 2264 2265 2266 2268 2269 2270 2271 2272 2273 2274 2276 2277 2278 2279 2280 2292 2294 2295 2300 2301 2303 2304 2305 2308 2309 2310 2316 2318 2319 2321 2322 2323 2325 2326 2327 2328 2329 2330 
25 104 105 106 107 108 109 110 111 112 113 114 115 116 117 118 119 120 121 122 2115 2116 2117 2118 2119 2120 
22 342 388 403 666 729 802 1334 1410 1510 1632 1652 1710 1757 1883 1943 1958 1971 1978 2048 2068 2154 2337 
299 104 105 107 111 120 123 124 125 126 127 128 129 130 131 132 133 134 135 136 137 138 139 140 141 142 143 144 145 146 147 148 149 150 151 152 153 154 155 156 157 158 159 163 164 168 169 173 182 184 186 188 189 191 194 195 197 198 199 202 203 204 205 206 208 209 210 212 213 214 215 217 218 219 220 221 223 228 229 232 237 240 961 962 964 966 969 971 972 976 978 979 980 982 984 985 986 987 988 990 991 992 995 999 1007 1103 1104 1108 1109 1113 1114 1117 1119 1126 1128 1237 1238 1239 1240 1241 1242 1243 1244 1245 1246 1247 1248 1249 1250 1251 1252 1253 1254 1255 1256 1257 1465 1466 1467 1468 1471 1473 1474 1475 1477 1478 1479 1480 1481 1482 1483 1484 1485 1486 1487 1489 1490 1491 1492 1493 1494 1495 1496 1521 1522 1525 1527 1530 1531 1532 1533 1535 1537 1538 1539 1540 1541 1542 1544 1545 1546 1547 1548 1549 1550 1551 1552 1553 1554 1557 1559 1560 1561 1563 1564 1565 1566 1568 1569 1570 1571 1572 1573 1574 1576 1577 1578 1579 1580 1581 1582 1583 1584 1585 1587 1590 1591 1592 1593 1595 1598 1599 1601 1602 1604 1605 1606 1607 1609 1610 1613 1617 1625 1689 1690 1691 1692 1693 1694 1695 1696 1697 1698 1699 1700 1701 1702 1703 1704 1705 1706 1707 1708 1709 1815 2245 2247 2249 2252 2253 2255 2256 2257 2258 2262 2264 2265 2266 2268 2269 2270 2271 2272 2273 2274 2276 2277 2278 2279 2281 2294 2300 2301 2303 2305 2308 2310 2311 2314 2316 2318 2319 2321 2323 2325 2326 2327 2328 2329 2330 
35 158 159 160 161 162 163 164 165 166 167 168 169 170 171 172 173 174 175 176 177 178 179 180 181 182 183 184 185 2110 2111 2113 2114 2116 2117 2120 
80 158 159 161 162 163 164 165 167 168 169 170 173 176 179 180 182 184 186 187 188 189 190 191 192 193 194 195 196 197 198 199 200 201 202 203 204 205 206 207 208 209 210 211 212 213 214 215 216 217 218 219 220 221 222 223 224 225 227 228 229 230 232 236 237 239 240 1610 1613 1614 1616 1617 1622 1625 2111 2113 2279 2281 2285 2286 2294 
23 219 220 221 222 223 224 225 226 227 228 229 230 231 232 233 234 235 236 237 238 239 240 241 
15 305 801 803 836 1207 1645 1646 1647 1648 1649 1651 1653 1671 1924 2067 
118 160 168 174 228 232 234 242 243 244 245 246 247 248 249 250 251 252 253 254 255 256 257 258 259 262 265 266 269 271 274 275 276 281 282 286 287 288 296 297 298 618 621 622 626 629 631 635 636 637 641 642 643 651 652 654 655 656 662 665 784 786 789 794 795 797 798 934 937 938 942 945 946 951 952 953 957 958 959 993 1021 1023 1024 1068 1073 1076 1080 1081 1082 1087 1089 1093 1094 1095 1105 1113 1117 1120 1592 1595 1597 1604 1611 2013 2016 2017 2020 2024 2028 2029 2030 2034 2035 2036 2310 2314 2317 2323 2325 
80 160 161 164 165 168 170 174 175 176 177 178 179 181 185 260 261 262 263 264 265 266 267 268 269 270 271 272 273 274 275 276 277 278 279 280 281 282 283 284 285 286 287 288 289 292 293 294 296 297 298 299 300 301 302 303 993 1002 1004 1005 1008 1105 1106 1109 1110 1113 1115 1117 1120 1121 1122 1123 1124 1125 1611 1620 1621 1623 1626 2117 2120 
21 290 291 292 293 294 295 296 297 298 299 300 301 302 303 304 993 998 1002 1004 1005 1008 
21 1 682 713 915 1329 1447 1453 1459 1462 1497 1507 1627 1646 1804 1921 1999 2085 2090 2297 2331 2390 
55 1 2 343 389 404 682 683 713 714 730 895 912 915 916 919 1329 1330 1447 1448 1449 1453 1459 1460 1462 1463 1497 1498 1502 1627 1628 1633 1646 1647 1803 1804 1805 1809 1884 1900 1921 1922 1959 1972 1999 2000 2037 2085 2090 2091 2155 2331 2332 2338 2390 2391 
24 306 387 389 396 573 741 801 804 1179 1646 1647 1651 1654 1666 1672 1921 1922 1925 2067 2078 2153 2155 2156 2165 
116 161 187 197 204 216 261 268 276 285 286 305 306 307 308 309 310 311 312 313 314 315 316 317 318 319 320 321 322 323 324 325 328 331 335 336 337 339 617 624 631 640 641 646 653 656 664 665 933 940 946 956 957 963 1011 1036 1037 1038 1039 1042 1046 1047 1050 1058 1059 1060 1063 1065 1067 1075 1082 1092 1093 1106 1377 1426 1427 1428 1431 1433 1434 1443 1591 1608 1860 1861 1862 1864 1867 1868 1878 2012 2019 2024 2033 2034 2122 2124 2127 2133 2146 2147 2148 2231 2234 2235 2243 2244 2246 2255 2275 2302 2344 2347 2348 2355 2356 
78 108 324 325 326 327 328 329 330 331 332 333 334 335 336 337 338 339 963 967 968 971 973 976 977 982 984 985 1377 1380 1383 1384 1816 2231 2232 2233 2234 2235 2238 2239 2240 2241 2243 2244 2246 2250 2251 2253 2255 2256 2259 2262 2263 2269 2270 2271 2275 2277 2282 2302 2306 2307 2310 2312 2314 2315 2321 2323 2325 2344 2345 2346 2347 2348 2351 2352 2353 2355 2356 
21 344 390 405 667 805 1335 1411 1503 1634 1655 1758 1810 1885 1901 1944 1973 1979 2049 2069 2157 2339 
54 307 340 343 344 348 386 389 390 394 453 505 574 739 740 742 745 800 805 806 814 837 1129 1180 1208 1649 1650 1655 1656 1662 1673 1923 1926 1932 1942 1944 2066 2069 2075 2083 2084 2085 2087 2088 2151 2152 2155 2157 2158 2162 2389 2390 2391 2392 2393 
89 69 102 124 152 156 260 340 341 342 343 344 345 346 347 348 349 350 351 352 353 354 453 454 455 457 459 460 463 465 466 467 468 616 645 693 696 699 708 709 710 932 1066 1157 1237 1258 1260 1262 1264 1265 1271 1272 1274 1275 1306 1350 1425 1428 1433 1442 1443 1444 1465 1689 1833 1836 1841 1852 1856 1857 1859 1862 1867 1876 1878 1879 2011 2121 2198 2201 2204 2213 2214 2215 2224 2227 2228 2229 2230 2343 
227 54 55 56 57 58 59 62 64 65 67 68 104 105 109 110 118 120 121 158 159 163 164 166 168 177 182 183 219 220 221 223 226 228 237 238 240 241 354 355 356 357 358 359 360 361 362 363 364 365 366 367 368 369 370 371 372 373 374 375 376 377 378 379 380 381 382 383 384 961 962 964 965 966 970 971 979 980 982 983 984 985 986 988 991 992 995 997 1006 1103 1104 1108 1109 1111 1113 1123 1126 1127 1376 1378 1379 1381 1386 1388 1390 1465 1467 1468 1470 1471 1474 1475 1476 1477 1478 1479 1482 1483 1484 1485 1486 1487 1489 1491 1493 1494 1495 1496 1521 1522 1524 1525 1528 1530 1531 1533 1538 1539 1540 1541 1542 1544 1546 1548 1549 1550 1551 1553 1554 1556 1557 1560 1561 1562 1563 1564 1565 1569 1570 1571 1572 1573 1574 1576 1578 1580 1581 1582 1583 1584 1585 1587 1591 1592 1598 1599 1601 1602 1604 1606 1609 1610 1613 1615 1624 1817 1818 2245 2247 2248 2249 2253 2254 2255 2256 2258 2265 2266 2268 2269 2270 2271 2273 2276 2277 2278 2279 2283 2284 2292 2294 2295 2300 2301 2303 2304 2305 2309 2310 2318 2319 2321 2322 2323 2325 2326 2328 2330 
23 385 547 575 666 667 668 1130 1209 1347 1348 1349 1732 1774 1775 1776 1779 1977 1978 1979 1980 1981 2171 2357 
80 70 83 102 125 128 141 152 156 261 306 307 308 309 310 311 314 315 316 317 319 320 321 322 323 328 337 339 386 387 388 389 390 391 392 393 394 395 396 397 398 399 617 646 933 1037 1039 1046 1047 1060 1063 1067 1158 1238 1258 1259 1260 1261 1264 1265 1266 1272 1276 1287 1426 1428 1433 1434 1443 1466 1552 1690 1860 1862 1867 1868 1878 2012 2122 2231 2344 
87 345 385 391 400 406 410 412 668 680 684 686 688 689 739 743 807 896 900 910 913 916 917 920 922 924 1336 1347 1349 1412 1424 1451 1454 1455 1457 1458 1463 1464 1498 1499 1504 1508 1509 1511 1635 1649 1657 1674 1711 1759 1774 1776 1811 1886 1887 1889 1891 1902 1927 1945 1956 1960 1968 1974 1975 1981 2040 2042 2050 2070 2083 2086 2087 2151 2159 2298 2299 2334 2340 2341 2378 2380 2389 2391 2392 2411 2413 2420 
139 5 308 340 344 345 348 386 390 391 394 400 401 405 406 408 454 506 548 576 667 668 739 740 743 745 750 800 805 807 808 814 838 867 899 900 901 903 1031 1097 1131 1181 1210 1258 1332 1335 1336 1340 1500 1503 1504 1505 1630 1634 1635 1638 1649 1650 1655 1657 1658 1662 1674 1675 1711 1712 1733 1780 1881 1885 1886 1887 1888 1889 1890 1891 1892 1893 1898 1901 1902 1903 1923 1927 1928 1932 1942 1944 1945 1968 1969 1973 1974 1975 1976 1977 1979 1981 1982 1990 2047 2049 2050 2066 2069 2070 2075 2083 2084 2086 2087 2088 2151 2152 2157 2159 2162 2172 2298 2299 2334 2335 2339 2340 2341 2342 2358 2378 2379 2380 2381 2383 2389 2391 2392 2393 2419 2420 2421 2423 
19 71 126 401 402 403 404 405 406 407 408 409 1159 1239 1258 1262 1267 1268 1277 1691 
111 72 79 127 128 136 188 242 247 262 355 410 411 412 413 414 415 416 417 419 421 422 424 426 428 429 433 484 486 497 551 555 556 558 560 563 564 565 566 568 572 578 581 589 591 594 595 596 602 618 784 868 872 873 883 886 887 934 1037 1042 1068 1132 1136 1137 1146 1148 1151 1152 1184 1188 1191 1193 1196 1197 1198 1199 1206 1212 1215 1216 1225 1227 1230 1231 1232 1278 1351 1392 1394 1396 1398 1401 1402 1408 1426 1431 1467 1553 1736 1741 1743 1746 1747 1748 1749 1752 1860 1864 2002 2004 2013 2123 
101 56 72 75 79 80 88 94 95 103 127 128 131 136 137 138 144 147 148 152 157 188 189 221 355 358 362 369 374 375 383 418 419 420 421 422 423 424 425 426 427 428 429 430 431 432 433 484 485 486 487 488 489 490 492 494 495 496 497 498 499 500 501 502 602 606 614 647 651 964 1012 1163 1174 1175 1242 1253 1254 1351 1353 1358 1367 1368 1374 1467 1468 1495 1522 1553 1554 1585 1694 1705 1706 2002 2003 2004 2005 2006 2008 2009 2247 2303 
104 162 190 195 204 210 212 217 222 291 434 435 436 437 438 439 440 441 442 443 444 445 446 447 448 449 450 451 452 469 470 471 473 474 475 477 478 479 480 481 482 483 532 533 534 535 537 538 539 540 541 542 543 544 545 546 769 770 771 772 773 774 775 776 777 778 779 780 781 782 783 786 794 795 797 937 938 946 951 952 953 957 958 1013 1107 1469 1475 1482 1487 1489 1493 1494 1523 1542 1544 1549 1555 1561 1569 1574 1576 1580 1581 1586 1604 
139 69 75 84 89 94 102 260 263 265 354 358 366 374 453 454 455 456 457 458 459 460 461 462 463 464 465 466 467 468 616 619 621 637 645 651 693 696 697 699 701 702 703 704 708 709 710 785 932 935 937 953 965 1014 1066 1069 1237 1242 1253 1306 1308 1320 1350 1353 1367 1378 1425 1428 1429 1433 1435 1436 1437 1440 1442 1443 1444 1465 1470 1524 1556 1689 1694 1705 1833 1836 1837 1841 1845 1846 1847 1849 1852 1856 1857 1859 1862 1863 1866 1867 1869 1870 1871 1874 1876 1878 1879 2011 2014 2016 2030 2121 2125 2142 2198 2201 2202 2204 2206 2207 2208 2209 2213 2214 2215 2218 2221 2222 2224 2227 2228 2229 2230 2232 2240 2248 2304 2343 2345 2353 
90 158 162 167 179 182 219 222 227 239 240 469 470 471 472 473 474 475 476 477 478 479 480 481 482 483 994 1103 1107 1112 1125 1126 1469 1475 1476 1477 1479 1482 1483 1485 1487 1488 1489 1491 1493 1494 1496 1521 1523 1528 1529 1530 1533 1538 1540 1542 1543 1544 1546 1548 1549 1550 1551 1555 1561 1562 1563 1565 1569 1570 1572 1574 1575 1576 1578 1580 1581 1582 1583 1586 1591 1598 1601 1603 1604 1606 1609 1612 2110 2285 2294 
137 56 62 64 72 74 75 79 80 83 88 94 95 96 100 102 103 127 128 130 131 136 137 138 141 144 147 148 149 152 154 156 157 163 188 189 206 209 221 237 355 357 358 362 365 369 374 375 377 381 383 484 485 486 487 488 489 490 491 492 493 494 495 496 497 498 499 500 501 502 503 602 606 611 614 647 650 651 658 661 964 980 982 995 1012 1015 1026 1108 1162 1163 1174 1175 1178 1241 1242 1248 1253 1254 1351 1352 1353 1358 1362 1364 1367 1368 1370 1374 1379 1467 1468 1474 1484 1486 1495 1522 1539 1541 1553 1554 1560 1571 1573 1585 1599 1602 1613 1693 1694 1705 1706 1709 2247 2266 2269 2303 2319 2321 
327 33 34 35 36 37 38 40 41 42 43 44 46 47 48 49 50 51 52 53 57 73 75 77 78 79 83 86 90 91 92 95 97 98 99 100 101 102 123 128 129 131 133 134 135 136 141 143 145 146 148 150 151 152 153 154 155 156 164 191 197 199 204 210 212 217 218 223 265 268 270 276 281 282 286 287 289 292 356 358 360 361 365 367 370 371 372 373 375 378 379 380 381 382 384 504 505 506 507 508 509 510 511 512 513 514 515 516 517 518 519 520 521 522 523 524 525 526 527 528 529 530 531 605 609 610 612 613 615 621 624 625 631 635 636 641 642 644 651 653 656 662 665 788 794 795 797 799 937 940 941 946 951 952 957 958 960 966 984 985 991 1016 1070 1075 1077 1082 1087 1089 1093 1094 1096 1109 1161 1163 1165 1167 1170 1171 1172 1175 1177 1178 1242 1244 1246 1250 1251 1254 1257 1279 1280 1282 1283 1287 1289 1291 1292 1293 1294 1297 1300 1301 1302 1303 1304 1307 1308 1309 1310 1313 1314 1316 1317 1318 1319 1321 1324 1325 1326 1327 1328 1353 1356 1357 1360 1365 1366 1368 1371 1372 1373 1375 1390 1471 1477 1479 1482 1487 1489 1493 1494 1496 1525 1530 1533 1542 1544 1549 1550 1557 1563 1565 1569 1574 1576 1580 1581 1582 1587 1591 1604 1694 1696 1698 1701 1702 1703 1706 1708 1709 2093 2094 2095 2096 2098 2099 2100 2101 2102 2103 2105 2106 2107 2108 2109 2196 2197 2198 2199 2200 2201 2203 2204 2205 2208 2210 2211 2212 2213 2214 2215 2216 2249 2255 2258 2270 2271 2277 2278 2305 2323 2325 2330 2394 2395 2396 2397 2399 2400 2401 2402 2403 2404 2406 2407 2408 2409 2410 
86 162 167 182 190 195 196 197 204 205 208 210 212 214 217 218 222 227 240 532 533 534 535 536 537 538 539 540 541 542 543 544 545 546 996 1107 1112 1126 1469 1475 1476 1477 1482 1483 1485 1487 1489 1491 1493 1494 1496 1523 1528 1529 1530 1538 1540 1542 1544 1546 1548 1549 1550 1555 1561 1562 1563 1569 1570 1572 1574 1576 1578 1580 1581 1582 1586 1591 1598 1601 1604 1606 1609 1614 2111 2285 2294 
205 188 192 224 262 264 265 271 288 293 326 327 329 330 332 333 337 338 547 548 549 550 551 552 553 554 555 556 557 558 559 560 561 562 563 564 565 566 567 568 569 570 571 572 575 576 577 578 579 581 582 583 584 585 587 588 589 590 591 592 593 594 595 596 597 598 599 600 601 618 620 621 626 637 643 648 651 784 789 798 934 936 937 942 953 959 967 1017 1037 1039 1040 1042 1043 1044 1045 1046 1048 1049 1051 1054 1055 1056 1060 1061 1062 1064 1068 1071 1095 1130 1131 1132 1134 1136 1137 1138 1139 1140 1141 1143 1145 1146 1147 1148 1149 1150 1151 1152 1153 1154 1155 1156 1163 1174 1175 1178 1209 1210 1211 1212 1213 1215 1216 1217 1218 1219 1220 1222 1224 1225 1226 1227 1228 1229 1230 1231 1232 1233 1234 1235 1236 1426 1428 1429 1431 1432 1433 1436 1440 1441 1442 1443 1444 1445 1467 1472 1495 1526 1553 1558 1588 1694 1705 1706 1709 2002 2003 2004 2005 2006 2008 2009 2010 2013 2015 2016 2020 2030 2036 2232 2240 2241 2250 2306 2345 2353 
174 165 188 192 193 195 209 217 224 225 237 262 264 265 266 271 280 284 287 288 293 294 301 326 327 329 330 332 333 334 337 338 339 573 574 575 576 577 578 579 580 581 582 583 584 585 586 587 588 589 590 591 592 593 594 595 596 597 598 599 600 601 618 620 621 622 626 634 637 639 642 643 648 649 651 652 661 784 786 789 796 797 798 934 936 937 938 942 950 953 955 958 959 967 968 982 1017 1018 1026 1037 1039 1040 1041 1042 1043 1044 1045 1046 1048 1049 1051 1053 1054 1055 1056 1057 1060 1061 1062 1063 1064 1068 1071 1072 1073 1086 1091 1094 1095 1110 1380 1426 1428 1429 1430 1431 1432 1433 1436 1439 1440 1441 1442 1443 1444 1445 1588 1589 1602 2013 2015 2016 2017 2020 2027 2030 2032 2035 2036 2232 2233 2240 2241 2250 2251 2253 2269 2277 2306 2307 2321 2345 2346 2351 2353 
14 602 603 604 605 606 607 608 609 610 611 612 613 614 615 
134 112 116 118 160 161 164 165 168 170 174 175 176 177 179 181 185 292 293 294 296 297 298 299 300 301 302 303 616 617 618 619 620 621 622 623 624 625 626 627 628 629 630 631 632 633 634 635 636 637 638 639 640 641 642 643 644 645 646 648 649 651 652 653 654 655 656 658 659 660 661 662 663 664 665 993 1002 1005 1008 1011 1014 1016 1017 1018 1021 1022 1023 1024 1025 1026 1027 1028 1105 1106 1109 1110 1113 1115 1117 1120 1121 1122 1123 1125 1377 1378 1380 1381 1383 1387 1390 1819 1824 2117 2120 2302 2304 2305 2306 2307 2309 2310 2312 2313 2314 2317 2319 2320 2321 2322 2323 2324 2325 2326 2330 
43 645 646 647 648 649 650 651 652 653 654 655 656 657 658 659 660 661 662 663 664 665 1103 1104 1105 1106 1108 1109 1110 1111 1113 1115 1117 1120 1121 1122 1123 1124 1125 1126 1127 2112 2117 2120 
113 6 309 341 343 348 350 387 389 394 396 418 455 466 507 549 568 577 689 690 713 714 715 716 728 730 733 735 736 744 745 747 801 809 814 821 839 925 926 929 1182 1211 1333 1337 1340 1342 1391 1413 1418 1447 1448 1449 1450 1453 1455 1456 1512 1515 1627 1628 1629 1631 1633 1638 1640 1651 1659 1662 1666 1667 1676 1686 1713 1727 1734 1752 1760 1766 1772 1781 1798 1905 1929 1932 1939 1946 1957 1959 1963 1965 1966 1999 2000 2001 2043 2045 2051 2067 2071 2075 2078 2090 2091 2092 2153 2155 2162 2165 2166 2331 2332 2333 2414 2416 
56 79 81 82 95 100 128 136 139 140 148 154 194 607 666 667 668 669 670 671 672 673 674 675 676 677 678 679 969 1160 1175 1178 1240 1254 1285 1286 1297 1303 1473 1527 1559 1590 1692 1706 1709 2252 2308 2357 2358 2359 2362 2363 2365 2367 2370 2371 2377 
200 7 11 15 19 33 128 242 311 316 319 386 387 389 390 391 394 396 410 411 412 413 414 415 417 419 422 424 435 437 440 484 508 512 516 519 532 551 556 558 563 568 578 581 589 594 667 668 669 672 674 680 681 682 683 684 685 686 687 688 689 690 691 717 719 720 757 769 800 801 805 807 813 814 815 818 821 840 844 849 852 858 868 873 1037 1132 1137 1146 1184 1188 1191 1196 1212 1216 1225 1230 1259 1261 1392 1394 1396 1409 1411 1412 1414 1417 1418 1419 1426 1649 1650 1651 1655 1657 1661 1662 1663 1665 1666 1667 1674 1677 1680 1683 1686 1736 1741 1746 1752 1756 1758 1759 1761 1765 1766 1767 1769 1772 1783 1788 1790 1794 1798 1831 1860 1906 1907 1909 1923 1927 1930 1932 1933 1936 1939 1942 1944 1945 1947 1950 1951 1977 1979 1981 1983 1988 1990 1991 1994 1997 2002 2066 2067 2069 2070 2074 2075 2076 2078 2093 2151 2152 2153 2155 2157 2159 2162 2163 2165 2166 2173 2177 2196 2359 2363 2394 2411 2412 2413 2414 2416 
212 6 7 11 15 16 19 21 24 33 34 42 73 128 129 242 243 249 309 311 315 316 317 319 320 325 356 435 437 440 442 446 469 507 508 512 516 517 519 521 524 532 533 686 687 688 689 690 691 692 699 756 757 762 764 769 770 775 800 801 805 807 809 813 814 815 816 818 819 821 827 839 840 844 849 850 852 854 858 859 868 869 873 879 883 886 1037 1038 1046 1132 1133 1137 1143 1146 1148 1151 1161 1211 1212 1216 1222 1225 1227 1230 1231 1279 1307 1409 1411 1412 1413 1414 1417 1418 1419 1420 1421 1426 1427 1433 1649 1650 1651 1655 1657 1659 1661 1662 1663 1665 1666 1667 1674 1676 1677 1680 1681 1683 1684 1686 1756 1758 1759 1760 1761 1765 1766 1767 1768 1769 1770 1772 1831 1832 1841 1860 1861 1867 1905 1906 1907 1909 1911 1914 1923 1927 1929 1930 1932 1933 1934 1936 1937 1939 1942 1944 1945 1946 1947 1950 1951 1952 1953 2066 2067 2069 2070 2071 2074 2075 2076 2078 2093 2094 2100 2124 2173 2174 2177 2182 2186 2188 2196 2197 2204 2217 2359 2360 2363 2369 2394 2395 2401 
227 54 58 67 104 110 120 158 166 182 219 226 240 354 356 358 360 361 363 364 365 366 367 368 370 371 372 373 374 375 376 378 379 380 381 384 645 651 653 656 657 660 662 663 665 691 692 693 694 695 696 697 698 699 700 701 702 703 704 705 706 707 708 709 710 711 961 965 970 979 984 985 986 988 991 997 1009 1014 1019 1029 1103 1111 1126 1237 1242 1244 1246 1247 1249 1250 1251 1253 1254 1255 1257 1306 1307 1308 1309 1310 1311 1312 1313 1314 1315 1316 1317 1318 1319 1320 1321 1322 1324 1325 1326 1328 1350 1353 1355 1356 1357 1359 1360 1361 1363 1365 1366 1367 1368 1369 1371 1372 1375 1378 1381 1386 1390 1465 1470 1476 1477 1479 1482 1483 1485 1487 1489 1491 1493 1496 1521 1524 1528 1530 1533 1538 1540 1542 1544 1546 1548 1550 1551 1556 1562 1563 1565 1569 1570 1572 1574 1576 1578 1580 1582 1583 1591 1598 1601 1604 1606 1609 1615 1818 2121 2124 2125 2126 2127 2128 2131 2132 2133 2134 2136 2138 2139 2140 2141 2142 2143 2144 2146 2148 2150 2245 2248 2254 2255 2258 2265 2268 2270 2271 2273 2276 2278 2284 2294 2300 2304 2309 2318 2323 2325 2326 2328 2330 
167 6 8 35 244 309 310 322 323 341 343 348 350 351 352 387 389 394 396 397 398 399 418 430 431 432 455 466 467 468 485 507 509 530 549 550 568 569 570 571 577 579 601 693 712 713 714 715 716 724 725 726 727 728 730 733 735 736 737 739 744 745 747 748 749 801 809 814 821 822 823 824 839 841 863 865 870 922 925 926 929 930 931 1039 1134 1182 1183 1202 1204 1205 1211 1213 1260 1391 1404 1406 1407 1428 1451 1453 1455 1456 1649 1651 1659 1662 1666 1667 1668 1669 1670 1676 1686 1687 1688 1713 1727 1728 1729 1730 1734 1735 1752 1753 1755 1781 1782 1798 1799 1800 1801 1833 1862 1905 1929 1932 1939 1940 1941 2040 2043 2045 2046 2051 2062 2063 2064 2067 2071 2075 2078 2079 2080 2081 2095 2151 2153 2155 2162 2165 2166 2167 2168 2169 2175 2198 2361 2396 
37 74 83 102 128 130 141 152 156 357 365 484 485 491 492 493 501 650 716 717 718 719 720 721 722 723 724 725 726 1162 1241 1352 1474 1560 1693 2002 2006 2007 
229 6 8 12 22 27 29 30 35 38 46 50 51 52 75 131 152 244 245 251 256 257 258 265 330 333 337 338 358 418 421 429 430 431 432 433 444 448 450 451 455 457 465 466 467 468 470 485 488 496 499 501 502 507 509 513 522 526 528 529 530 534 549 550 552 555 562 565 568 569 570 571 572 577 579 583 593 597 599 600 601 621 651 693 696 703 708 709 710 727 728 729 730 731 732 733 734 735 736 737 738 739 744 745 746 747 748 749 771 839 841 845 856 861 862 863 864 865 870 875 885 888 890 891 937 1039 1040 1049 1056 1060 1061 1134 1139 1150 1153 1155 1156 1163 1182 1183 1185 1195 1198 1202 1203 1204 1205 1206 1211 1213 1218 1229 1233 1235 1236 1242 1280 1308 1353 1391 1400 1402 1404 1405 1406 1407 1408 1428 1429 1436 1442 1443 1444 1694 1781 1782 1784 1787 1795 1798 1799 1800 1801 1802 1833 1836 1847 1852 1856 1857 1862 1863 1870 1876 1878 1879 1905 1912 1916 1918 1919 1929 1932 1938 1939 1940 1941 2003 2016 2095 2096 2106 2107 2125 2198 2201 2208 2213 2214 2215 2222 2224 2227 2228 2232 2345 2396 2397 2407 2408 
224 35 38 39 41 45 46 50 51 52 75 76 94 102 131 132 147 152 156 195 244 245 251 254 256 257 258 265 266 327 329 330 333 337 338 339 358 359 374 436 443 444 447 448 450 451 452 470 471 480 534 535 543 573 574 576 577 579 583 584 586 592 593 597 599 600 601 603 621 622 637 651 652 739 740 741 742 743 744 745 746 747 748 749 771 772 780 786 837 838 839 841 845 846 848 855 856 860 861 862 863 864 865 866 867 870 875 876 878 884 885 888 890 891 937 938 953 1039 1040 1045 1048 1049 1054 1056 1060 1061 1063 1073 1129 1131 1134 1139 1140 1142 1149 1150 1153 1155 1156 1163 1164 1174 1179 1180 1181 1182 1183 1185 1186 1187 1194 1195 1198 1200 1202 1203 1204 1205 1206 1208 1210 1211 1213 1218 1219 1221 1228 1229 1233 1235 1236 1242 1243 1253 1280 1281 1296 1353 1354 1367 1391 1393 1399 1400 1402 1403 1404 1405 1406 1407 1408 1428 1429 1436 1440 1442 1443 1444 1475 1561 1694 1695 1705 2016 2017 2030 2095 2096 2097 2104 2106 2107 2232 2233 2240 2253 2345 2346 2353 2396 2397 2398 2405 2407 2408 
60 90 95 196 267 370 375 477 481 540 544 604 623 696 705 707 750 751 752 753 754 760 761 778 781 787 939 970 1074 1250 1254 1316 1321 1355 1368 1381 1438 1441 1476 1528 1562 1701 1706 1836 1843 1844 1850 1851 1872 1875 2018 2126 2138 2143 2201 2210 2212 2238 2241 2254 2309 
89 167 196 197 204 205 208 214 227 295 469 472 473 474 475 476 477 481 482 483 532 533 536 537 538 539 540 544 545 546 755 756 757 758 759 760 761 762 763 764 765 766 767 768 769 770 774 775 776 777 778 781 782 783 787 792 939 940 946 947 949 954 957 1020 1112 1476 1477 1482 1483 1485 1491 1493 1528 1529 1530 1538 1540 1546 1562 1563 1569 1570 1572 1578 1580 1591 1598 1601 1606 2285 
92 158 162 167 179 182 186 190 195 196 197 199 204 205 208 210 211 212 214 217 218 219 222 227 239 240 290 291 295 303 304 769 770 771 772 773 774 775 776 777 778 779 780 781 782 783 786 787 788 792 794 795 797 799 937 938 939 940 941 946 947 949 951 952 953 954 957 958 960 998 1009 1013 1020 1028 1029 1103 1107 1112 1125 1126 1583 1586 1591 1598 1601 1603 1604 1606 1609 1616 2113 2285 2294 
36 290 291 292 293 294 295 296 297 298 299 300 301 302 303 304 784 785 786 787 788 789 790 791 792 793 794 795 796 797 798 799 993 998 1002 1005 1008 
262 4 5 6 7 8 10 11 12 13 14 15 16 17 19 21 23 24 28 33 34 35 37 38 40 41 42 43 73 77 79 83 97 98 123 128 129 133 136 141 150 151 197 268 305 306 307 308 309 310 311 312 313 314 315 316 317 318 319 320 322 323 324 325 328 331 335 336 356 360 365 378 379 469 472 473 474 504 505 506 507 508 509 511 512 513 514 515 516 517 519 521 523 524 527 530 532 533 536 537 538 612 624 653 691 692 693 695 696 698 699 700 755 756 757 759 762 763 764 766 769 770 774 775 776 800 801 802 803 804 805 806 807 808 809 810 811 812 813 814 815 816 817 818 819 820 821 822 823 824 825 826 827 830 831 832 940 1036 1037 1038 1039 1042 1046 1047 1050 1058 1059 1075 1161 1165 1244 1279 1282 1287 1300 1301 1307 1309 1313 1324 1356 1371 1426 1427 1428 1431 1433 1434 1477 1530 1563 1591 1696 1830 1831 1832 1833 1834 1836 1839 1841 1842 1848 1854 1855 1860 1861 1862 1864 1867 1868 1904 1905 1906 1907 1909 1911 1913 1914 1917 2019 2093 2094 2095 2099 2100 2101 2124 2127 2146 2170 2172 2173 2174 2175 2176 2177 2178 2180 2181 2182 2183 2186 2187 2188 2192 2196 2197 2198 2200 2201 2203 2204 2205 2234 2255 2347 2394 2395 2396 2400 2401 2402 
9 826 827 828 829 830 831 832 833 834 
358 33 34 35 36 37 38 39 40 41 42 43 44 45 46 47 48 49 50 51 52 53 59 73 75 76 79 83 86 90 91 92 94 95 97 98 99 100 101 102 123 128 129 131 132 134 136 141 143 145 146 147 148 150 151 152 153 154 155 156 168 195 198 204 210 212 217 228 242 243 244 245 246 247 249 250 251 252 253 254 255 256 257 258 259 265 266 269 276 281 282 286 287 296 324 325 327 328 329 330 331 333 335 336 337 338 339 356 358 359 365 367 370 371 372 373 374 375 378 379 380 381 382 603 609 610 612 613 621 622 631 635 636 637 641 642 651 652 656 662 665 786 794 795 797 835 836 837 838 839 840 841 842 843 844 845 846 847 848 849 850 851 852 853 854 855 856 857 858 859 860 861 862 863 864 865 866 867 868 869 870 871 872 873 875 876 877 878 879 880 881 882 883 884 885 886 888 890 891 892 937 938 946 951 952 953 957 958 971 984 985 1021 1073 1076 1082 1087 1089 1093 1094 1113 1161 1163 1164 1167 1170 1171 1172 1174 1175 1177 1178 1242 1243 1246 1250 1251 1253 1254 1257 1279 1280 1281 1287 1289 1291 1292 1293 1294 1296 1297 1300 1301 1302 1303 1304 1353 1354 1360 1365 1366 1367 1368 1371 1372 1373 1475 1478 1482 1487 1489 1493 1494 1531 1542 1544 1549 1561 1564 1569 1574 1576 1580 1581 1592 1604 1694 1695 1698 1701 1702 1703 1705 1706 1708 1709 2016 2017 2024 2028 2029 2030 2034 2035 2093 2094 2095 2096 2097 2098 2099 2100 2101 2102 2103 2104 2105 2106 2107 2108 2109 2232 2233 2235 2238 2239 2240 2241 2244 2253 2256 2270 2271 2277 2310 2323 2325 2345 2346 2348 2352 2353 2356 2394 2395 2396 2397 2398 2399 2400 2401 2402 2403 2404 2405 2406 2407 2408 2409 2410 
196 59 60 61 111 123 127 128 129 131 132 134 135 136 137 138 140 141 143 145 146 147 148 150 151 152 153 154 155 156 157 168 169 188 195 198 199 202 204 205 210 212 217 218 228 229 232 867 868 869 870 871 872 873 874 875 876 877 878 879 880 881 882 883 884 885 886 887 888 889 890 891 892 971 972 976 979 984 985 991 999 1113 1114 1117 1161 1163 1164 1167 1168 1170 1171 1172 1174 1175 1177 1178 1242 1243 1246 1247 1250 1251 1253 1254 1257 1278 1279 1280 1281 1283 1284 1286 1287 1289 1291 1292 1293 1294 1296 1297 1300 1301 1302 1303 1304 1305 1382 1386 1390 1467 1475 1478 1479 1480 1482 1483 1487 1489 1493 1494 1495 1496 1531 1532 1533 1535 1538 1542 1544 1549 1550 1553 1561 1564 1565 1566 1569 1570 1574 1576 1580 1581 1582 1592 1593 1595 1598 1604 1617 1694 1695 1698 1699 1701 1702 1703 1705 1706 1708 1709 2253 2256 2257 2258 2262 2265 2270 2271 2277 2278 2310 2311 2314 2318 2323 2325 2330 
66 9 11 15 19 36 134 246 435 437 440 510 512 516 519 580 581 589 594 694 773 842 844 849 852 858 871 873 893 894 895 896 897 898 899 900 902 903 904 907 909 1041 1135 1137 1146 1214 1216 1225 1230 1392 1394 1396 1430 1906 1907 1909 2098 2199 2378 2379 2380 2382 2383 2384 2386 2388 2399 
106 5 9 10 11 15 18 19 20 21 24 25 36 37 44 48 78 79 91 134 135 136 146 199 270 361 372 473 478 506 510 511 512 516 518 519 520 521 524 605 625 694 695 706 773 774 779 788 867 871 872 873 881 882 883 886 899 900 901 902 903 904 905 906 907 908 909 941 1077 1131 1135 1136 1137 1145 1146 1147 1148 1151 1171 1283 1293 1310 1318 1357 1479 1533 1565 1702 1906 1907 1908 1909 1910 1911 1914 2098 2099 2103 2128 2140 2199 2200 2211 2258 2399 2400 2404 
168 10 11 21 24 37 79 136 247 311 317 319 320 410 411 412 413 415 419 426 428 435 442 446 473 486 511 512 521 524 537 551 560 563 564 581 591 594 595 667 668 669 676 677 695 757 762 764 774 800 801 805 807 814 816 818 819 843 844 854 858 859 872 873 883 886 899 900 902 903 906 907 908 910 911 912 913 914 1042 1136 1137 1148 1151 1184 1193 1196 1197 1215 1216 1227 1230 1231 1392 1398 1401 1409 1411 1412 1414 1418 1420 1421 1431 1711 1714 1722 1723 1724 1736 1743 1746 1747 1756 1758 1759 1761 1766 1768 1769 1770 1834 1864 1906 1911 1914 1942 1944 1945 1947 1952 1953 1977 1979 1981 1983 1990 1993 1994 1995 2004 2047 2049 2050 2052 2059 2060 2066 2067 2069 2070 2075 2078 2099 2176 2177 2186 2188 2200 2362 2363 2378 2379 2380 2382 2383 2385 2386 2387 2400 
174 11 311 319 386 387 389 390 391 394 410 411 412 413 415 419 435 456 463 512 551 563 581 594 667 668 669 680 681 682 683 684 686 687 688 689 690 717 757 800 801 805 807 814 818 844 858 873 893 894 895 896 897 899 900 902 903 907 910 911 912 913 915 916 917 918 919 920 922 923 924 926 927 1137 1184 1196 1216 1230 1261 1392 1409 1411 1412 1414 1418 1451 1452 1453 1454 1455 1456 1500 1501 1502 1503 1504 1505 1649 1650 1651 1655 1657 1662 1665 1674 1677 1683 1711 1714 1723 1736 1746 1756 1758 1759 1761 1766 1769 1783 1794 1807 1808 1809 1810 1811 1812 1906 1923 1927 1930 1932 1936 1942 1944 1945 1947 1977 1979 1981 1983 1990 1994 2040 2041 2042 2043 2047 2049 2050 2052 2066 2067 2069 2070 2075 2151 2152 2153 2155 2157 2159 2162 2163 2177 2363 2378 2379 2380 2382 2383 2386 2411 2412 2413 2414 
76 137 248 419 422 424 487 551 556 558 563 568 581 582 589 594 873 874 918 919 920 921 922 923 924 926 927 929 1043 1137 1138 1146 1184 1188 1191 1196 1216 1217 1225 1230 1432 1711 1714 1718 1720 1723 1727 1736 1741 1746 1752 1783 1788 1790 1794 1798 1835 1865 2005 2040 2041 2042 2043 2045 2047 2049 2050 2052 2055 2057 2363 2364 2411 2412 2413 2414 2416 
114 80 137 138 244 248 249 271 326 362 418 419 422 424 429 430 431 432 485 487 492 500 549 550 551 556 558 563 565 567 568 569 570 571 577 579 581 582 587 589 594 598 601 606 626 789 870 873 874 879 889 922 923 924 925 926 927 928 929 930 931 942 1039 1043 1044 1046 1134 1137 1138 1143 1146 1154 1182 1183 1184 1188 1189 1191 1196 1198 1201 1202 1204 1205 1211 1213 1216 1217 1222 1225 1230 1234 1284 1358 1428 1432 1433 1734 1735 1736 1741 1746 1748 1751 1752 1753 1755 1862 1865 1867 1877 2005 2006 2020 2129 
102 158 160 161 162 164 165 167 168 170 174 175 176 177 179 181 182 185 290 291 292 293 294 295 296 297 298 299 300 301 302 303 304 932 933 934 935 936 937 938 939 940 941 942 943 944 945 946 947 948 949 950 951 952 953 954 955 956 957 958 959 960 993 998 1002 1005 1008 1009 1011 1013 1014 1016 1017 1018 1020 1021 1022 1023 1024 1025 1026 1027 1028 1029 1103 1105 1106 1107 1109 1110 1112 1113 1115 1117 1120 1121 1122 1123 1125 1126 2113 2117 2120 
76 104 105 106 107 108 109 110 111 112 113 114 115 117 118 119 120 121 122 961 962 963 964 965 966 967 968 969 970 971 972 973 974 975 976 977 978 979 980 981 982 983 984 985 986 987 988 989 990 991 992 995 997 999 1001 1003 1004 1006 1007 1814 1815 1816 1817 1818 1819 1820 1821 1822 1823 1825 1826 1828 1829 2115 2116 2118 2119 
17 992 993 994 995 996 997 998 999 1000 1001 1002 1003 1004 1005 1006 1007 1008 
22 1009 1010 1011 1012 1013 1014 1015 1016 1017 1018 1019 1020 1021 1022 1023 1024 1025 1026 1027 1028 1029 1030 
22 200 272 627 790 943 973 1031 1032 1033 1034 1035 1052 1055 1078 1383 1438 1441 2021 2238 2241 2259 2312 
245 112 161 165 170 176 187 188 192 193 195 197 200 201 202 204 206 207 209 216 217 224 225 230 232 236 237 261 262 264 265 266 268 271 272 273 274 276 277 278 280 284 285 286 287 288 293 294 297 299 300 301 617 618 620 621 622 624 626 627 628 629 631 632 634 637 639 640 641 642 643 646 648 649 651 652 653 654 656 658 659 661 664 665 784 786 789 790 791 793 796 797 798 933 934 936 937 938 940 942 943 944 945 946 948 950 953 955 956 957 958 959 963 967 968 973 974 976 980 981 982 1011 1017 1018 1022 1023 1025 1026 1036 1037 1038 1039 1040 1041 1042 1043 1044 1045 1046 1047 1048 1049 1050 1051 1052 1053 1054 1055 1056 1057 1058 1059 1060 1061 1062 1063 1064 1065 1067 1068 1071 1072 1073 1075 1078 1079 1080 1082 1083 1084 1086 1091 1092 1093 1094 1095 1106 1110 1115 1117 1122 1377 1380 1383 1387 1588 1589 1591 1595 1599 1600 1602 1608 1819 2012 2013 2015 2016 2017 2019 2020 2021 2022 2024 2025 2027 2030 2032 2033 2034 2035 2036 2231 2232 2233 2234 2235 2236 2238 2240 2241 2243 2244 2246 2250 2251 2253 2255 2259 2260 2262 2266 2267 2269 2275 2277 2286 2302 2306 2307 2312 2313 2314 2319 2320 2321 
90 160 161 164 165 168 170 174 175 176 177 179 181 185 223 224 225 228 230 232 234 235 236 237 238 239 1065 1066 1067 1068 1069 1070 1071 1072 1073 1074 1075 1076 1077 1078 1079 1080 1081 1082 1083 1084 1085 1086 1087 1088 1089 1090 1091 1092 1093 1094 1095 1096 1105 1106 1109 1110 1113 1115 1117 1120 1121 1122 1123 1125 1587 1588 1589 1591 1592 1595 1597 1599 1600 1601 1602 1603 1604 1606 1608 1611 1620 1623 1626 2117 2120 
34 201 273 628 791 944 974 1052 1053 1055 1062 1079 1097 1098 1099 1100 1101 1102 1438 1439 1441 1445 1872 1873 1875 1880 2022 2130 2138 2140 2143 2238 2241 2260 2313 
33 1103 1104 1105 1106 1107 1108 1109 1110 1111 1112 1113 1114 1115 1116 1117 1118 1119 1120 1121 1122 1123 1124 1125 1126 1127 1128 2110 2111 2112 2113 2114 2117 2120 
102 171 224 231 232 967 975 976 984 985 991 1116 1117 1129 1130 1131 1132 1133 1134 1135 1136 1137 1138 1139 1140 1141 1142 1143 1144 1145 1146 1147 1148 1149 1150 1151 1152 1153 1154 1155 1156 1161 1163 1164 1170 1171 1172 1174 1175 1177 1178 1467 1472 1475 1479 1480 1487 1489 1493 1494 1495 1496 1526 1533 1534 1535 1542 1544 1549 1550 1553 1558 1561 1565 1566 1574 1576 1580 1581 1582 1588 1594 1595 1604 1618 1694 1695 1701 1702 1703 1705 1706 1708 1709 2250 2253 2258 2261 2262 2270 2271 2277 2278 
168 158 159 163 164 168 169 171 172 173 184 219 220 221 223 224 228 229 231 232 233 237 992 995 999 1000 1007 1103 1104 1108 1109 1113 1114 1116 1117 1118 1119 1128 1157 1158 1159 1160 1161 1162 1163 1164 1165 1166 1167 1168 1169 1170 1171 1172 1173 1174 1175 1176 1177 1178 1465 1466 1467 1468 1471 1472 1473 1474 1475 1477 1478 1479 1480 1481 1482 1483 1484 1485 1486 1487 1489 1490 1491 1492 1493 1494 1495 1496 1521 1522 1525 1526 1527 1530 1531 1532 1533 1534 1535 1536 1537 1538 1539 1540 1541 1542 1544 1545 1546 1547 1549 1550 1551 1552 1553 1554 1557 1558 1559 1560 1561 1563 1564 1565 1566 1567 1568 1569 1570 1571 1572 1573 1574 1576 1577 1578 1579 1580 1581 1582 1583 1584 1585 1587 1588 1590 1591 1592 1593 1594 1595 1596 1598 1599 1601 1602 1604 1605 1606 1607 1610 1613 1617 1618 1619 1625 2114 2279 2287 
21 2 400 714 916 1330 1449 1457 1460 1463 1498 1508 1628 1647 1803 1805 1922 2000 2091 2298 2332 2391 
52 2 3 385 400 684 689 714 715 896 913 916 917 920 1330 1331 1424 1449 1450 1455 1457 1458 1460 1461 1463 1464 1498 1499 1508 1509 1628 1629 1647 1648 1803 1805 1806 1887 1902 1975 2000 2001 2038 2087 2091 2092 2298 2299 2332 2333 2341 2391 2392 
230 61 127 128 131 132 136 137 138 147 148 152 156 157 188 195 202 232 242 244 245 247 248 249 251 254 255 256 257 258 262 265 266 271 274 288 297 326 327 329 330 333 337 338 339 618 621 622 626 629 637 643 651 652 654 784 786 789 798 867 868 870 872 873 874 875 876 878 879 881 882 883 884 885 886 887 888 889 890 891 934 937 938 942 945 953 959 976 1023 1037 1039 1040 1042 1043 1044 1045 1046 1048 1049 1054 1055 1056 1060 1061 1063 1064 1068 1073 1080 1095 1117 1129 1131 1132 1134 1136 1137 1138 1139 1140 1142 1143 1145 1146 1147 1148 1149 1150 1151 1152 1153 1154 1155 1156 1163 1164 1174 1175 1179 1180 1181 1182 1183 1184 1185 1186 1187 1188 1189 1190 1191 1192 1193 1194 1195 1196 1197 1198 1199 1200 1201 1202 1203 1204 1205 1206 1208 1210 1211 1212 1213 1215 1216 1217 1218 1219 1221 1222 1224 1225 1226 1227 1228 1229 1230 1231 1232 1233 1234 1235 1236 1242 1243 1253 1254 1278 1280 1281 1284 1296 1297 1305 1467 1475 1480 1495 1535 1553 1561 1566 1595 1694 1695 1705 1706 2013 2016 2017 2020 2030 2036 2232 2233 2240 2241 2253 2262 2314 2345 2346 2353 
129 172 224 232 233 237 324 325 326 327 328 329 330 331 332 333 334 335 336 337 338 339 967 976 977 982 984 985 1117 1118 1161 1163 1164 1170 1171 1172 1174 1175 1177 1178 1207 1208 1209 1210 1211 1212 1213 1214 1215 1216 1217 1218 1219 1220 1221 1222 1223 1224 1225 1226 1227 1228 1229 1230 1231 1232 1233 1234 1235 1236 1384 1467 1472 1475 1480 1486 1487 1489 1493 1494 1495 1526 1535 1536 1541 1542 1544 1549 1553 1558 1561 1566 1567 1573 1574 1576 1580 1581 1588 1595 1596 1602 1604 2232 2233 2238 2239 2240 2241 2244 2250 2253 2262 2263 2269 2270 2271 2277 2306 2314 2315 2321 2323 2325 2345 2346 2351 2352 2353 2356 
126 104 105 106 107 110 111 113 118 120 121 961 962 964 965 966 969 970 971 972 976 978 979 980 982 983 984 985 986 987 988 990 991 992 995 997 999 1001 1006 1007 1237 1238 1239 1240 1241 1242 1243 1244 1245 1246 1247 1248 1249 1250 1251 1252 1253 1254 1255 1256 1257 1610 1613 1615 1617 1624 1625 1814 1815 1818 1820 2115 2245 2247 2248 2249 2252 2253 2254 2255 2256 2257 2258 2262 2264 2265 2266 2268 2269 2270 2271 2272 2273 2274 2276 2277 2278 2279 2280 2281 2284 2288 2292 2294 2295 2300 2301 2303 2304 2305 2308 2309 2310 2311 2314 2316 2318 2319 2321 2322 2323 2325 2326 2327 2328 2329 2330 
69 69 70 71 83 85 99 102 124 125 126 128 141 142 152 153 156 173 203 978 1119 1157 1158 1159 1166 1177 1237 1238 1239 1245 1257 1258 1259 1260 1261 1262 1263 1264 1265 1266 1267 1268 1269 1270 1271 1272 1273 1274 1275 1276 1277 1287 1288 1302 1385 1465 1466 1481 1493 1537 1552 1568 1580 1689 1690 1691 1697 1708 2264 2316 
210 54 57 59 60 61 62 67 104 111 114 120 158 164 168 169 173 182 184 219 223 228 229 232 240 961 966 969 971 972 976 978 979 980 984 985 986 987 988 990 991 999 1007 1103 1109 1113 1114 1117 1119 1126 1128 1275 1276 1277 1278 1279 1280 1281 1282 1283 1284 1285 1286 1287 1288 1289 1290 1291 1292 1293 1294 1295 1296 1297 1298 1299 1300 1301 1302 1303 1304 1305 1382 1385 1386 1389 1390 1465 1466 1467 1471 1473 1475 1477 1478 1479 1480 1481 1482 1483 1484 1485 1487 1489 1490 1491 1492 1493 1494 1495 1496 1521 1525 1527 1530 1531 1532 1533 1535 1537 1538 1539 1540 1542 1544 1545 1546 1547 1548 1549 1550 1551 1552 1553 1557 1559 1561 1563 1564 1565 1566 1568 1569 1570 1571 1572 1574 1576 1577 1578 1579 1580 1581 1582 1583 1587 1590 1591 1592 1593 1595 1598 1599 1601 1604 1605 1606 1607 1609 1617 1625 1821 2245 2249 2252 2253 2255 2256 2257 2258 2262 2264 2265 2266 2268 2270 2271 2272 2273 2274 2276 2277 2278 2289 2294 2300 2305 2308 2310 2311 2314 2316 2318 2319 2323 2325 2326 2327 2328 2329 2330 
127 54 57 58 62 65 67 68 104 110 118 120 121 158 164 166 177 182 183 219 223 226 238 240 241 961 965 966 970 979 980 983 984 985 986 988 991 997 1006 1306 1307 1308 1309 1310 1311 1312 1313 1314 1315 1316 1317 1318 1319 1320 1321 1322 1323 1324 1325 1326 1327 1328 1378 1381 1386 1388 1390 1551 1556 1557 1562 1563 1565 1569 1570 1571 1572 1574 1576 1578 1580 1581 1582 1583 1587 1591 1598 1599 1601 1604 1606 1609 1615 1624 1818 1822 2245 2248 2249 2254 2255 2258 2265 2266 2268 2270 2271 2273 2276 2277 2278 2284 2290 2292 2294 2295 2300 2304 2305 2309 2318 2319 2322 2323 2325 2326 2328 2330 
86 12 38 312 342 347 353 403 407 409 421 433 457 488 513 552 555 572 583 666 671 679 696 729 732 738 751 802 811 825 845 875 1032 1098 1139 1185 1206 1218 1262 1334 1339 1346 1408 1410 1416 1423 1510 1514 1520 1632 1637 1644 1678 1710 1715 1717 1731 1737 1757 1762 1764 1773 1784 1787 1802 1836 1883 1943 1949 1955 1958 1962 1967 1971 1978 1984 1987 1998 2048 2054 2065 2068 2073 2082 2178 2201 2365 
139 38 39 327 420 421 429 430 431 432 433 436 457 458 465 466 467 468 488 489 552 553 555 565 568 569 570 571 572 583 584 601 696 697 739 746 747 748 749 845 846 863 865 875 876 1045 1139 1140 1185 1186 1198 1202 1204 1205 1206 1218 1219 1262 1263 1329 1330 1331 1333 1334 1338 1339 1341 1342 1343 1344 1345 1346 1393 1402 1404 1406 1407 1408 1510 1513 1514 1516 1517 1518 1519 1520 1631 1632 1633 1636 1637 1639 1640 1641 1642 1643 1644 1710 1715 1716 1717 1725 1727 1728 1729 1730 1731 1737 1738 1748 1752 1753 1755 1784 1785 1787 1795 1798 1799 1800 1801 1802 1836 1837 1866 1956 1957 1958 1959 1961 1962 1964 1965 1966 1967 2201 2202 2218 2365 2366 
15 1332 1333 1334 1335 1336 1337 1338 1339 1340 1341 1342 1343 1344 1345 1346 
45 81 139 363 666 667 668 670 671 678 679 696 698 758 828 1285 1311 1347 1348 1349 1836 1838 1839 1977 1978 1979 1980 1981 1984 1985 1986 1987 1996 1997 1998 2131 2171 2178 2179 2180 2201 2203 2219 2357 2365 2367 
113 104 105 110 115 118 120 121 645 647 650 651 652 653 656 657 658 660 661 662 663 665 961 962 964 965 966 970 971 979 980 982 983 984 985 986 988 991 992 995 997 1006 1009 1010 1012 1014 1015 1016 1019 1021 1026 1027 1029 1030 1103 1104 1108 1109 1111 1113 1123 1126 1127 1350 1351 1352 1353 1354 1355 1356 1357 1358 1359 1360 1361 1362 1363 1364 1365 1366 1367 1368 1369 1370 1371 1372 1373 1374 1375 1376 1378 1379 1381 1386 1388 1390 1818 1823 2300 2301 2303 2304 2305 2309 2310 2318 2319 2321 2322 2323 2325 2326 2328 2330 
46 104 105 108 109 110 111 112 114 115 116 118 119 120 121 122 1376 1377 1378 1379 1380 1381 1382 1383 1384 1385 1386 1387 1388 1389 1390 1816 1817 1818 1819 1821 1822 1823 1824 1826 1827 1828 1829 2117 2118 2119 2120 
17 346 392 670 731 810 1338 1415 1513 1636 1716 1763 1948 1961 1985 2053 2072 2160 
70 13 40 313 421 429 433 490 514 554 555 565 568 572 585 670 671 678 679 698 810 811 820 821 825 847 877 1141 1220 1415 1416 1422 1423 1685 1686 1739 1748 1752 1763 1764 1771 1772 1773 1777 1778 1786 1787 1795 1798 1802 1839 1938 1939 1948 1949 1954 1955 1985 1986 1987 1996 1997 1998 2072 2073 2077 2078 2082 2180 2203 2367 
75 174 234 242 244 245 246 247 249 250 251 253 254 256 257 258 259 262 265 266 275 286 287 298 618 621 622 637 641 642 651 652 655 665 784 786 797 934 937 938 953 957 958 1024 1068 1073 1081 1093 1094 1120 1391 1392 1393 1394 1395 1396 1397 1398 1399 1400 1401 1402 1403 1404 1405 1406 1407 1408 1597 2013 2016 2017 2030 2034 2035 2317 
13 82 140 364 607 630 829 1286 1312 1359 1840 2023 2132 2220 
15 1409 1410 1411 1412 1413 1414 1415 1416 1417 1418 1419 1420 1421 1422 1423 
23 347 393 407 421 555 671 718 732 811 1339 1416 1514 1637 1660 1717 1764 1787 1949 1962 1987 2054 2073 2161 
53 14 41 314 342 345 347 388 391 393 459 491 515 586 718 739 743 802 807 811 812 848 878 1142 1187 1221 1264 1424 1649 1652 1657 1660 1674 1679 1927 1931 1943 1945 1949 2068 2070 2073 2083 2086 2087 2151 2154 2159 2161 2181 2368 2389 2391 2392 
225 116 118 161 165 175 176 177 224 225 235 236 237 238 260 261 262 263 264 265 266 267 268 271 272 273 276 277 278 279 280 283 284 285 286 287 288 293 294 299 300 301 302 616 617 618 619 620 621 622 623 624 626 627 628 630 631 632 633 634 637 638 639 640 641 642 643 645 646 648 649 651 652 653 656 658 659 660 661 663 664 665 784 785 786 787 789 790 791 793 796 797 798 932 933 934 935 936 937 938 939 940 942 943 944 946 948 949 950 953 954 955 956 957 958 959 1002 1011 1014 1017 1018 1025 1026 1027 1065 1066 1067 1068 1069 1071 1072 1073 1074 1075 1078 1079 1082 1083 1084 1085 1086 1090 1091 1092 1093 1094 1095 1106 1110 1121 1122 1123 1377 1378 1380 1381 1383 1387 1425 1426 1427 1428 1429 1430 1431 1432 1433 1434 1435 1436 1437 1438 1439 1440 1441 1442 1443 1444 1445 1588 1589 1591 1599 1600 1601 1602 1606 1608 1620 1824 2011 2012 2013 2014 2015 2016 2017 2018 2019 2020 2021 2022 2023 2024 2025 2026 2027 2030 2031 2032 2033 2034 2035 2036 2302 2304 2306 2307 2309 2312 2313 2319 2320 2321 2322 2326 
21 15 422 437 516 556 672 719 813 849 1188 1394 1417 1661 1718 1765 1788 1907 1950 1988 2055 2074 
181 6 15 16 19 42 249 309 315 316 319 341 343 344 348 350 387 389 390 394 396 418 422 424 437 440 455 460 463 466 492 507 516 517 519 549 556 558 563 568 577 587 589 594 686 689 690 699 716 719 720 775 801 805 809 813 814 815 818 821 839 849 850 852 858 879 922 925 926 927 929 1046 1143 1146 1182 1188 1189 1191 1196 1211 1222 1225 1230 1265 1391 1394 1396 1411 1413 1417 1418 1419 1433 1446 1447 1448 1449 1450 1451 1453 1455 1456 1649 1651 1655 1659 1661 1662 1663 1665 1666 1667 1676 1680 1683 1686 1713 1718 1720 1723 1727 1734 1741 1746 1752 1758 1760 1765 1766 1767 1769 1772 1781 1788 1790 1794 1798 1841 1867 1905 1907 1909 1929 1932 1933 1936 1939 1944 1946 1950 1951 2006 2040 2043 2045 2049 2051 2055 2057 2067 2069 2071 2074 2075 2076 2078 2100 2151 2153 2155 2157 2162 2163 2165 2166 2182 2204 2369 2401 2411 2414 2416 
244 6 8 11 15 16 17 19 21 24 35 42 43 83 141 244 249 250 309 310 311 315 316 317 319 320 322 323 328 365 386 387 389 390 391 394 396 397 398 399 435 437 438 440 442 446 474 485 492 493 507 509 512 516 517 519 521 524 530 538 693 699 700 716 717 719 720 721 722 724 725 726 757 759 762 764 775 776 800 801 805 807 809 813 814 815 816 818 819 821 822 823 824 830 839 841 844 849 850 852 854 858 859 863 865 870 873 879 880 883 886 1039 1046 1047 1134 1137 1143 1144 1146 1148 1151 1211 1213 1216 1222 1223 1225 1227 1230 1231 1260 1261 1265 1266 1287 1313 1391 1392 1394 1396 1398 1401 1404 1406 1407 1428 1433 1434 1451 1452 1453 1454 1455 1456 1649 1650 1651 1655 1657 1659 1661 1662 1663 1665 1666 1667 1668 1669 1670 1674 1676 1677 1680 1681 1683 1684 1686 1687 1688 1833 1841 1842 1862 1867 1868 1905 1906 1907 1909 1911 1914 1923 1927 1929 1930 1932 1933 1934 1936 1937 1939 1940 1941 2006 2007 2066 2067 2069 2070 2071 2074 2075 2076 2078 2079 2080 2081 2095 2100 2101 2151 2152 2153 2155 2157 2159 2162 2163 2165 2166 2167 2168 2169 2175 2177 2182 2183 2186 2188 2198 2204 2205 2396 2401 2402 
97 18 44 401 403 405 406 407 408 421 423 439 494 518 555 557 588 666 667 668 671 673 752 760 851 881 899 900 903 1033 1099 1145 1190 1224 1267 1395 1457 1458 1710 1711 1717 1719 1740 1787 1789 1843 1881 1883 1885 1886 1887 1888 1889 1890 1891 1893 1898 1901 1902 1903 1908 1968 1969 1971 1973 1974 1975 1976 1977 1978 1979 1981 1987 1989 1990 2047 2048 2049 2050 2054 2056 2184 2334 2335 2337 2339 2340 2341 2342 2370 2378 2379 2380 2383 2419 2420 2422 2423 
76 348 394 400 408 413 684 689 690 714 715 733 745 814 896 897 903 913 916 917 920 926 1340 1418 1449 1450 1455 1456 1457 1458 1460 1461 1463 1464 1498 1499 1505 1515 1628 1629 1638 1662 1766 1805 1806 1812 1887 1888 1893 1902 1903 1932 1963 1975 1976 1990 2000 2001 2043 2075 2087 2088 2091 2092 2162 2298 2299 2332 2333 2341 2342 2383 2391 2392 2393 2414 2423 
123 19 316 341 343 344 348 350 387 389 390 394 396 413 414 417 424 440 460 466 519 558 568 589 667 674 681 682 683 684 685 689 690 720 801 805 814 815 821 852 894 895 896 897 898 903 904 909 918 919 920 921 926 929 1146 1191 1225 1396 1411 1418 1419 1447 1448 1449 1450 1453 1455 1456 1459 1460 1461 1651 1655 1662 1663 1666 1667 1680 1686 1720 1727 1741 1752 1758 1766 1767 1772 1790 1798 1808 1809 1810 1812 1813 1909 1932 1933 1939 1944 1951 1979 1990 1991 1997 2043 2045 2049 2057 2067 2069 2075 2076 2078 2153 2155 2157 2162 2165 2166 2383 2384 2388 2414 2416 
116 20 401 402 403 404 405 406 408 425 441 520 559 563 590 594 666 667 668 675 753 754 761 853 858 882 899 900 903 905 907 1034 1035 1100 1102 1147 1192 1196 1226 1230 1268 1397 1462 1463 1464 1710 1711 1721 1723 1742 1746 1791 1794 1844 1881 1882 1883 1884 1885 1886 1887 1888 1889 1890 1891 1893 1894 1896 1898 1899 1900 1901 1902 1903 1910 1968 1969 1970 1971 1972 1973 1974 1975 1976 1977 1978 1979 1981 1990 1992 1994 2047 2048 2049 2050 2058 2185 2334 2335 2336 2337 2338 2339 2340 2341 2342 2371 2378 2379 2380 2383 2386 2419 2420 2423 2424 2426 
121 158 159 162 163 164 166 167 168 169 171 172 173 177 179 182 183 184 219 220 221 222 223 224 226 227 228 229 231 232 233 237 238 239 240 241 1103 1104 1107 1108 1109 1111 1112 1113 1114 1116 1117 1118 1119 1123 1125 1126 1127 1128 1465 1466 1467 1468 1469 1470 1471 1472 1473 1474 1475 1476 1477 1478 1479 1480 1481 1482 1483 1484 1485 1486 1487 1488 1489 1490 1491 1492 1493 1494 1495 1496 1583 1584 1585 1586 1587 1588 1590 1591 1592 1593 1594 1595 1596 1598 1599 1601 1602 1603 1604 1605 1606 1607 1609 1610 1612 1613 1614 1615 1617 1618 1619 1624 1625 2110 2111 2114 
168 21 317 319 386 387 389 390 391 394 410 411 412 413 415 426 442 461 463 521 560 563 591 594 667 668 676 686 687 688 689 690 721 762 800 801 805 807 814 816 818 854 858 883 899 900 903 906 907 910 911 912 913 1101 1102 1148 1193 1196 1227 1230 1398 1409 1411 1412 1418 1420 1451 1452 1453 1454 1455 1456 1497 1498 1499 1500 1501 1502 1503 1504 1505 1649 1650 1651 1655 1657 1662 1665 1674 1681 1683 1711 1722 1723 1743 1746 1756 1758 1759 1766 1768 1769 1792 1794 1889 1890 1891 1893 1895 1896 1898 1899 1900 1901 1902 1903 1911 1923 1927 1932 1934 1936 1942 1944 1945 1952 1977 1979 1981 1990 1993 1994 2047 2049 2050 2059 2066 2067 2069 2070 2075 2151 2152 2153 2155 2157 2159 2162 2163 2186 2334 2335 2336 2338 2339 2340 2341 2342 2378 2379 2380 2383 2385 2386 2419 2420 2423 2425 2426 
19 84 366 454 456 461 463 464 701 1435 1500 1501 1502 1503 1504 1505 1506 1845 1869 2206 
78 45 329 421 427 429 433 443 462 465 495 555 561 565 572 592 702 739 743 746 855 884 1048 1149 1194 1198 1206 1228 1269 1334 1336 1338 1339 1341 1342 1346 1399 1402 1408 1507 1508 1509 1510 1511 1513 1514 1516 1520 1632 1635 1636 1637 1639 1640 1644 1710 1711 1716 1717 1725 1731 1744 1748 1787 1793 1795 1802 1846 1956 1958 1960 1961 1962 1964 1965 1967 2207 2221 2372 
11 1510 1511 1512 1513 1514 1515 1516 1517 1518 1519 1520 
60 992 994 995 996 997 999 1000 1006 1007 1521 1522 1523 1524 1525 1526 1527 1528 1529 1530 1531 1532 1533 1534 1535 1536 1537 1538 1539 1540 1541 1542 1543 1544 1545 1546 1547 1548 1549 1550 1610 1612 1613 1614 1615 1617 1618 1619 1624 1625 2279 2280 2281 2283 2284 2285 2287 2289 2292 2294 2295 
117 158 159 162 163 164 166 167 168 169 171 172 173 177 179 182 183 184 219 220 221 222 223 224 226 227 228 229 231 232 233 237 238 239 240 241 1551 1552 1553 1554 1555 1556 1557 1558 1559 1560 1561 1562 1563 1564 1565 1566 1567 1568 1569 1570 1571 1572 1573 1574 1575 1576 1577 1578 1579 1580 1581 1582 1583 1584 1585 1586 1587 1588 1590 1591 1592 1593 1594 1595 1596 1598 1599 1601 1602 1603 1604 1605 1606 1607 1609 1610 1612 1613 1614 1615 1617 1618 1619 1624 1625 2110 2111 2114 2116 2279 2280 2281 2283 2284 2285 2287 2289 2290 2291 2292 2294 2295 
43 1583 1584 1585 1586 1587 1588 1589 1590 1591 1592 1593 1594 1595 1596 1597 1598 1599 1600 1601 1602 1603 1604 1605 1606 1607 1608 1609 1610 1611 1612 1613 1614 1615 1616 1617 1618 1619 1620 1622 1623 1624 1625 1626 
17 1610 1611 1612 1613 1614 1615 1616 1617 1618 1619 1620 1621 1622 1623 1624 1625 1626 
13 0 1 2 3 318 801 817 1649 1651 1664 1682 1935 2067 
184 6 12 22 38 46 251 330 418 421 429 430 431 432 433 444 455 457 465 466 467 468 488 496 507 513 522 530 549 552 555 562 565 568 569 570 571 572 577 583 593 601 696 703 727 728 729 730 731 732 733 734 735 736 737 738 739 744 745 746 747 748 749 839 845 856 863 865 875 885 1049 1139 1150 1182 1185 1195 1198 1202 1204 1205 1206 1211 1218 1229 1262 1270 1333 1334 1337 1338 1339 1340 1341 1342 1343 1344 1345 1346 1391 1400 1402 1404 1406 1407 1408 1436 1510 1512 1513 1514 1515 1516 1517 1518 1519 1520 1627 1628 1629 1631 1632 1633 1636 1637 1638 1639 1640 1641 1642 1643 1644 1710 1713 1715 1716 1717 1725 1727 1728 1729 1730 1731 1734 1737 1745 1748 1752 1753 1755 1781 1784 1787 1795 1798 1799 1800 1801 1802 1836 1847 1870 1905 1912 1929 1932 1938 1939 1940 1941 1956 1957 1958 1959 1961 1962 1963 1964 1965 1966 1967 2201 2208 2222 2365 2373 
27 85 142 1166 1245 1258 1262 1263 1269 1270 1273 1288 1630 1631 1632 1633 1634 1635 1636 1637 1638 1639 1640 1641 1642 1643 1644 1697 
32 23 305 306 331 445 523 763 801 803 804 836 857 1050 1207 1645 1646 1647 1648 1649 1651 1653 1654 1666 1671 1672 1848 1913 1924 1925 2067 2078 2187 
273 4 5 6 7 8 11 14 15 16 17 19 21 23 24 28 32 33 34 35 41 42 43 73 83 86 98 102 123 128 129 141 143 151 156 204 242 243 244 249 250 276 305 306 307 308 309 310 311 314 315 316 317 318 319 320 322 323 324 325 328 331 336 339 356 365 367 379 434 435 437 438 440 442 445 446 449 452 469 474 475 504 505 506 507 508 509 512 515 516 517 519 521 523 524 527 530 531 532 533 538 539 631 656 691 692 693 699 700 755 756 757 759 762 763 764 766 768 769 770 775 776 777 826 827 830 832 834 835 836 837 838 839 840 841 844 848 849 850 852 854 857 858 859 863 865 866 867 868 869 870 873 878 879 880 883 886 946 1036 1037 1038 1039 1046 1047 1050 1059 1063 1082 1161 1167 1246 1279 1287 1289 1301 1307 1313 1314 1360 1426 1427 1428 1433 1434 1482 1569 1649 1650 1651 1652 1653 1654 1655 1656 1657 1658 1659 1660 1661 1662 1663 1664 1665 1666 1667 1668 1669 1670 1671 1672 1673 1674 1675 1676 1677 1679 1680 1681 1682 1683 1684 1686 1687 1688 1698 1860 1861 1862 1867 1868 1904 1905 1906 1907 1909 1911 1913 1914 1917 1920 2024 2093 2094 2095 2100 2101 2124 2133 2170 2172 2173 2174 2175 2177 2181 2182 2183 2186 2187 2188 2192 2195 2196 2197 2198 2204 2205 2235 2348 2394 2395 2396 2401 2402 
212 4 5 6 7 8 11 12 13 14 15 16 17 19 21 23 24 26 28 29 32 33 34 35 38 40 41 42 43 51 73 82 83 86 97 98 99 102 123 128 129 140 141 143 150 151 152 153 156 204 205 356 364 365 367 378 379 380 469 474 475 482 532 533 538 539 545 607 608 612 656 657 665 691 692 693 696 698 699 700 709 755 756 757 759 762 763 764 765 766 767 768 769 770 775 776 777 782 792 826 827 829 830 831 832 833 834 867 868 869 870 873 875 877 878 879 880 883 886 890 946 947 957 979 1161 1167 1168 1177 1246 1247 1257 1279 1286 1287 1289 1300 1301 1302 1307 1312 1313 1314 1324 1325 1359 1360 1361 1371 1372 1386 1482 1483 1493 1538 1569 1570 1580 1598 1671 1672 1673 1674 1675 1676 1677 1678 1679 1680 1681 1682 1683 1684 1685 1686 1687 1688 1698 1699 1708 2124 2132 2133 2134 2146 2148 2170 2172 2173 2174 2175 2177 2178 2180 2181 2182 2183 2186 2187 2188 2190 2192 2193 2195 2196 2197 2198 2201 2203 2204 2205 2214 2265 2318 
170 104 105 107 111 117 120 121 158 159 163 164 168 169 171 173 182 183 184 219 220 221 223 224 228 229 231 232 237 240 241 961 962 964 965 966 967 969 970 971 972 975 976 978 979 980 982 984 985 986 987 988 990 991 992 995 999 1003 1006 1007 1551 1552 1553 1554 1556 1557 1558 1559 1560 1561 1562 1563 1564 1565 1566 1568 1569 1570 1571 1572 1573 1574 1576 1577 1578 1579 1580 1581 1582 1583 1584 1585 1587 1588 1590 1591 1592 1593 1594 1595 1598 1599 1601 1602 1604 1605 1606 1607 1609 1610 1613 1617 1618 1624 1625 1689 1690 1691 1692 1693 1694 1695 1696 1697 1698 1699 1700 1701 1702 1703 1704 1705 1706 1707 1708 1709 1815 1825 2116 2245 2247 2248 2249 2250 2252 2253 2254 2255 2256 2257 2258 2261 2262 2264 2265 2266 2268 2269 2270 2271 2272 2273 2274 2276 2277 2278 2279 2281 2291 2294 2295 
206 62 79 94 95 96 100 136 137 147 148 149 154 206 277 284 299 374 375 377 381 485 486 487 488 489 492 494 495 496 498 499 500 502 503 611 632 637 639 658 796 948 953 955 980 1039 1042 1043 1045 1046 1048 1049 1054 1055 1056 1057 1061 1062 1083 1091 1174 1175 1178 1248 1253 1254 1296 1297 1299 1303 1320 1321 1323 1326 1362 1367 1368 1370 1428 1431 1432 1433 1436 1440 1441 1442 1444 1445 1484 1539 1571 1599 1705 1706 1709 1710 1711 1712 1713 1714 1715 1716 1717 1718 1719 1720 1721 1722 1723 1724 1725 1726 1727 1728 1729 1730 1731 1733 1734 1735 1736 1737 1738 1740 1741 1742 1743 1744 1745 1746 1747 1748 1750 1751 1752 1753 1754 1755 1833 1834 1835 1836 1837 1841 1843 1844 1846 1847 1851 1852 1853 1857 1858 1862 1864 1865 1866 1867 1870 1874 1875 1876 1877 1879 1880 2004 2005 2006 2008 2009 2010 2025 2030 2032 2135 2142 2143 2145 2218 2221 2222 2224 2225 2228 2236 2240 2241 2266 2319 2349 2353 2358 2361 2362 2363 2364 2365 2366 2369 2370 2371 2372 2373 2374 2375 2376 2377 
132 62 63 176 188 206 207 236 262 271 277 278 284 288 299 300 618 626 632 637 639 643 658 659 784 789 793 796 798 934 942 948 953 955 959 980 981 1025 1037 1039 1042 1043 1044 1045 1046 1048 1049 1051 1054 1055 1056 1057 1061 1062 1064 1068 1083 1084 1091 1095 1122 1387 1426 1428 1431 1432 1433 1436 1440 1441 1442 1444 1445 1599 1600 1732 1733 1734 1735 1736 1737 1738 1739 1740 1741 1742 1743 1744 1745 1746 1747 1748 1749 1750 1751 1752 1753 1754 1755 1860 1862 1864 1865 1866 1867 1870 1874 1875 1876 1877 1879 1880 2013 2020 2025 2030 2032 2036 2123 2129 2135 2137 2142 2143 2145 2149 2236 2240 2241 2266 2267 2319 2320 
143 6 7 10 11 12 13 15 16 19 21 24 33 34 37 38 40 42 73 79 82 87 97 128 129 136 140 150 208 279 356 364 368 378 469 473 476 532 533 537 607 612 630 633 660 691 692 695 696 698 699 756 757 762 764 769 770 774 775 827 829 831 949 1085 1161 1169 1249 1279 1286 1290 1300 1307 1312 1315 1324 1359 1363 1371 1426 1427 1431 1433 1485 1540 1572 1601 1700 1756 1757 1758 1759 1760 1761 1762 1763 1764 1765 1766 1767 1768 1769 1770 1771 1772 1773 1831 1832 1834 1836 1839 1840 1841 1854 1860 1861 1864 1867 2023 2026 2124 2132 2136 2146 2173 2174 2176 2177 2178 2180 2182 2186 2188 2196 2197 2200 2201 2203 2204 2217 2220 2226 2237 2268 2350 
45 88 144 332 369 421 429 433 488 490 547 552 554 555 565 568 572 575 583 585 1051 1130 1139 1141 1209 1218 1220 1732 1737 1739 1748 1752 1774 1775 1776 1777 1778 1779 1784 1786 1787 1795 1798 1802 2137 2223 
228 64 75 88 94 95 96 100 103 128 131 137 144 147 148 149 152 154 157 209 237 265 280 284 288 301 327 329 330 332 333 334 337 338 358 369 374 375 377 381 383 484 485 487 488 489 490 492 494 495 496 497 498 499 500 501 502 503 575 576 577 578 579 581 582 583 584 585 587 588 589 590 591 592 593 594 596 597 598 599 600 601 611 614 621 634 637 639 643 651 661 796 798 937 950 953 955 959 982 1026 1037 1039 1040 1043 1045 1046 1048 1049 1051 1054 1055 1056 1057 1060 1061 1062 1064 1086 1091 1095 1163 1174 1175 1178 1209 1210 1211 1212 1213 1216 1217 1218 1219 1220 1222 1224 1225 1226 1227 1228 1229 1230 1232 1233 1234 1235 1236 1242 1253 1254 1353 1364 1367 1368 1370 1374 1426 1428 1429 1432 1433 1436 1440 1441 1442 1443 1444 1445 1486 1495 1541 1573 1602 1694 1705 1706 1709 1779 1780 1781 1782 1783 1784 1785 1786 1787 1788 1789 1790 1791 1792 1793 1794 1795 1796 1797 1798 1799 1800 1801 1802 2002 2003 2005 2006 2008 2009 2010 2016 2027 2030 2032 2036 2218 2221 2222 2223 2224 2225 2227 2228 2232 2240 2241 2269 2321 2345 2351 2353 
101 319 341 343 387 389 402 404 410 415 463 563 594 680 681 682 683 684 686 689 754 801 818 858 894 895 896 907 910 911 912 913 915 916 917 918 919 920 922 927 1035 1102 1196 1230 1446 1447 1448 1449 1450 1451 1453 1455 1462 1463 1464 1497 1498 1499 1501 1502 1649 1651 1665 1683 1723 1746 1769 1794 1803 1804 1805 1806 1808 1809 1882 1884 1887 1889 1896 1899 1900 1902 1936 1968 1970 1972 1975 1994 2040 2067 2151 2153 2155 2163 2334 2336 2338 2341 2378 2386 2411 2426 
131 24 319 320 386 387 389 390 394 396 410 411 413 415 428 446 463 464 524 563 564 594 595 667 677 686 687 689 690 722 764 800 801 805 814 818 819 858 859 886 899 903 907 908 910 911 912 913 914 1151 1196 1197 1230 1231 1401 1409 1411 1418 1421 1451 1452 1453 1455 1456 1500 1501 1502 1503 1505 1506 1649 1650 1651 1655 1662 1665 1666 1683 1684 1723 1724 1746 1747 1756 1758 1766 1769 1770 1804 1805 1806 1807 1808 1809 1810 1812 1813 1914 1923 1932 1936 1937 1942 1944 1953 1977 1979 1990 1994 1995 2047 2049 2060 2066 2067 2069 2075 2078 2151 2152 2153 2155 2157 2162 2163 2165 2188 2378 2379 2383 2386 2387 
18 89 456 460 463 464 466 704 1437 1807 1808 1809 1810 1811 1812 1813 1849 1871 2209 
16 1814 1815 1816 1817 1818 1819 1820 1821 1822 1823 1824 1825 1826 1827 1828 1829 
270 62 65 69 73 75 77 79 81 82 83 84 87 89 90 94 95 96 97 98 100 102 118 177 238 260 263 265 267 268 277 279 283 284 299 302 354 356 358 360 363 364 365 366 368 370 374 375 376 377 378 379 381 604 607 611 612 616 619 621 623 624 630 632 633 637 638 639 645 651 653 658 660 663 785 787 796 932 935 937 939 940 948 949 953 954 955 965 970 980 983 986 1014 1027 1066 1069 1074 1075 1083 1085 1090 1091 1123 1237 1242 1244 1248 1249 1250 1253 1254 1255 1306 1307 1308 1309 1311 1312 1313 1315 1316 1320 1321 1322 1323 1324 1326 1350 1353 1355 1356 1359 1362 1363 1367 1368 1369 1370 1371 1378 1381 1425 1426 1427 1428 1429 1431 1432 1433 1434 1435 1436 1437 1438 1440 1441 1442 1443 1444 1445 1465 1470 1476 1477 1484 1485 1491 1524 1528 1530 1539 1540 1546 1556 1562 1563 1571 1572 1578 1591 1599 1601 1606 1830 1831 1832 1833 1834 1835 1836 1837 1838 1839 1840 1841 1842 1843 1844 1845 1846 1847 1848 1849 1850 1851 1852 1853 1854 1855 1856 1857 1858 1859 1860 1861 1862 1863 1864 1865 1866 1867 1868 1869 1870 1871 1872 1874 1875 1876 1877 1878 1879 1880 2011 2014 2016 2018 2019 2023 2025 2026 2030 2031 2032 2121 2124 2125 2126 2127 2131 2132 2135 2136 2138 2142 2143 2144 2145 2146 2248 2254 2255 2266 2268 2273 2292 2304 2309 2319 2322 2326 
57 349 350 395 396 416 429 465 565 678 723 734 735 746 820 928 1198 1329 1330 1341 1342 1402 1422 1507 1508 1516 1627 1628 1639 1640 1685 1725 1748 1771 1777 1795 1897 1938 1954 1964 1965 1996 1999 2000 2039 2044 2061 2077 2078 2090 2091 2164 2165 2297 2298 2331 2332 2415 
150 62 63 65 66 118 119 161 176 177 178 260 261 262 263 265 267 268 271 273 276 277 278 279 283 284 285 286 288 299 300 302 645 646 651 653 656 658 659 660 663 664 665 963 965 970 974 980 981 983 986 1004 1011 1014 1025 1027 1106 1122 1123 1124 1377 1378 1381 1387 1621 1826 1860 1861 1862 1863 1864 1865 1866 1867 1868 1869 1870 1871 1872 1873 1874 1875 1876 1877 1878 1879 1880 2011 2012 2013 2014 2016 2018 2019 2020 2022 2023 2024 2025 2026 2030 2031 2032 2033 2034 2036 2121 2122 2123 2124 2125 2126 2127 2129 2130 2131 2132 2133 2135 2136 2137 2138 2140 2142 2143 2144 2145 2146 2147 2148 2149 2246 2248 2254 2255 2260 2266 2267 2268 2273 2275 2292 2293 2302 2304 2309 2313 2319 2320 2322 2326 
104 5 12 18 20 38 44 47 90 145 252 370 439 441 477 506 513 518 520 540 696 705 750 751 752 753 754 760 761 778 838 845 851 853 858 867 875 881 882 1031 1032 1033 1034 1035 1052 1097 1098 1099 1100 1102 1131 1139 1145 1147 1170 1210 1218 1224 1226 1230 1250 1291 1316 1438 1701 1836 1843 1844 1850 1872 1881 1882 1883 1884 1885 1886 1887 1888 1889 1890 1891 1892 1893 1894 1896 1908 1910 2102 2138 2172 2178 2184 2185 2189 2201 2210 2238 2403 2419 2420 2421 2422 2423 2424 2426 
144 5 12 18 20 21 25 31 38 44 47 48 49 53 90 91 95 100 145 146 148 154 210 252 253 255 259 281 370 371 372 375 381 439 441 442 477 478 481 483 506 513 518 520 521 540 541 544 546 609 635 696 705 706 707 711 778 779 781 783 794 838 845 851 853 854 858 867 875 881 882 883 892 951 984 1087 1131 1139 1145 1147 1148 1170 1171 1175 1178 1210 1218 1224 1226 1227 1230 1250 1254 1291 1292 1293 1297 1303 1316 1317 1318 1321 1326 1365 1368 1487 1542 1574 1701 1702 1706 1709 1889 1890 1891 1892 1893 1894 1895 1896 1908 1910 1911 2028 2102 2103 2105 2109 2138 2139 2140 2143 2201 2210 2211 2212 2216 2238 2241 2270 2323 2403 2404 2406 2410 
26 416 421 429 433 497 555 565 566 572 596 887 1152 1198 1199 1206 1232 1402 1408 1748 1749 1787 1795 1796 1802 1897 2415 
95 5 18 20 21 25 44 48 91 146 253 372 439 441 442 478 506 518 520 521 541 576 588 590 591 594 706 779 838 851 853 854 858 867 881 882 883 899 900 901 903 905 906 907 1053 1097 1099 1100 1101 1102 1131 1145 1147 1148 1171 1210 1224 1226 1227 1230 1293 1318 1395 1397 1398 1439 1702 1873 1889 1890 1891 1892 1893 1894 1895 1896 1898 1899 1900 1901 1902 1903 1908 1910 1911 2103 2140 2211 2378 2379 2380 2381 2383 2385 2386 2404 
153 179 197 199 204 210 211 212 217 239 265 268 270 276 281 282 286 287 303 469 470 472 473 474 475 477 478 479 481 482 483 621 624 625 631 635 636 641 642 651 653 656 662 665 769 770 771 773 774 775 776 777 778 779 781 782 783 788 794 795 797 937 940 941 946 951 952 957 958 1028 1075 1077 1082 1087 1088 1089 1093 1094 1125 1477 1479 1482 1487 1488 1489 1493 1494 1530 1533 1542 1543 1544 1549 1563 1565 1569 1574 1575 1576 1580 1581 1591 1603 1604 1904 1905 1906 1907 1908 1909 1910 1911 1912 1913 1914 1915 1916 1917 1918 1919 1920 2093 2094 2095 2096 2098 2099 2100 2101 2102 2103 2105 2106 2107 2108 2109 2323 2324 2325 2394 2395 2396 2397 2399 2400 2401 2402 2403 2404 2406 2407 2408 2409 2410 
28 26 306 387 389 396 447 525 573 741 747 765 860 1179 1200 1403 1672 1686 1915 1921 1922 1925 1939 2153 2155 2156 2165 2166 2190 
359 4 5 6 7 8 11 12 13 14 15 16 17 19 21 22 23 24 26 27 28 29 30 32 33 34 35 38 40 41 42 43 46 50 51 52 73 75 83 92 97 98 99 102 123 128 129 131 141 150 151 152 153 156 212 242 243 244 245 249 250 251 256 257 258 265 282 286 324 325 328 330 331 333 335 336 337 338 339 356 358 365 373 378 379 380 434 435 437 438 440 442 444 445 446 447 448 449 450 451 452 469 470 474 479 482 504 505 506 507 508 509 512 513 514 515 516 517 519 521 522 523 524 525 526 527 528 529 530 531 532 533 534 538 542 545 610 612 621 636 641 651 662 665 691 692 693 696 698 699 700 703 708 709 710 769 770 771 775 776 782 795 835 836 837 838 839 840 841 844 845 847 848 849 850 852 854 856 857 858 859 860 861 862 863 864 865 866 867 868 869 870 873 875 877 878 879 880 883 885 886 888 890 891 937 952 957 985 1089 1093 1129 1131 1132 1133 1134 1137 1139 1141 1142 1143 1144 1146 1148 1150 1151 1153 1155 1156 1161 1163 1172 1177 1207 1208 1210 1211 1212 1213 1216 1218 1220 1221 1222 1223 1225 1227 1229 1230 1231 1233 1235 1236 1242 1251 1257 1279 1280 1287 1294 1300 1301 1302 1307 1308 1313 1319 1324 1325 1353 1366 1371 1372 1489 1493 1544 1576 1580 1604 1694 1703 1708 1904 1905 1906 1907 1909 1911 1912 1913 1914 1915 1916 1917 1918 1919 1920 1923 1924 1925 1926 1927 1928 1929 1930 1931 1932 1933 1934 1935 1936 1937 1938 1939 1940 1941 2016 2029 2034 2093 2094 2095 2096 2100 2101 2106 2107 2108 2124 2125 2141 2146 2148 2196 2197 2198 2201 2203 2204 2205 2208 2213 2214 2215 2232 2239 2244 2271 2325 2345 2352 2356 2394 2395 2396 2397 2401 2402 2407 2408 2409 
52 73 79 82 93 97 98 128 129 136 140 150 151 213 607 612 1161 1173 1252 1279 1286 1295 1300 1301 1490 1545 1577 1605 1704 1942 1943 1944 1945 1946 1947 1948 1949 1950 1951 1952 1953 1954 1955 2272 2358 2359 2360 2362 2363 2365 2367 2368 2369 
233 38 39 45 46 50 52 94 147 251 254 256 258 327 329 330 333 338 374 418 420 421 427 429 430 431 432 433 436 443 444 448 451 455 457 458 462 465 466 467 468 480 488 489 495 496 499 502 543 549 552 553 555 561 562 565 568 569 570 571 572 577 583 584 592 593 597 600 601 637 696 697 702 703 708 710 739 743 744 745 746 747 748 749 780 839 845 846 855 856 861 863 864 865 875 876 884 885 888 891 953 1045 1048 1049 1054 1056 1061 1139 1140 1149 1150 1153 1156 1174 1182 1185 1186 1194 1195 1198 1202 1203 1204 1205 1206 1211 1218 1219 1228 1229 1233 1236 1253 1296 1320 1367 1391 1393 1399 1400 1402 1404 1405 1406 1407 1408 1436 1440 1442 1444 1705 1710 1711 1713 1715 1716 1717 1725 1727 1728 1729 1730 1731 1734 1737 1738 1744 1745 1748 1750 1752 1753 1754 1755 1781 1784 1785 1787 1793 1795 1798 1799 1800 1801 1802 1836 1837 1846 1847 1852 1857 1866 1870 1874 1876 1879 1956 1957 1958 1959 1960 1961 1962 1963 1964 1965 1966 1967 2008 2030 2104 2106 2142 2201 2202 2207 2208 2213 2215 2218 2221 2222 2224 2228 2240 2353 2365 2366 2372 2373 2374 2376 2405 2407 
172 5 12 18 20 38 44 49 95 148 255 375 421 423 425 433 439 441 481 488 494 498 506 513 518 520 544 548 552 555 557 559 563 572 576 583 588 590 594 666 667 668 671 673 675 679 696 707 750 751 752 753 754 760 761 781 838 845 851 853 858 867 875 881 882 1031 1032 1033 1034 1035 1055 1097 1098 1099 1100 1102 1131 1139 1145 1147 1175 1181 1185 1190 1192 1196 1206 1210 1218 1224 1226 1230 1254 1297 1321 1368 1441 1706 1710 1711 1712 1715 1717 1719 1721 1723 1731 1733 1737 1740 1742 1746 1780 1784 1787 1789 1791 1794 1802 1836 1843 1844 1851 1875 1889 1890 1891 1892 1893 1894 1896 1908 1910 1968 1969 1970 1971 1972 1973 1974 1975 1976 2009 2047 2048 2049 2050 2054 2056 2058 2065 2105 2143 2172 2178 2184 2185 2191 2201 2212 2241 2358 2365 2370 2371 2406 2419 2420 2421 2422 2423 2424 2426 
138 79 81 82 100 128 136 139 140 154 214 283 363 364 376 381 473 483 532 537 546 607 630 638 663 691 695 696 698 711 757 758 760 761 762 764 769 774 783 828 829 954 986 1090 1176 1178 1255 1285 1286 1298 1303 1311 1312 1322 1326 1359 1369 1426 1431 1445 1491 1546 1578 1606 1707 1709 1831 1834 1836 1838 1839 1840 1843 1844 1858 1860 1864 1880 1977 1978 1979 1980 1981 1982 1983 1984 1985 1986 1987 1988 1989 1990 1991 1992 1993 1994 1995 1996 1997 1998 2023 2031 2131 2132 2144 2171 2172 2173 2176 2177 2178 2179 2180 2184 2185 2186 2188 2194 2196 2200 2201 2203 2216 2219 2220 2242 2273 2326 2354 2357 2358 2359 2362 2363 2365 2367 2370 2371 2377 
127 6 27 50 256 333 341 343 346 348 349 350 351 352 418 429 430 431 432 448 455 465 466 467 468 499 507 526 530 549 565 568 569 570 571 577 597 601 708 727 728 730 731 733 734 735 736 737 739 744 745 746 747 748 749 839 861 863 865 888 1056 1153 1182 1198 1202 1204 1205 1211 1233 1271 1391 1402 1404 1406 1407 1442 1512 1513 1515 1516 1517 1518 1519 1713 1716 1725 1727 1728 1729 1730 1734 1748 1750 1752 1753 1755 1781 1795 1798 1799 1800 1801 1852 1876 1905 1916 1929 1932 1938 1939 1940 1941 1956 1957 1959 1961 1963 1964 1965 1966 1999 2000 2001 2106 2213 2224 2374 2407 
23 180 188 189 192 206 209 221 224 237 1585 1588 1599 1602 1622 2002 2003 2004 2005 2006 2007 2008 2009 2010 
100 112 116 118 119 645 646 648 649 651 652 653 654 655 656 658 659 660 661 662 663 664 665 993 1002 1004 1011 1014 1017 1018 1021 1022 1023 1024 1025 1026 1027 1105 1106 1110 1113 1115 1117 1120 1121 1122 1123 1124 1377 1378 1380 1381 1383 1387 1819 1824 1826 1827 2011 2012 2013 2014 2015 2016 2017 2018 2019 2020 2021 2022 2023 2024 2025 2026 2027 2028 2029 2030 2031 2032 2033 2034 2035 2036 2302 2304 2306 2307 2309 2310 2312 2313 2314 2317 2319 2320 2321 2322 2323 2325 2326 
64 429 430 431 432 500 565 567 568 569 570 571 598 601 889 922 928 929 930 931 1154 1198 1201 1202 1204 1205 1234 1716 1725 1726 1727 1728 1729 1730 1748 1751 1752 1753 1755 1795 1797 1798 1799 1800 1801 1853 1877 2037 2038 2039 2040 2044 2045 2046 2053 2061 2062 2063 2064 2375 2411 2415 2416 2417 2418 
114 96 137 149 284 334 377 485 487 492 500 577 579 581 582 587 589 594 598 601 611 639 796 955 1039 1043 1046 1057 1091 1211 1213 1216 1217 1222 1225 1230 1234 1299 1323 1370 1428 1432 1433 1711 1713 1714 1716 1718 1720 1723 1725 1726 1727 1728 1729 1730 1734 1735 1736 1741 1746 1748 1751 1752 1753 1755 1781 1782 1783 1788 1790 1794 1795 1797 1798 1799 1800 1801 1833 1835 1841 1853 1862 1865 1867 1877 2005 2006 2032 2040 2041 2042 2043 2044 2045 2046 2047 2049 2050 2051 2052 2053 2055 2057 2061 2062 2063 2064 2145 2225 2361 2363 2364 2369 2375 
57 79 95 96 100 136 137 148 149 154 215 611 987 1175 1178 1254 1256 1297 1299 1303 1492 1547 1579 1607 1706 1709 2047 2048 2049 2050 2051 2052 2053 2054 2055 2056 2057 2058 2059 2060 2061 2062 2063 2064 2065 2274 2327 2358 2361 2362 2363 2364 2365 2369 2370 2371 2375 2377 
73 12 13 38 40 97 150 312 313 335 378 513 514 612 696 698 802 810 811 820 821 825 831 845 847 875 877 1058 1139 1141 1218 1220 1300 1324 1371 1410 1415 1416 1422 1423 1678 1685 1686 1757 1762 1763 1764 1771 1772 1773 1836 1839 1854 1938 1939 1943 1948 1949 1954 1955 2068 2072 2073 2077 2078 2082 2146 2178 2180 2201 2203 2226 2365 2367 
77 216 285 305 306 307 308 309 310 311 312 313 314 315 316 317 318 319 320 322 323 324 325 328 331 335 336 640 664 956 1036 1037 1038 1039 1042 1046 1047 1050 1058 1059 1092 1426 1427 1428 1431 1433 1434 1608 1860 1861 1862 1864 1867 1868 2033 2066 2067 2068 2069 2070 2071 2072 2073 2074 2075 2076 2077 2078 2079 2080 2081 2082 2124 2146 2147 2243 2275 2355 
83 5 14 28 41 98 151 307 308 314 336 379 449 505 506 515 527 766 800 802 805 806 807 808 811 812 814 832 837 838 848 867 878 1059 1129 1131 1142 1208 1210 1221 1301 1649 1650 1652 1655 1656 1657 1658 1660 1662 1673 1674 1675 1679 1855 1917 1923 1926 1927 1928 1931 1932 1942 1943 1944 1945 1949 2066 2068 2069 2070 2073 2075 2083 2084 2085 2086 2087 2088 2172 2181 2192 2358 2368 
137 6 29 51 152 257 309 321 322 323 337 341 343 346 348 349 350 351 352 387 389 392 394 395 396 397 398 399 418 429 430 431 432 450 455 465 466 467 468 501 507 528 530 549 565 568 569 570 571 577 599 601 709 716 723 724 725 726 727 728 730 731 733 734 735 736 737 739 744 745 746 747 748 749 767 833 839 862 863 865 890 1060 1155 1182 1198 1202 1204 1205 1211 1235 1272 1391 1402 1404 1406 1407 1443 1676 1685 1686 1687 1688 1781 1795 1798 1799 1800 1801 1856 1878 1905 1918 1929 1932 1938 1939 1940 1941 2089 2090 2091 2092 2107 2151 2153 2155 2160 2162 2164 2165 2166 2167 2168 2169 2193 2214 2227 2408 
105 164 168 179 181 223 228 239 265 266 268 269 270 276 281 282 286 287 289 292 296 303 621 622 624 625 631 635 636 637 641 642 644 651 652 653 656 662 665 786 788 794 795 797 799 937 938 940 941 946 951 952 953 957 958 960 1005 1016 1021 1028 1070 1073 1075 1076 1077 1082 1087 1088 1089 1093 1094 1096 1109 1113 1125 1390 1587 1591 1592 1603 1604 1623 2093 2094 2095 2096 2097 2098 2099 2100 2101 2102 2103 2104 2105 2106 2107 2108 2109 2117 2305 2310 2323 2324 2325 2330 
11 2110 2111 2112 2113 2114 2115 2116 2117 2118 2119 2120 
111 54 58 62 63 65 66 67 104 110 118 119 120 961 963 965 970 974 979 980 981 983 984 985 986 988 991 997 1004 1009 1011 1014 1019 1025 1027 1029 1377 1378 1381 1386 1387 1390 1615 1621 1818 1826 1828 2121 2122 2123 2124 2125 2126 2127 2128 2129 2130 2131 2132 2133 2134 2135 2136 2137 2138 2139 2140 2141 2142 2143 2144 2145 2146 2147 2148 2149 2150 2245 2246 2248 2254 2255 2258 2260 2265 2266 2267 2268 2270 2271 2273 2275 2276 2278 2284 2292 2293 2294 2300 2302 2304 2309 2313 2318 2319 2320 2322 2323 2325 2326 2328 2330 
300 5 6 7 8 11 14 15 16 17 19 21 24 26 29 32 33 35 41 42 43 51 83 99 102 128 141 152 153 156 242 244 249 250 257 286 306 307 308 309 310 311 314 315 316 317 319 320 321 322 323 328 337 339 365 380 435 437 438 440 442 446 447 450 452 474 482 505 506 507 508 509 512 515 516 517 519 521 524 525 528 530 531 532 538 545 641 665 691 693 699 700 709 757 759 762 764 765 767 768 769 775 776 782 830 833 834 837 838 839 840 841 844 848 849 850 852 854 858 859 860 862 863 865 866 867 868 870 873 878 879 880 883 886 890 957 1037 1039 1046 1047 1060 1063 1093 1129 1131 1132 1134 1137 1142 1143 1144 1146 1148 1151 1155 1177 1208 1210 1211 1212 1213 1216 1221 1222 1223 1225 1227 1230 1231 1235 1257 1258 1259 1260 1261 1264 1265 1266 1272 1287 1302 1313 1325 1372 1391 1392 1394 1396 1398 1401 1402 1403 1404 1406 1407 1426 1428 1433 1434 1443 1493 1580 1672 1673 1674 1675 1676 1677 1679 1680 1681 1683 1684 1685 1686 1687 1688 1708 1860 1862 1867 1868 1878 1905 1906 1907 1909 1911 1914 1915 1918 1920 1923 1925 1926 1927 1928 1929 1930 1931 1932 1933 1934 1936 1937 1938 1939 1940 1941 2034 2093 2095 2100 2101 2107 2108 2148 2151 2152 2153 2154 2155 2156 2157 2158 2159 2160 2161 2162 2163 2164 2165 2166 2167 2168 2169 2172 2173 2175 2177 2181 2182 2183 2186 2188 2190 2193 2195 2196 2198 2204 2205 2214 2244 2356 2394 2396 2401 2402 2408 2409 
269 67 73 77 79 81 82 83 86 87 90 95 97 98 99 100 102 120 123 128 129 133 136 139 140 141 143 145 148 150 151 152 153 154 156 182 197 204 205 208 214 218 240 304 356 360 363 364 365 367 368 370 375 376 378 379 380 381 384 469 472 473 474 475 476 477 481 482 483 532 533 536 537 538 539 540 544 545 546 607 608 612 615 653 656 657 660 663 665 691 692 693 695 696 698 699 700 705 707 709 711 769 770 774 775 776 777 778 781 782 783 792 799 940 946 947 949 954 957 960 979 986 988 991 1029 1126 1244 1246 1247 1249 1250 1254 1255 1257 1279 1282 1285 1286 1287 1289 1290 1291 1297 1298 1300 1301 1302 1303 1307 1309 1311 1312 1313 1314 1315 1316 1321 1322 1324 1325 1326 1328 1356 1359 1360 1361 1363 1368 1369 1371 1372 1375 1386 1390 1477 1482 1483 1485 1491 1493 1496 1530 1538 1540 1546 1548 1550 1563 1569 1570 1572 1578 1580 1582 1591 1598 1601 1606 1609 1696 1698 1699 1700 1701 1706 1707 1708 1709 2124 2127 2131 2132 2133 2134 2136 2138 2143 2144 2146 2148 2150 2170 2171 2172 2173 2174 2175 2176 2177 2178 2179 2180 2181 2182 2183 2184 2185 2186 2187 2188 2189 2190 2191 2192 2193 2194 2195 2196 2197 2198 2200 2201 2203 2204 2205 2210 2212 2214 2216 2255 2265 2268 2273 2276 2278 2294 2318 2326 2328 2330 
272 54 57 67 68 69 73 75 77 78 79 81 82 83 84 86 87 89 90 91 92 94 95 97 98 99 100 101 102 104 120 121 158 164 182 183 219 223 240 241 354 356 358 360 361 363 364 365 366 367 368 370 371 372 373 374 375 376 378 379 380 381 382 384 604 605 607 608 609 610 612 613 615 645 651 653 656 657 660 662 663 665 961 965 966 970 979 984 985 986 988 991 1006 1009 1014 1016 1029 1030 1103 1109 1126 1127 1237 1242 1244 1246 1247 1249 1250 1251 1253 1254 1255 1257 1306 1307 1308 1309 1310 1311 1312 1313 1314 1315 1316 1317 1318 1319 1320 1321 1322 1324 1325 1326 1327 1328 1350 1353 1355 1356 1357 1359 1360 1361 1363 1365 1366 1367 1368 1369 1371 1372 1373 1375 1378 1381 1386 1388 1390 1465 1470 1471 1476 1477 1479 1482 1483 1485 1487 1489 1491 1493 1494 1496 1521 1524 1525 1528 1530 1533 1538 1540 1542 1544 1546 1548 1549 1550 1551 1556 1557 1562 1563 1565 1569 1570 1572 1574 1576 1578 1580 1581 1582 1583 1587 1591 1598 1601 1604 1606 1609 1624 1689 1694 1696 1698 1699 1700 1701 1702 1703 1705 1706 1707 1708 1709 2196 2197 2198 2199 2200 2201 2202 2203 2204 2205 2206 2207 2208 2209 2210 2211 2212 2213 2214 2215 2216 2245 2248 2249 2254 2255 2258 2265 2268 2270 2271 2273 2276 2277 2278 2294 2295 2300 2304 2305 2309 2318 2323 2325 2326 2328 2330 
50 122 965 970 980 982 986 989 1378 1381 1829 2217 2218 2219 2220 2221 2222 2223 2224 2225 2226 2227 2228 2229 2230 2232 2236 2237 2238 2240 2241 2242 2248 2254 2266 2268 2269 2273 2296 2304 2309 2319 2321 2326 2343 2345 2349 2350 2351 2353 2354 
86 108 112 122 963 965 967 968 970 971 973 974 976 977 980 981 982 984 985 986 989 1377 1378 1380 1381 1383 1384 1387 1816 1819 1829 2118 2230 2231 2232 2233 2234 2235 2236 2237 2238 2239 2240 2241 2242 2243 2244 2246 2248 2250 2251 2253 2254 2255 2256 2259 2260 2262 2263 2266 2267 2268 2269 2270 2271 2273 2275 2277 2282 2286 2296 2302 2304 2306 2307 2309 2310 2312 2313 2314 2315 2319 2320 2321 2323 2325 2326 
67 992 995 997 999 1001 1003 1004 1006 1007 1610 1613 1615 1617 1618 1621 1624 1625 2245 2246 2247 2248 2249 2250 2251 2252 2253 2254 2255 2256 2257 2258 2259 2260 2261 2262 2263 2264 2265 2266 2267 2268 2269 2270 2271 2272 2273 2274 2275 2276 2277 2278 2279 2280 2281 2282 2283 2284 2286 2288 2289 2290 2291 2292 2293 2294 2295 2296 
18 2279 2280 2281 2282 2283 2284 2285 2286 2287 2288 2289 2290 2291 2292 2293 2294 2295 2296 
25 1258 1273 1332 1334 1335 1336 1338 1339 1340 1341 1342 1346 1630 1632 1634 1635 1636 1637 1638 1639 1640 1644 2297 2298 2299 
81 104 105 106 107 108 109 110 111 112 113 114 115 116 118 119 120 121 122 992 993 995 997 999 1001 1002 1004 1005 1006 1007 1008 1814 1815 1816 1817 1818 1819 1820 1821 1822 1823 1824 1826 1827 1828 1829 2115 2117 2118 2119 2120 2300 2301 2302 2303 2304 2305 2306 2307 2308 2309 2310 2311 2312 2313 2314 2315 2316 2317 2318 2319 2320 2321 2322 2323 2324 2325 2326 2327 2328 2329 2330 
45 350 396 682 685 713 714 735 898 914 921 1329 1330 1342 1447 1449 1453 1459 1460 1506 1507 1508 1627 1628 1640 1646 1647 1666 1804 1805 1813 1897 1921 1922 1965 1999 2000 2039 2078 2090 2091 2165 2297 2298 2331 2332 
56 350 396 417 466 568 682 685 713 714 735 736 747 821 898 909 921 929 1329 1330 1342 1447 1449 1453 1459 1460 1627 1628 1640 1666 1667 1686 1727 1752 1772 1778 1798 1813 1921 1922 1939 1965 1966 1997 1999 2000 2039 2045 2078 2090 2091 2165 2166 2331 2332 2388 2416 
76 322 341 350 351 387 396 397 430 466 467 568 569 713 714 724 728 735 736 747 748 801 821 822 863 929 930 1202 1329 1330 1333 1342 1343 1404 1453 1517 1627 1628 1631 1640 1641 1651 1666 1667 1668 1686 1687 1727 1728 1752 1753 1798 1799 1939 1940 1957 1965 1966 1999 2000 2039 2045 2046 2062 2067 2078 2079 2090 2091 2153 2165 2166 2167 2331 2332 2416 2417 
160 6 12 30 38 52 258 338 341 342 343 346 347 348 349 350 351 352 353 418 421 429 430 431 432 433 451 455 457 465 466 467 468 488 502 507 513 529 530 549 552 555 565 568 569 570 571 572 577 583 600 601 696 710 727 728 729 730 731 732 733 734 735 736 737 738 739 744 745 746 747 748 749 839 845 863 864 865 875 891 1061 1139 1156 1182 1185 1198 1202 1203 1204 1205 1206 1211 1218 1236 1262 1274 1391 1402 1404 1405 1406 1407 1408 1444 1710 1713 1715 1716 1717 1725 1727 1728 1729 1730 1731 1734 1737 1748 1752 1753 1754 1755 1781 1784 1787 1795 1798 1799 1800 1801 1802 1836 1857 1879 1905 1919 1929 1932 1938 1939 1940 1941 1956 1957 1958 1959 1961 1962 1963 1964 1965 1966 1967 2201 2215 2228 2331 2332 2333 2365 2376 
168 5 18 20 21 31 44 53 100 154 259 381 439 441 442 483 494 503 506 518 520 521 546 548 555 557 559 560 563 576 588 590 591 594 666 667 668 671 673 675 676 711 760 761 762 783 838 851 853 854 858 867 881 882 883 892 1062 1097 1099 1100 1101 1102 1131 1145 1147 1148 1178 1210 1224 1226 1227 1230 1303 1326 1395 1397 1398 1445 1709 1710 1711 1712 1717 1719 1721 1722 1723 1733 1740 1742 1743 1746 1780 1787 1789 1791 1792 1794 1843 1844 1858 1880 1889 1890 1891 1892 1893 1894 1895 1896 1908 1910 1911 1977 1978 1979 1981 1982 1987 1989 1990 1992 1993 1994 2010 2047 2048 2049 2050 2054 2056 2058 2059 2109 2172 2184 2185 2186 2194 2216 2334 2335 2336 2337 2338 2339 2340 2341 2342 2358 2370 2371 2377 2378 2379 2380 2381 2383 2385 2386 2410 2419 2420 2421 2422 2423 2424 2425 2426 
83 323 341 343 350 387 389 396 398 431 466 468 530 568 570 601 713 714 725 728 730 735 736 747 749 801 821 823 865 929 931 1204 1329 1330 1333 1342 1344 1406 1453 1518 1627 1628 1631 1633 1640 1642 1651 1666 1667 1669 1686 1688 1727 1729 1752 1755 1798 1800 1939 1941 1957 1959 1965 1966 1999 2000 2037 2039 2045 2063 2067 2078 2080 2090 2091 2153 2155 2165 2166 2168 2331 2332 2416 2418 
43 352 399 432 571 712 714 715 726 727 737 739 824 922 1205 1330 1331 1345 1407 1451 1455 1519 1628 1629 1643 1649 1670 1730 1801 1956 2000 2001 2038 2040 2064 2081 2089 2091 2092 2151 2169 2332 2333 2411 
54 108 122 963 965 967 968 970 971 973 976 977 980 982 984 985 986 989 1377 1378 1380 1381 1383 1384 1816 1829 2119 2302 2304 2306 2307 2309 2310 2312 2314 2315 2319 2321 2323 2325 2326 2343 2344 2345 2346 2347 2348 2349 2350 2351 2352 2353 2354 2355 2356 
124 62 73 79 81 82 93 94 95 96 97 98 100 128 129 136 137 139 140 147 148 149 150 151 154 184 194 206 213 214 215 607 611 612 969 980 986 987 990 1007 1128 1160 1161 1173 1174 1175 1176 1178 1240 1248 1252 1253 1254 1255 1256 1279 1285 1286 1295 1296 1297 1298 1299 1300 1301 1303 1389 1473 1484 1490 1491 1492 1527 1539 1545 1546 1547 1559 1571 1577 1578 1579 1590 1599 1605 1606 1607 1625 1692 1704 1705 1706 1707 1709 2252 2266 2272 2273 2274 2308 2319 2326 2327 2329 2357 2358 2359 2360 2361 2362 2363 2364 2365 2366 2367 2368 2369 2370 2371 2372 2373 2374 2375 2376 2377 
164 36 37 44 48 53 79 91 100 101 134 136 146 154 155 217 246 247 253 259 287 372 381 382 435 437 439 440 441 442 446 473 478 483 506 510 511 512 516 518 519 520 521 524 537 541 546 576 580 581 588 589 590 591 594 595 613 642 773 774 779 783 797 838 842 843 844 849 851 852 853 854 858 859 867 871 872 873 881 882 883 886 892 958 1041 1042 1053 1062 1094 1131 1135 1136 1137 1145 1146 1147 1148 1151 1171 1178 1210 1214 1215 1216 1224 1225 1226 1227 1230 1231 1293 1303 1304 1318 1326 1327 1373 1392 1394 1395 1396 1397 1398 1401 1430 1431 1439 1445 1494 1549 1581 1702 1709 1906 1907 1908 1909 1910 1911 1914 2035 2098 2099 2103 2109 2199 2200 2211 2216 2277 2378 2379 2380 2381 2382 2383 2384 2385 2386 2387 2388 2399 2400 2404 2410 
101 5 14 32 41 102 156 307 308 314 339 340 342 343 344 345 347 348 386 388 389 390 391 393 394 452 453 454 459 491 505 506 515 531 574 576 586 718 739 740 742 743 745 768 834 837 838 848 866 867 878 1063 1129 1131 1142 1180 1181 1187 1208 1210 1221 1258 1264 1649 1650 1652 1655 1656 1657 1658 1660 1662 1673 1674 1675 1679 1859 1920 1923 1926 1927 1928 1931 1932 2151 2152 2154 2155 2157 2158 2159 2161 2162 2172 2181 2195 2229 2389 2390 2391 2392 2393 
105 164 168 179 185 223 228 239 265 266 268 269 270 276 281 282 286 287 289 292 296 303 621 622 624 625 631 635 636 637 641 642 644 651 652 653 656 662 665 786 788 794 795 797 799 937 938 940 941 946 951 952 953 957 958 960 1008 1016 1021 1028 1070 1073 1075 1076 1077 1082 1087 1088 1089 1093 1094 1096 1109 1113 1125 1390 1587 1591 1592 1603 1604 1626 2120 2305 2310 2323 2324 2325 2330 2394 2395 2396 2397 2398 2399 2400 2401 2402 2403 2404 2405 2406 2407 2408 2409 2410 
21 353 409 433 572 679 738 825 1206 1346 1408 1423 1520 1644 1731 1773 1802 1955 1967 1998 2065 2082 
139 103 128 137 157 242 248 249 288 383 418 419 421 422 424 429 430 431 432 433 484 487 492 497 500 549 551 555 556 558 563 565 566 567 568 569 570 571 572 577 578 581 582 587 589 594 596 598 601 614 643 798 868 873 874 879 887 889 959 1037 1043 1046 1064 1095 1132 1137 1138 1143 1146 1152 1154 1182 1184 1188 1189 1191 1196 1198 1199 1201 1202 1204 1205 1206 1211 1212 1216 1217 1222 1225 1230 1232 1234 1305 1374 1426 1432 1433 1495 1734 1736 1741 1746 1748 1749 1751 1752 1753 1755 1781 1783 1787 1788 1790 1794 1795 1796 1797 1798 1799 1800 1801 1802 1860 1865 1867 1877 2002 2005 2006 2036 2149 2411 2412 2413 2414 2415 2416 2417 2418 
110 5 12 18 20 21 31 38 44 47 49 53 90 95 100 145 148 154 218 289 370 375 381 384 477 481 483 506 513 518 520 521 540 544 546 615 644 696 705 707 711 778 781 783 799 867 875 881 882 883 892 960 991 1096 1131 1139 1145 1147 1148 1170 1175 1178 1250 1254 1291 1297 1303 1316 1321 1326 1328 1368 1375 1390 1496 1550 1582 1701 1706 1709 2102 2105 2109 2138 2143 2150 2172 2178 2184 2185 2186 2189 2191 2194 2201 2210 2212 2216 2278 2330 2403 2406 2410 2419 2420 2421 2422 2423 2424 2425 2426 
