147:1376
9 4 144 377 406 666 748 768 1132 1203 
47 0 1 75 76 78 286 295 307 311 312 315 316 318 377 378 406 407 408 614 616 653 667 723 724 745 748 749 768 769 836 839 1040 1051 1059 1104 1125 1132 1133 1139 1140 1203 1204 1206 1229 1230 1237 1239 
52 0 1 2 3 79 146 183 185 199 217 224 233 295 296 301 303 319 352 356 358 359 364 365 373 379 497 520 638 641 642 646 674 675 678 679 780 784 839 841 844 845 846 850 937 980 1004 1019 1024 1026 1029 1342 1348 
27 4 49 137 272 351 615 618 637 647 669 670 727 728 748 750 838 840 904 1041 1052 1060 1091 1106 1203 1205 1231 1234 
34 5 6 7 8 9 10 11 12 13 14 15 16 17 18 19 20 21 22 23 24 25 175 176 178 180 181 1303 1304 1305 1306 1307 1309 1310 1311 
56 5 6 7 8 9 12 13 16 17 18 20 21 26 27 28 29 30 31 32 33 34 35 36 37 38 39 40 41 42 43 44 45 46 47 54 55 56 59 60 68 70 176 394 395 396 397 398 399 400 401 402 403 404 1304 1305 1311 
32 48 51 80 147 184 304 320 380 413 498 521 619 654 680 897 914 926 981 1005 1030 1046 1047 1086 1096 1118 1129 1137 1240 1317 1325 1349 1360 
53 49 50 51 52 80 83 160 184 192 198 202 203 206 211 219 220 320 324 330 335 336 492 494 495 496 498 499 504 591 706 851 938 1142 1187 1191 1199 1252 1290 1313 1314 1315 1317 1318 1319 1320 1355 1356 1357 1360 1361 1362 1363 1364 
22 53 54 55 56 57 58 59 60 61 62 63 64 65 66 67 68 69 70 71 72 73 74 
27 0 1 3 75 76 77 185 224 286 287 290 295 296 352 358 365 638 642 675 839 841 845 886 915 1019 1125 1342 
28 75 76 77 81 148 185 186 224 286 287 290 295 296 381 414 500 522 620 655 681 886 915 982 1006 1019 1031 1125 1342 
18 1 76 127 138 145 287 308 407 638 648 741 742 749 769 933 1053 1140 1232 
10 78 366 616 618 737 887 1061 1071 1077 1107 
54 53 79 80 81 82 83 84 85 86 87 88 89 91 92 93 98 100 105 106 109 439 442 445 472 484 542 545 582 629 631 871 878 956 1165 1172 1176 1208 1213 1215 1252 1254 1255 1259 1261 1266 1267 1302 1364 1366 1367 1370 1371 1374 1375 
40 90 91 92 93 94 95 96 97 98 99 100 101 102 103 104 105 106 109 113 114 115 116 118 121 122 126 174 542 545 549 550 552 553 556 559 562 1302 1304 1305 1308 
24 106 107 108 109 110 111 112 113 114 115 116 117 118 119 120 121 122 123 124 125 126 174 179 181 
47 90 127 128 129 130 131 132 133 134 135 136 249 523 524 530 531 538 563 682 684 689 690 692 699 700 708 710 711 712 720 983 985 989 990 993 997 998 1143 1253 1343 1344 1345 1347 1351 1352 1353 1365 
7 137 138 139 140 141 142 143 
51 127 132 133 144 145 149 187 225 273 287 290 291 297 308 309 310 314 321 353 358 367 382 415 638 642 643 671 675 729 737 741 742 743 744 747 771 800 803 845 888 905 911 916 1007 1020 1062 1071 1078 1140 1141 1343 
36 5 26 29 36 41 146 147 148 149 150 151 152 153 154 155 156 157 158 159 337 338 339 340 341 342 344 346 457 458 461 463 464 469 823 832 1162 
50 9 160 161 162 163 164 165 166 167 168 169 170 171 172 173 175 397 546 551 607 611 612 752 754 755 756 759 760 762 763 764 765 766 808 809 810 814 815 817 819 820 821 826 827 828 829 833 835 1280 1282 
9 174 175 176 177 178 179 180 181 182 
159 6 27 29 30 36 41 47 107 183 184 185 186 187 188 189 190 191 192 193 194 195 196 197 198 199 200 201 202 203 204 205 206 207 208 209 210 211 213 214 215 217 218 219 220 221 222 251 252 253 259 262 263 271 394 437 447 456 470 543 591 592 593 594 595 596 600 602 603 604 605 609 613 636 751 752 753 754 759 761 767 784 785 786 787 789 790 791 792 796 798 799 806 807 808 814 816 822 824 826 832 851 852 853 854 856 860 862 863 864 868 869 937 938 939 940 941 943 944 947 950 951 952 953 954 955 969 973 979 1163 1186 1187 1188 1189 1190 1191 1192 1193 1194 1197 1198 1199 1200 1201 1207 1218 1226 1278 1290 1291 1292 1293 1294 1295 1296 1297 1298 1299 1300 1301 
130 6 7 27 29 30 31 36 41 44 47 54 107 108 207 208 209 210 211 212 213 214 215 216 217 218 219 220 221 222 223 394 395 437 438 440 447 453 456 470 471 474 543 544 581 583 591 592 593 594 595 596 599 600 602 603 604 605 606 607 609 611 613 751 752 753 754 755 759 761 765 767 790 791 792 793 796 798 799 806 807 808 809 814 816 820 822 824 825 826 827 832 851 852 853 854 855 856 859 860 862 863 864 868 869 870 873 937 938 939 940 941 942 943 944 946 947 949 950 951 952 953 954 955 1163 1164 1168 1183 1186 1278 1279 
107 8 28 29 39 79 80 81 82 83 84 85 86 87 88 89 91 92 93 98 100 105 109 224 225 226 227 228 229 230 231 232 233 234 235 236 237 238 251 252 254 261 263 268 269 396 439 445 472 484 497 498 500 501 502 503 504 506 508 509 511 512 514 515 516 517 518 519 545 582 629 707 710 711 712 715 716 718 719 720 721 722 871 878 1144 1145 1147 1153 1154 1155 1159 1160 1165 1176 1208 1215 1254 1255 1259 1261 1266 1267 1366 1367 1370 1371 1374 1375 
15 239 240 241 242 243 244 245 246 247 248 971 975 1281 1285 1289 
150 6 8 10 11 12 13 14 15 17 19 20 24 57 59 60 64 65 69 73 107 109 110 112 113 114 116 118 119 120 122 124 126 181 249 250 251 252 253 254 255 256 257 258 259 260 261 262 263 264 265 266 267 268 269 270 271 470 472 475 477 478 479 481 483 484 485 486 487 489 491 543 545 547 548 549 550 553 554 556 557 558 562 582 584 586 587 589 590 629 630 631 632 633 634 635 636 869 871 872 874 876 877 878 879 880 882 883 957 958 962 963 967 1163 1165 1166 1169 1171 1172 1173 1175 1176 1177 1178 1179 1180 1181 1184 1185 1186 1207 1208 1209 1210 1212 1213 1214 1215 1216 1217 1218 1220 1221 1222 1224 1225 1226 1303 1304 1305 1309 
25 250 257 258 272 273 274 275 276 277 278 279 280 281 282 283 284 285 427 428 429 431 436 872 1166 1209 
148 81 87 88 92 148 149 157 158 161 185 186 187 189 194 201 203 204 209 213 218 220 221 224 225 226 230 234 236 237 239 241 244 245 246 251 286 287 288 289 290 291 292 293 294 295 296 297 299 300 305 306 337 341 381 382 389 390 391 392 414 415 417 422 423 424 457 500 501 502 508 516 517 522 524 530 538 539 564 592 620 625 626 681 684 689 699 700 701 707 710 711 720 721 752 789 790 852 939 953 954 982 985 989 997 998 999 1006 1007 1015 1016 1019 1020 1022 1023 1027 1028 1031 1037 1038 1144 1190 1193 1198 1199 1200 1254 1268 1270 1273 1274 1275 1291 1294 1296 1300 1330 1332 1336 1337 1338 1342 1343 1344 1351 1352 1353 1354 1366 
197 29 79 80 81 83 84 85 87 88 89 92 93 100 146 147 148 149 150 151 152 153 154 155 156 157 158 159 183 184 185 186 187 189 190 191 192 193 194 196 197 199 200 201 202 203 204 205 209 210 211 213 214 217 218 219 220 221 224 225 226 227 228 230 232 233 234 235 236 237 251 252 263 295 296 297 298 299 300 301 302 303 304 305 306 337 338 341 342 346 379 380 381 382 383 384 385 386 387 388 389 390 391 392 393 457 458 464 497 498 500 501 502 504 506 508 509 511 516 517 519 592 593 603 707 710 711 712 715 720 721 752 753 784 786 787 789 790 791 799 807 852 853 863 937 939 944 947 951 953 954 969 1004 1005 1006 1007 1008 1009 1010 1011 1012 1013 1014 1015 1016 1017 1029 1030 1031 1033 1034 1035 1036 1037 1038 1039 1144 1145 1154 1190 1191 1193 1194 1198 1199 1200 1254 1255 1261 1291 1294 1296 1297 1298 1300 1366 1367 1371 
95 127 128 131 132 133 136 149 150 187 188 190 191 207 210 273 274 275 278 284 307 308 309 310 311 312 313 314 321 323 339 353 354 356 358 364 367 368 382 383 384 427 523 638 639 641 642 643 646 671 672 674 675 678 682 708 729 730 731 734 737 740 771 772 775 839 842 844 845 850 905 906 907 908 911 913 940 983 1007 1008 1009 1020 1021 1024 1062 1063 1064 1068 1071 1076 1078 1079 1188 1292 1343 1345 
93 149 150 154 162 187 188 190 191 194 196 207 208 210 213 312 313 314 321 322 323 329 339 340 341 353 354 356 357 358 362 364 367 368 372 375 382 383 384 386 594 682 683 689 708 709 711 771 772 773 775 776 779 785 839 842 844 845 848 850 905 906 907 908 910 911 912 913 940 941 983 984 989 1007 1008 1009 1012 1020 1021 1024 1025 1027 1032 1078 1079 1084 1088 1146 1188 1189 1193 1292 1293 1296 
75 133 134 135 189 209 226 239 282 283 286 291 292 293 294 295 305 306 315 316 317 318 360 362 363 375 376 389 391 408 411 412 422 423 428 502 524 643 644 645 676 677 684 710 724 738 739 745 774 804 805 839 847 848 849 889 899 900 985 1027 1028 1072 1074 1075 1088 1089 1117 1120 1121 1190 1268 1294 1330 1344 1351 1352 
97 9 30 31 36 38 42 43 44 45 55 160 162 163 164 165 166 167 168 169 170 172 173 319 320 321 322 323 324 325 326 327 328 329 330 331 332 333 334 335 336 339 340 341 342 343 344 345 346 347 348 349 350 397 459 460 461 462 464 465 466 467 468 473 474 489 546 607 611 612 754 755 759 760 762 763 765 766 808 809 814 815 817 819 820 821 826 827 829 833 835 1167 1168 1179 1181 1183 1184 1280 
44 5 9 20 26 29 30 31 36 38 40 41 42 43 44 45 55 56 176 336 337 338 339 340 341 342 343 344 345 346 347 348 349 350 397 398 403 823 826 827 829 831 832 833 835 
101 30 162 163 164 183 185 187 188 189 190 191 193 194 196 199 202 207 208 209 210 213 214 217 219 253 319 321 322 323 326 327 329 339 340 341 342 351 352 353 354 355 356 357 358 359 360 361 362 363 364 365 367 368 372 373 374 375 376 459 594 595 754 771 772 773 774 775 776 777 779 780 782 784 785 786 787 792 808 826 854 937 940 941 944 947 1004 1007 1008 1009 1011 1012 1188 1189 1190 1193 1194 1292 1293 1294 1296 1297 
94 30 31 36 162 163 164 165 166 207 208 209 210 212 213 214 215 216 217 219 223 319 321 322 323 325 326 327 328 329 330 335 339 340 341 342 343 344 365 366 367 368 369 370 371 372 373 374 375 376 440 459 460 461 474 583 594 595 599 600 607 754 755 759 792 793 796 808 809 814 826 827 854 855 859 860 873 937 940 941 942 944 946 947 949 950 970 1168 1188 1189 1190 1193 1194 1195 1202 
20 128 190 274 295 307 311 312 354 377 378 383 639 672 730 745 839 842 906 1008 1063 
36 10 110 251 252 259 262 263 379 380 381 382 383 384 385 386 387 388 389 390 391 392 393 475 547 874 1169 1210 1218 1291 1292 1293 1294 1296 1297 1298 1300 
16 175 176 178 180 394 395 396 397 398 399 400 401 402 403 404 405 
73 127 131 132 136 150 191 210 227 275 278 284 295 298 301 307 308 309 311 312 313 314 323 356 358 364 368 384 406 407 638 641 642 646 674 675 678 731 734 737 740 745 746 747 775 836 837 838 839 844 845 850 890 907 908 911 913 933 934 935 936 1009 1021 1024 1064 1068 1071 1076 1079 1108 1113 1123 1321 1345 
45 82 225 226 229 230 238 239 241 248 254 408 409 410 411 412 415 417 422 423 502 503 508 524 525 530 565 684 689 703 710 711 888 889 892 899 900 903 971 1147 1268 1270 1277 1330 1332 1340 
61 111 239 240 241 242 244 245 246 247 248 413 414 415 416 417 418 419 420 421 422 423 424 425 426 441 476 564 565 566 571 576 875 971 975 1144 1147 1154 1155 1159 1170 1211 1268 1269 1270 1271 1273 1274 1275 1276 1277 1281 1330 1331 1332 1333 1334 1336 1337 1338 1339 1340 
37 11 57 112 250 257 258 261 263 267 268 269 427 428 429 430 431 432 433 434 435 436 477 484 548 584 630 872 878 883 1166 1171 1176 1181 1209 1212 1215 1222 
40 53 54 60 63 64 65 67 68 69 71 74 437 438 439 440 441 442 443 444 445 446 447 448 449 450 451 452 453 454 455 456 956 958 961 962 963 965 966 967 968 
26 55 58 177 457 458 459 460 461 462 463 464 465 466 467 468 469 473 474 489 1162 1167 1168 1179 1181 1183 1184 
27 177 179 181 182 469 470 471 472 473 474 475 476 477 478 479 480 481 482 483 484 485 486 487 488 489 490 491 
24 32 80 83 255 442 492 493 494 495 496 498 499 504 512 631 706 716 1142 1148 1155 1172 1213 1252 1364 
94 8 12 17 28 29 32 37 39 43 59 91 92 93 96 98 100 104 105 109 113 118 251 252 254 255 257 258 261 263 267 268 269 396 399 472 478 483 484 497 498 499 500 501 502 503 504 505 506 507 508 509 510 511 512 513 514 515 516 517 518 519 545 549 556 582 586 629 631 632 871 877 878 883 957 1165 1172 1175 1176 1181 1208 1213 1214 1215 1222 1304 1364 1366 1367 1369 1370 1371 1373 1374 1375 
127 13 17 33 37 39 43 46 60 90 92 94 96 98 100 103 104 105 114 118 126 249 251 254 256 257 258 261 263 266 267 268 269 400 444 445 451 455 479 483 484 491 520 521 522 523 524 525 526 527 528 529 530 531 532 533 534 535 536 537 538 539 540 541 550 556 562 563 564 565 567 568 570 571 574 575 576 577 580 586 590 632 635 877 878 883 958 1143 1144 1147 1149 1150 1151 1153 1154 1155 1157 1158 1159 1160 1175 1176 1181 1185 1214 1215 1222 1225 1253 1254 1256 1259 1261 1264 1265 1266 1267 1305 1365 1366 1368 1369 1370 1371 1372 1373 1374 1375 
34 174 175 178 181 542 543 544 545 546 547 548 549 550 551 552 553 554 555 556 557 558 559 560 561 562 1302 1303 1304 1305 1306 1307 1308 1309 1311 
80 13 14 17 19 23 25 60 61 64 69 72 74 111 114 116 118 119 122 123 124 125 126 476 479 481 483 484 485 487 488 489 490 491 550 553 556 557 560 561 562 563 564 565 566 567 568 569 570 571 572 573 574 575 576 577 578 579 580 586 587 588 589 590 958 959 962 967 1170 1173 1175 1176 1177 1179 1180 1181 1182 1184 1185 1305 1306 
10 581 582 583 584 585 586 587 588 589 590 
75 6 7 16 18 54 62 68 178 394 395 401 402 543 544 555 591 592 593 594 595 596 597 598 599 600 601 602 603 604 605 606 607 608 609 611 613 751 752 753 754 755 757 758 759 760 761 765 767 806 807 808 809 811 812 813 814 815 816 820 822 824 825 826 827 829 832 869 870 873 960 966 1278 1279 1307 1311 
19 1 48 76 145 316 378 407 614 742 749 769 1018 1050 1140 1204 1227 1229 1312 1341 
11 606 607 608 609 610 611 612 613 960 965 966 
126 49 50 51 52 83 151 192 202 211 219 228 235 240 295 299 300 301 305 306 324 385 389 391 416 417 422 423 492 494 495 504 526 614 615 621 656 685 891 898 899 900 917 918 919 920 925 927 928 929 986 1010 1033 1040 1041 1042 1043 1044 1045 1046 1048 1049 1080 1081 1087 1088 1089 1091 1092 1093 1094 1095 1096 1097 1098 1106 1109 1110 1111 1113 1117 1119 1120 1121 1123 1125 1126 1127 1128 1130 1131 1133 1134 1135 1136 1138 1191 1241 1242 1243 1244 1248 1249 1269 1313 1314 1315 1318 1319 1320 1322 1323 1324 1326 1327 1328 1331 1346 1350 1351 1352 1355 1356 1357 1361 1362 1363 
23 129 276 288 299 369 409 417 725 732 801 918 1022 1042 1065 1081 1092 1109 1126 1134 1242 1313 1323 1355 
39 219 272 277 278 284 325 366 374 505 527 616 617 618 657 686 728 733 734 737 740 887 898 942 987 1060 1061 1066 1068 1071 1073 1076 1077 1087 1106 1107 1111 1113 1119 1123 
21 161 168 169 171 551 619 620 621 622 623 624 625 626 627 628 752 756 764 810 828 1282 
16 629 630 631 632 633 634 635 636 956 957 958 961 962 963 967 968 
50 33 94 256 520 523 524 528 530 531 567 637 638 639 640 641 642 643 644 645 646 679 682 684 687 689 690 692 708 710 711 712 980 983 985 988 989 990 993 1149 1256 1342 1343 1344 1345 1347 1348 1350 1351 1352 1368 
22 195 198 202 206 215 219 596 647 648 649 650 651 652 653 856 943 1192 1295 1357 1358 1361 1362 
52 63 96 98 100 104 105 115 118 444 445 451 480 483 484 552 556 586 632 654 655 656 657 658 659 660 661 662 663 664 665 877 878 883 961 1175 1176 1181 1214 1215 1222 1259 1261 1265 1266 1267 1308 1369 1370 1371 1373 1374 1375 
17 130 289 300 666 802 919 1023 1043 1093 1110 1127 1135 1228 1243 1314 1324 1356 
52 84 152 193 199 202 217 219 233 235 295 301 303 326 351 355 356 359 361 364 373 374 506 528 637 640 641 646 667 668 669 670 673 674 678 687 780 782 786 839 840 843 844 846 850 944 988 1011 1024 1026 1034 1348 1350 
32 34 597 670 671 672 673 674 675 676 677 678 757 771 772 774 775 776 777 779 780 782 784 786 787 794 811 857 937 940 944 945 947 
167 14 17 64 90 92 94 96 97 98 100 101 102 103 104 105 116 118 122 126 249 251 254 256 257 258 260 261 263 264 265 266 267 268 269 444 445 449 450 451 455 481 483 484 487 491 553 556 562 563 564 565 567 568 569 570 571 572 573 574 575 576 577 580 586 587 590 632 633 635 679 680 681 682 683 684 685 686 687 688 689 690 691 692 693 694 695 696 697 698 699 700 701 702 703 704 705 707 708 709 710 711 712 713 715 716 717 718 719 720 721 722 876 877 878 882 883 962 971 972 974 975 978 1143 1144 1146 1147 1149 1150 1151 1152 1153 1154 1155 1156 1157 1158 1159 1160 1173 1175 1176 1179 1180 1181 1185 1214 1215 1220 1221 1222 1225 1253 1254 1256 1258 1259 1261 1262 1263 1264 1265 1266 1267 1283 1284 1285 1287 
136 8 14 15 17 19 64 65 69 109 116 118 119 122 124 126 249 251 252 254 255 256 257 258 260 261 263 264 265 266 267 268 269 270 439 442 444 445 446 449 450 451 454 455 472 481 483 484 485 487 489 491 545 553 554 556 557 562 582 586 587 589 590 629 631 632 633 634 635 706 707 708 709 710 711 712 713 714 715 716 717 718 719 720 721 722 871 876 877 878 879 882 883 962 963 967 1142 1143 1144 1145 1146 1147 1148 1149 1150 1151 1152 1153 1154 1155 1156 1157 1158 1159 1160 1165 1172 1173 1175 1176 1177 1179 1180 1181 1184 1185 1208 1213 1214 1215 1216 1220 1221 1222 1224 1225 1309 
13 139 277 355 640 673 733 843 920 1044 1066 1094 1111 1244 
29 212 229 272 277 278 284 370 408 410 723 724 726 727 728 733 734 740 892 1060 1066 1067 1068 1076 1082 1106 1111 1112 1113 1123 
72 209 212 223 257 272 276 277 278 282 283 284 369 370 375 376 428 502 507 524 529 568 658 684 688 703 710 724 725 726 727 728 732 733 734 738 739 740 889 892 899 900 903 946 985 1001 1060 1065 1066 1067 1068 1072 1074 1075 1076 1081 1082 1088 1089 1090 1106 1109 1111 1112 1113 1117 1120 1121 1122 1123 1150 1190 1202 
13 728 729 730 731 732 733 734 735 736 737 738 739 740 
64 127 132 133 149 187 194 213 225 230 241 287 290 291 293 297 305 314 321 341 353 358 362 367 375 382 411 415 508 530 638 642 643 671 675 689 711 741 742 743 744 747 771 776 800 803 845 848 888 899 905 911 912 989 1007 1020 1027 1078 1088 1193 1270 1296 1332 1343 1351 
134 85 127 128 131 132 133 134 135 136 149 150 153 154 164 187 189 190 191 194 196 209 210 213 214 225 226 227 230 232 295 297 298 301 302 305 306 321 323 327 329 341 342 353 354 356 357 358 360 362 363 364 367 368 372 375 376 382 383 384 386 389 391 502 508 509 524 530 531 638 639 641 642 643 644 645 646 671 672 674 675 676 677 678 684 689 690 710 711 712 745 746 747 771 774 775 776 777 779 787 839 842 844 845 847 848 849 850 947 985 989 990 1007 1008 1009 1012 1020 1021 1024 1025 1027 1028 1035 1190 1193 1194 1294 1296 1297 1343 1344 1345 1347 1351 1352 
66 0 1 2 50 131 140 278 295 301 307 311 312 313 356 406 407 408 410 614 616 617 641 649 653 667 668 674 723 724 726 734 745 746 748 749 768 769 836 837 839 844 908 934 1024 1040 1045 1051 1054 1059 1068 1095 1104 1105 1113 1125 1128 1133 1136 1203 1204 1206 1230 1233 1237 1315 1357 
76 137 138 140 141 143 195 215 231 272 278 279 284 328 371 418 493 622 647 648 649 650 652 653 728 734 735 737 740 748 749 750 778 836 837 838 893 904 908 909 911 913 921 1051 1052 1053 1054 1055 1058 1059 1060 1068 1069 1071 1076 1083 1106 1113 1114 1123 1125 1128 1133 1136 1230 1231 1232 1233 1234 1235 1236 1237 1245 1315 1316 1357 1358 
49 6 7 9 16 18 175 178 394 395 397 401 402 543 544 546 551 555 751 752 753 754 755 756 757 758 759 760 761 762 763 764 765 766 767 824 825 826 827 828 829 832 833 835 1278 1279 1280 1282 1307 1311 
79 127 131 132 136 154 196 232 278 280 284 295 301 302 312 313 314 329 356 357 358 364 372 386 419 638 641 642 646 674 675 678 734 736 737 740 745 746 747 768 769 770 779 836 837 838 839 844 845 850 894 908 910 911 913 922 1012 1024 1025 1068 1070 1071 1076 1084 1113 1115 1123 1133 1136 1230 1232 1233 1234 1235 1236 1237 1246 1347 1357 1359 
74 16 30 34 35 36 38 117 401 443 482 555 585 594 595 597 598 599 600 601 608 754 757 758 759 760 771 772 773 774 775 776 777 778 779 780 781 782 783 784 785 786 787 788 789 792 794 795 796 797 808 811 812 813 814 815 826 829 854 857 858 859 860 861 937 940 941 944 945 947 948 949 950 953 1174 
25 66 107 117 470 482 585 784 785 786 787 788 789 790 791 792 794 795 796 797 798 799 964 1163 1174 1186 
32 54 66 68 107 108 117 179 470 471 474 482 581 583 585 790 791 792 793 794 795 796 797 798 799 964 966 1163 1164 1168 1174 1183 1186 
19 598 758 771 774 776 781 783 789 795 800 801 802 803 804 805 813 858 948 953 
45 6 7 9 16 18 22 175 178 180 394 395 397 401 402 405 806 807 808 809 810 811 812 813 814 815 816 817 818 819 820 821 822 824 825 826 827 828 829 832 833 834 835 1307 1310 1311 
26 175 176 178 180 394 395 397 398 401 402 403 404 405 823 824 825 826 827 828 829 830 831 832 833 834 835 
86 165 210 215 216 258 272 275 278 279 280 281 284 285 323 328 329 330 335 343 368 371 372 375 429 510 532 599 659 660 691 694 705 713 728 731 734 735 736 737 740 775 778 779 788 836 837 838 859 890 893 894 899 904 907 908 909 910 911 912 913 949 991 994 1003 1060 1064 1068 1069 1070 1071 1074 1076 1079 1083 1084 1088 1106 1108 1113 1114 1115 1120 1123 1124 1151 1195 
22 3 4 77 144 309 314 406 615 618 669 727 743 747 748 750 768 770 838 1141 1203 1205 1234 
31 3 77 132 141 144 290 309 314 358 406 618 642 650 675 737 743 747 748 750 768 770 803 838 845 911 935 1055 1071 1141 1234 1235 
119 36 95 146 149 150 152 153 154 162 164 166 183 185 187 188 189 190 191 193 194 196 199 202 207 208 209 210 213 214 217 219 259 319 321 322 323 326 327 329 339 340 341 342 344 365 367 368 372 373 374 375 376 379 382 383 384 386 389 391 461 594 600 759 771 772 773 774 775 776 777 779 780 782 784 785 786 787 796 814 839 840 841 842 843 844 845 846 847 848 849 850 860 937 940 941 944 947 950 1004 1007 1008 1009 1011 1012 1029 1032 1034 1035 1188 1189 1190 1193 1194 1257 1292 1293 1294 1296 1297 
83 6 7 16 18 22 54 67 68 71 180 394 395 401 402 405 437 438 440 443 447 449 450 453 454 456 606 607 608 609 610 611 612 613 806 807 808 809 811 812 813 814 815 816 817 818 820 821 822 824 825 826 827 829 832 833 834 851 852 853 854 855 856 857 858 859 860 861 862 863 864 865 866 867 868 869 870 873 882 884 965 966 1310 1311 
32 53 54 57 59 60 62 63 64 65 67 68 69 71 73 74 869 870 871 872 873 874 875 876 877 878 879 880 881 882 883 884 885 
139 17 37 43 96 104 105 118 254 257 258 267 268 269 444 451 483 498 500 502 503 504 505 507 508 510 512 513 514 515 516 517 518 519 521 522 524 525 526 527 529 530 532 534 536 537 538 539 540 541 556 565 568 575 576 577 586 632 654 655 656 657 658 659 660 661 662 663 664 665 680 681 684 685 686 688 689 691 694 695 697 698 699 700 701 702 703 704 705 710 711 713 716 718 719 720 721 722 877 883 886 887 888 889 890 891 892 893 894 895 896 897 898 899 900 901 902 903 971 972 975 1147 1150 1151 1155 1158 1159 1160 1175 1181 1214 1222 1265 1266 1267 1284 1369 1373 1374 1375 
80 38 97 162 165 167 258 260 321 322 323 328 329 330 335 339 340 341 343 462 569 594 599 601 682 683 689 691 694 705 708 709 711 713 760 771 772 773 775 776 778 779 785 788 797 815 829 859 861 904 905 906 907 908 909 910 911 912 913 940 941 949 983 984 989 991 994 1003 1078 1079 1083 1084 1088 1146 1151 1152 1188 1189 1193 1195 1258 
154 39 80 81 83 86 87 88 89 98 100 105 224 225 228 231 232 234 235 236 237 240 242 243 244 245 246 247 261 263 268 269 430 431 432 433 434 435 436 445 484 498 500 504 511 512 514 515 516 517 518 519 521 522 526 533 534 537 538 539 540 541 570 571 576 577 654 655 656 660 662 663 664 665 680 681 685 693 694 695 698 699 700 701 702 704 705 715 716 718 719 720 721 722 830 878 914 915 916 917 918 919 920 921 922 923 924 925 926 927 928 929 930 931 932 975 981 982 986 994 995 997 998 999 1000 1002 1003 1099 1100 1101 1102 1103 1153 1154 1155 1159 1160 1176 1215 1259 1261 1266 1267 1269 1271 1272 1273 1274 1275 1276 1285 1370 1371 1374 1375 
10 323 345 714 933 934 935 936 992 1196 1321 
149 6 7 16 18 27 29 30 31 34 35 36 38 41 44 47 54 68 107 108 117 394 395 401 402 437 438 440 443 447 453 456 470 471 474 482 543 544 555 581 583 585 591 592 593 594 595 596 597 598 599 600 601 602 603 604 605 606 607 608 609 611 613 751 752 753 754 755 757 758 759 760 761 765 767 790 791 792 793 794 795 796 797 798 799 806 807 808 809 811 812 813 814 815 816 820 822 824 825 826 827 829 832 851 852 853 854 855 856 857 858 859 860 861 862 863 864 868 869 870 873 937 938 939 940 941 942 943 944 945 946 947 948 949 950 951 952 953 954 955 966 1163 1164 1168 1174 1183 1186 1278 1279 1311 
13 956 957 958 959 960 961 962 963 964 965 966 967 968 
20 969 970 971 972 973 974 975 976 977 978 979 1278 1281 1283 1284 1285 1286 1287 1288 1289 
25 48 51 133 142 145 291 310 316 317 614 643 651 742 744 1018 1046 1050 1056 1096 1140 1227 1229 1238 1312 1341 
137 19 69 119 122 124 126 249 251 256 257 258 260 261 263 264 265 266 267 268 269 270 445 446 449 450 451 454 455 484 485 487 489 491 557 562 563 564 567 568 569 570 571 572 573 574 575 576 577 579 580 587 589 590 633 634 635 707 708 709 710 711 712 713 714 715 716 717 718 719 720 721 722 878 879 882 883 967 974 975 977 978 980 981 982 983 984 985 986 987 988 989 990 991 992 993 994 995 996 997 998 999 1000 1001 1002 1003 1143 1144 1146 1149 1150 1151 1152 1153 1154 1155 1156 1157 1158 1159 1160 1176 1177 1179 1180 1181 1184 1185 1215 1216 1220 1221 1222 1224 1225 1285 1286 1287 
53 20 29 30 36 40 41 120 251 252 253 259 262 263 337 338 339 340 341 342 344 346 403 486 558 826 831 832 880 1004 1005 1006 1007 1008 1009 1010 1011 1012 1013 1014 1015 1016 1017 1178 1217 1218 1291 1292 1293 1294 1296 1297 1298 1300 
13 133 155 197 305 387 643 692 993 1013 1018 1027 1036 1351 
134 41 92 99 146 148 149 150 152 153 154 155 157 158 183 185 186 187 188 189 190 191 193 194 196 197 199 201 202 203 204 207 208 209 210 213 214 217 218 219 220 221 251 262 337 339 340 341 342 379 381 382 383 384 386 387 389 390 391 392 447 457 463 592 594 602 609 752 761 784 785 786 787 789 790 798 816 832 852 862 937 939 940 941 944 947 953 954 973 1004 1006 1007 1008 1009 1011 1012 1013 1015 1016 1019 1020 1021 1022 1023 1024 1025 1026 1027 1028 1029 1031 1032 1034 1035 1036 1037 1038 1188 1189 1190 1193 1194 1198 1199 1200 1218 1254 1260 1291 1292 1293 1294 1296 1297 1300 
28 92 93 95 99 100 121 447 448 559 881 1029 1030 1031 1032 1033 1034 1035 1036 1037 1038 1039 1218 1219 1254 1255 1257 1260 1261 
154 80 83 88 89 100 147 151 158 159 168 184 192 202 203 204 205 211 219 220 221 228 235 236 237 240 245 246 263 295 299 300 301 304 305 306 320 324 333 334 346 380 385 389 391 392 393 413 416 417 422 423 424 425 430 435 464 498 504 511 517 519 521 526 533 539 541 571 603 619 621 626 627 654 656 664 665 680 685 693 700 701 704 715 721 799 863 914 917 918 919 920 925 926 927 928 929 930 931 951 954 981 986 998 999 1002 1005 1010 1016 1017 1030 1033 1038 1039 1040 1041 1042 1043 1044 1045 1046 1047 1048 1049 1099 1154 1191 1199 1200 1240 1241 1242 1243 1244 1248 1249 1250 1261 1269 1274 1275 1298 1322 1323 1324 1325 1326 1327 1328 1329 1331 1333 1337 1338 1371 
27 51 142 198 281 330 375 420 623 651 660 694 899 912 923 928 994 1050 1056 1057 1074 1088 1120 1130 1138 1247 1319 1362 
102 169 195 198 202 206 215 219 231 235 242 272 277 278 279 281 284 285 328 330 335 347 418 420 426 431 493 494 512 534 604 622 623 628 660 694 695 705 716 728 733 734 735 737 740 864 893 898 899 920 921 923 927 928 932 952 994 995 1003 1051 1052 1053 1054 1055 1056 1057 1058 1059 1083 1087 1088 1100 1106 1111 1113 1114 1119 1120 1123 1124 1125 1128 1130 1133 1136 1138 1155 1197 1244 1245 1247 1251 1271 1299 1315 1316 1318 1319 1334 1357 1358 1361 1362 
36 0 1 2 3 199 217 233 295 301 303 356 359 364 373 641 646 667 668 669 674 678 780 839 844 846 850 895 1024 1026 1085 1104 1105 1113 1116 1123 1348 
87 42 101 165 173 257 258 264 321 323 325 328 329 330 335 339 343 350 449 465 568 572 682 684 686 688 691 694 702 703 705 708 710 713 722 762 817 833 859 865 868 983 985 987 991 994 1000 1001 1003 1060 1061 1062 1063 1064 1065 1066 1067 1068 1069 1070 1071 1072 1073 1074 1075 1076 1077 1078 1079 1081 1082 1083 1084 1087 1088 1089 1090 1150 1151 1156 1179 1188 1190 1195 1201 1202 1220 1262 
114 97 101 102 122 257 258 260 264 265 269 449 450 487 568 569 572 573 577 587 610 633 680 682 683 684 685 686 688 689 691 694 695 697 698 702 703 704 705 708 709 710 711 713 716 719 722 815 817 818 829 833 834 859 861 864 865 867 868 882 974 981 983 984 985 986 987 989 991 994 995 996 1000 1001 1002 1003 1077 1078 1079 1080 1081 1082 1083 1084 1085 1086 1087 1088 1089 1090 1146 1150 1151 1152 1155 1156 1160 1179 1180 1188 1189 1190 1191 1193 1195 1197 1201 1202 1220 1221 1258 1262 1263 1267 1287 
59 103 170 266 320 324 332 333 334 348 466 521 526 535 539 541 574 680 685 696 700 701 704 717 721 866 981 986 998 999 1002 1091 1092 1093 1094 1095 1096 1097 1098 1157 1191 1199 1200 1264 1322 1323 1324 1325 1326 1327 1328 1329 1346 1349 1350 1351 1352 1353 1354 1372 
10 21 39 70 404 830 1099 1100 1101 1102 1103 
13 331 513 536 661 697 895 996 1085 1104 1105 1113 1116 1123 
144 43 104 165 169 172 173 257 258 267 269 320 323 324 325 328 329 330 331 334 335 343 347 349 350 428 429 431 433 436 451 467 468 498 502 504 505 507 510 512 513 515 518 519 521 524 526 527 529 532 534 536 537 540 541 568 575 577 654 656 657 658 659 660 661 662 665 680 684 685 686 688 691 694 695 697 698 702 703 704 705 710 713 716 719 722 763 819 835 883 887 889 890 891 892 893 894 895 897 898 899 900 903 981 985 986 987 991 994 995 996 1000 1001 1002 1003 1106 1107 1108 1109 1110 1111 1112 1113 1114 1115 1116 1117 1118 1119 1120 1121 1122 1123 1124 1150 1151 1155 1158 1160 1181 1222 1265 1267 1373 1375 
8 156 200 332 388 421 624 924 1014 
151 80 81 83 87 88 89 105 169 171 224 225 228 231 234 235 236 237 240 242 244 245 246 268 413 414 415 416 417 418 420 421 422 423 424 425 426 431 432 434 435 498 500 504 512 514 516 517 519 521 522 526 534 538 539 541 576 619 620 621 622 623 624 625 626 627 628 654 655 656 660 663 664 665 680 681 685 694 695 699 700 701 704 705 716 718 720 721 764 886 888 891 893 896 897 898 899 900 901 902 914 915 916 917 918 919 920 921 923 924 925 926 927 928 929 930 931 932 975 981 982 986 994 995 997 998 999 1002 1003 1100 1101 1125 1126 1127 1128 1129 1130 1131 1155 1159 1266 1269 1271 1273 1274 1275 1331 1334 1336 1337 1338 1374 
33 134 282 286 292 295 315 316 318 360 389 408 422 614 644 676 724 738 745 804 839 847 925 1040 1072 1117 1125 1132 1133 1139 1140 1229 1239 1248 
149 80 83 86 89 169 172 173 228 231 232 235 240 242 243 247 269 320 324 328 329 330 334 335 347 349 350 431 433 436 468 498 504 512 515 518 519 521 526 534 537 540 541 577 654 656 660 662 665 680 685 694 695 698 702 704 705 716 719 722 864 867 868 891 893 894 897 898 899 900 914 917 918 919 920 921 922 923 925 926 927 928 929 931 932 981 986 994 995 1000 1002 1003 1080 1081 1083 1084 1086 1087 1088 1089 1100 1102 1103 1106 1109 1110 1111 1113 1114 1115 1117 1118 1119 1120 1121 1123 1124 1133 1134 1135 1136 1137 1138 1155 1160 1191 1197 1201 1240 1241 1242 1243 1244 1245 1246 1247 1248 1249 1250 1251 1267 1269 1271 1272 1276 1331 1334 1335 1339 1375 
103 87 127 129 130 132 133 134 135 149 157 187 201 203 218 220 225 234 236 244 245 286 287 288 289 290 291 292 293 294 295 297 299 300 305 306 382 389 390 391 415 417 422 423 434 516 538 625 663 699 700 720 771 781 783 789 800 801 802 803 804 805 888 896 899 900 901 916 918 919 925 928 929 930 953 997 998 1007 1015 1020 1022 1023 1027 1028 1037 1125 1126 1127 1130 1131 1139 1140 1141 1198 1199 1273 1274 1300 1336 1337 1343 1351 1352 1353 
108 60 64 65 69 74 109 111 114 116 118 119 122 124 125 126 439 441 442 444 445 446 449 450 451 452 454 455 472 476 479 481 483 484 485 487 489 490 491 582 586 587 589 590 629 631 632 633 634 635 871 875 876 877 878 879 882 883 885 958 962 963 967 968 1142 1143 1144 1145 1146 1147 1148 1149 1150 1151 1152 1153 1154 1155 1156 1157 1158 1159 1160 1161 1165 1170 1172 1173 1175 1176 1177 1179 1180 1181 1182 1184 1185 1208 1211 1213 1214 1215 1216 1220 1221 1222 1223 1224 1225 
53 53 54 55 57 58 59 60 61 63 64 65 66 68 69 72 73 74 956 957 958 959 961 962 963 964 966 967 968 1162 1163 1164 1165 1166 1167 1168 1169 1170 1171 1172 1173 1174 1175 1176 1177 1178 1179 1180 1181 1182 1183 1184 1185 1186 
17 48 51 304 897 926 1046 1047 1086 1096 1118 1129 1137 1312 1317 1325 1349 1360 
84 6 22 71 394 405 437 440 447 449 450 453 454 456 607 609 610 611 612 613 806 807 808 809 814 815 816 817 818 820 821 822 824 826 827 829 832 833 834 851 852 853 854 855 856 859 860 861 862 863 864 865 866 867 868 869 873 882 884 969 970 973 974 976 977 979 1187 1188 1189 1190 1191 1192 1193 1194 1195 1196 1197 1198 1199 1200 1201 1202 1278 1287 1288 
103 49 50 52 137 139 140 143 202 219 235 272 277 278 284 295 301 351 355 356 361 364 374 494 614 615 616 617 618 637 640 641 646 647 649 652 653 667 668 669 670 673 674 678 728 733 734 740 782 839 840 843 844 850 898 920 927 1024 1040 1041 1044 1045 1049 1051 1052 1054 1058 1059 1060 1066 1068 1073 1076 1087 1091 1094 1095 1098 1106 1111 1113 1119 1123 1125 1128 1133 1136 1203 1204 1205 1206 1230 1231 1233 1234 1236 1237 1244 1315 1318 1326 1350 1357 1361 
52 53 57 59 60 63 64 65 69 73 74 869 871 872 874 875 876 877 878 879 880 881 882 883 885 956 957 958 961 962 963 967 968 1207 1208 1209 1210 1211 1212 1213 1214 1215 1216 1217 1218 1219 1220 1221 1222 1223 1224 1225 1226 
42 51 133 142 291 293 305 316 317 362 375 411 614 643 651 742 744 848 899 912 928 1018 1027 1046 1048 1050 1056 1057 1074 1088 1096 1120 1130 1138 1140 1227 1229 1238 1319 1327 1341 1351 1362 
59 51 133 135 283 291 293 294 305 306 316 317 362 363 375 376 391 411 412 423 495 614 643 645 677 739 805 848 849 899 900 928 929 1027 1028 1046 1048 1074 1075 1088 1089 1096 1097 1120 1121 1130 1131 1138 1140 1229 1238 1249 1319 1320 1327 1328 1351 1352 1362 1363 
62 51 129 130 133 203 220 236 245 288 289 291 293 299 300 305 417 496 700 783 801 802 899 901 918 919 928 930 998 1022 1023 1027 1042 1043 1046 1048 1092 1093 1096 1126 1127 1130 1140 1199 1227 1228 1229 1242 1243 1274 1313 1314 1319 1323 1324 1327 1329 1337 1351 1353 1355 1356 1362 
91 88 158 203 204 220 221 236 237 245 246 286 288 289 291 292 293 294 295 299 300 305 306 333 389 391 392 417 422 423 424 435 517 539 626 664 700 701 721 899 900 901 902 918 919 925 928 929 930 954 998 999 1016 1022 1023 1027 1028 1038 1040 1042 1043 1046 1048 1092 1093 1096 1097 1125 1126 1127 1130 1131 1199 1200 1229 1242 1243 1248 1249 1274 1275 1323 1324 1327 1328 1329 1337 1338 1351 1352 1353 1354 
85 173 195 196 202 215 219 222 231 232 235 247 272 277 278 279 280 284 328 329 350 418 419 436 518 540 605 702 722 728 733 734 735 736 737 740 868 893 894 898 920 921 922 927 955 1000 1060 1066 1068 1069 1070 1071 1073 1076 1083 1084 1087 1103 1106 1111 1113 1114 1115 1119 1123 1133 1136 1201 1230 1231 1232 1233 1234 1235 1236 1237 1244 1245 1246 1276 1301 1339 1357 1358 1359 1361 
44 223 238 248 276 282 283 369 375 376 408 409 411 412 417 422 423 703 724 725 732 738 739 899 900 903 1001 1065 1072 1074 1075 1081 1088 1089 1090 1109 1117 1120 1121 1122 1202 1238 1239 1277 1340 
43 240 242 243 245 246 247 452 571 577 578 885 1154 1155 1160 1161 1182 1223 1240 1241 1242 1243 1244 1245 1246 1247 1248 1249 1250 1251 1269 1271 1272 1274 1275 1276 1289 1331 1333 1334 1335 1337 1338 1339 
60 53 60 63 64 439 442 444 445 447 448 449 450 451 455 582 586 587 590 629 631 632 633 635 871 876 877 878 881 882 883 956 958 961 962 1208 1213 1214 1215 1218 1219 1220 1221 1222 1225 1252 1253 1254 1255 1256 1257 1258 1259 1260 1261 1262 1263 1264 1265 1266 1267 
35 3 52 136 143 284 309 314 364 406 615 618 646 652 669 678 727 740 747 748 750 768 770 838 850 913 936 1049 1058 1076 1098 1123 1203 1205 1234 1236 
35 23 72 111 123 476 484 488 560 564 565 566 570 571 576 577 578 588 971 975 1170 1176 1182 1268 1269 1270 1271 1272 1273 1274 1275 1276 1277 1281 1285 1289 
12 1278 1279 1280 1281 1282 1283 1284 1285 1286 1287 1288 1289 
47 6 10 20 24 73 107 110 120 181 251 252 253 259 262 263 271 470 475 486 543 547 558 636 869 874 880 1163 1169 1178 1186 1207 1210 1217 1218 1226 1290 1291 1292 1293 1294 1295 1296 1297 1298 1299 1300 1301 
10 1302 1303 1304 1305 1306 1307 1308 1309 1310 1311 
17 78 311 318 377 406 653 666 723 748 768 1059 1132 1203 1206 1228 1237 1239 
29 89 159 205 304 334 393 425 519 541 627 665 704 897 926 931 1002 1017 1039 1046 1047 1086 1096 1118 1129 1137 1250 1312 1325 1349 
38 44 160 169 211 215 219 220 320 324 328 330 335 336 347 453 591 604 611 765 820 851 864 938 952 976 1183 1187 1191 1197 1199 1313 1314 1315 1316 1317 1318 1319 1320 
58 45 124 168 170 263 266 270 320 323 324 332 333 334 345 346 348 454 464 466 489 571 574 579 589 612 634 714 715 717 721 766 821 863 866 977 981 986 992 998 999 1002 1154 1157 1184 1191 1196 1199 1200 1224 1321 1322 1323 1324 1325 1326 1327 1328 1329 
44 25 74 111 125 441 452 476 490 561 564 565 566 571 576 577 578 875 885 971 975 1144 1147 1154 1155 1159 1160 1161 1170 1182 1211 1223 1281 1289 1330 1331 1332 1333 1334 1335 1336 1337 1338 1339 1340 
27 51 142 206 285 335 375 426 628 651 705 899 912 928 932 1003 1056 1057 1074 1088 1120 1124 1130 1138 1251 1319 1341 1362 
99 33 46 90 92 94 103 126 249 251 256 266 455 491 520 521 522 523 524 526 528 530 531 535 538 539 541 562 563 564 567 574 580 590 635 679 680 681 682 684 685 687 689 690 692 696 699 700 701 704 707 708 710 711 712 717 720 721 978 980 981 982 983 985 986 988 989 990 993 997 998 999 1002 1143 1144 1149 1157 1185 1225 1253 1254 1256 1264 1342 1343 1344 1345 1346 1347 1348 1349 1350 1351 1352 1353 1354 1365 1366 1368 1372 
54 47 184 192 195 196 198 202 203 206 211 215 219 220 222 271 456 591 596 604 605 613 636 767 822 851 856 864 868 938 943 952 955 979 1186 1187 1191 1192 1197 1199 1201 1226 1290 1295 1299 1301 1355 1356 1357 1358 1359 1360 1361 1362 1363 
51 53 59 60 63 182 472 478 479 480 483 484 491 582 586 590 629 631 632 635 871 877 878 883 956 957 958 961 1165 1172 1175 1176 1181 1185 1208 1213 1214 1215 1222 1225 1364 1365 1366 1367 1368 1369 1370 1371 1372 1373 1374 1375 
