143:1288
16 0 50 136 221 224 616 656 670 689 778 978 1090 1092 1100 1216 1218 
67 0 50 108 121 136 137 138 194 195 198 211 221 222 224 225 227 230 233 242 250 264 325 505 616 617 620 621 637 656 670 671 673 725 760 761 778 779 781 799 847 858 945 946 978 979 980 982 1009 1010 1011 1012 1014 1018 1061 1084 1090 1091 1092 1093 1094 1096 1100 1101 1103 1145 1216 1281 
78 0 106 107 108 122 123 138 139 194 195 198 199 200 211 212 224 225 227 230 231 232 233 242 243 250 251 264 265 325 326 331 477 505 538 616 617 657 658 673 675 712 725 727 778 779 781 782 783 799 800 827 858 859 872 980 981 982 989 1014 1016 1017 1018 1061 1062 1084 1085 1090 1091 1092 1094 1095 1096 1100 1101 1103 1145 1146 1147 
11 107 123 200 232 619 658 691 783 981 1017 1147 
143 1 2 3 4 5 6 7 8 9 10 11 12 13 14 15 16 17 18 19 20 21 22 23 24 25 26 27 28 29 30 31 32 33 34 35 36 37 38 39 40 41 42 44 45 46 47 48 49 75 115 175 176 177 377 379 383 385 398 399 400 412 414 415 416 423 508 509 510 511 512 513 516 517 518 519 520 522 523 525 526 609 613 692 694 695 696 704 706 739 740 741 742 743 744 751 752 753 754 756 759 811 812 813 814 821 1030 1031 1032 1033 1041 1043 1044 1047 1053 1056 1106 1107 1108 1109 1110 1112 1113 1115 1116 1119 1122 1123 1124 1126 1127 1128 1135 1137 1140 1186 1187 1188 1189 1190 1193 1194 1195 1196 
87 25 26 27 28 29 30 31 32 33 34 35 36 37 38 39 40 41 42 43 44 45 46 47 48 49 75 76 87 115 120 175 176 177 186 609 613 614 739 740 741 742 743 744 751 752 753 754 756 757 758 759 811 812 813 814 821 825 826 1030 1031 1032 1033 1041 1043 1044 1047 1049 1050 1051 1052 1053 1054 1056 1060 1186 1187 1188 1189 1190 1193 1194 1195 1196 1197 1198 1199 1263 
47 0 50 108 121 136 137 195 221 222 224 225 227 233 505 616 617 620 637 656 670 671 673 689 690 725 761 778 779 945 978 979 982 1010 1012 1014 1018 1090 1091 1092 1093 1096 1100 1101 1103 1216 1218 1281 
43 1 50 131 143 211 219 242 248 250 252 261 270 302 478 539 573 638 683 719 781 793 799 801 809 828 858 860 869 895 974 1011 1012 1013 1061 1063 1078 1093 1145 1158 1163 1233 1246 1281 
41 51 52 53 54 55 56 57 58 59 60 77 116 378 413 596 597 598 600 601 604 605 606 607 610 693 750 757 758 825 1040 1049 1050 1111 1118 1120 1122 1125 1141 1192 1197 1198 
19 61 62 63 64 65 66 67 68 69 70 71 72 73 74 179 181 183 184 185 
23 75 76 77 78 79 80 81 82 83 84 85 86 87 88 528 530 531 532 533 534 535 536 537 
100 78 89 90 91 92 93 94 95 96 97 98 99 100 101 102 103 104 105 117 119 380 381 382 386 400 402 403 404 407 408 416 418 419 420 421 424 425 696 697 699 700 701 703 707 708 814 816 817 818 822 823 918 1031 1033 1034 1035 1036 1037 1039 1045 1046 1047 1055 1128 1129 1130 1131 1132 1134 1138 1139 1140 1219 1220 1221 1222 1223 1224 1225 1226 1227 1228 1230 1231 1232 1264 1267 1268 1269 1270 1271 1272 1273 1274 1275 1276 1277 1278 1279 1280 
32 92 94 100 103 105 106 107 108 109 110 111 112 113 114 354 432 437 440 442 639 640 641 644 648 649 650 652 653 654 655 1219 1267 
13 115 116 117 118 119 120 527 535 537 1263 1264 1265 1266 
36 10 25 89 121 127 131 152 211 214 219 250 254 255 261 279 311 485 580 595 643 679 683 781 787 793 799 803 804 809 949 1145 1152 1158 1164 1172 1200 
41 89 92 94 97 103 104 122 123 124 125 126 127 128 129 130 131 132 133 134 135 355 433 437 440 442 443 638 639 640 641 643 644 645 648 651 652 653 654 655 1220 1268 
65 2 136 137 144 250 253 254 261 271 303 332 338 429 540 548 574 624 760 761 763 764 765 769 774 799 802 803 809 829 847 851 854 858 861 863 869 873 878 888 896 945 946 947 948 950 966 970 974 990 1009 1010 1061 1064 1068 1078 1084 1087 1088 1094 1096 1098 1099 1165 1234 1247 
11 124 333 479 541 676 766 784 848 967 1065 1148 
35 3 140 141 145 165 170 171 172 272 286 292 297 298 299 304 327 328 347 349 350 351 454 542 558 564 568 569 570 575 588 830 838 897 909 924 
32 3 22 26 90 138 139 140 141 142 145 165 166 169 170 171 172 272 286 292 293 296 297 298 299 300 304 322 356 575 588 592 1201 
124 1 2 3 4 5 6 7 8 9 10 11 12 13 14 16 17 18 19 20 22 23 24 25 26 28 29 30 31 32 34 35 36 37 38 40 42 44 45 46 48 49 143 144 145 146 147 148 149 150 151 152 153 154 155 156 157 158 159 160 161 162 163 164 165 166 167 168 169 170 171 172 173 174 176 389 390 391 393 394 395 396 397 399 414 508 509 510 511 513 517 520 522 523 526 694 739 740 743 751 756 759 812 1030 1031 1047 1056 1106 1107 1108 1112 1119 1123 1126 1140 1186 1187 1196 1200 1201 1203 1204 1207 1210 1213 
13 175 176 177 178 179 180 181 182 183 184 185 186 189 
7 187 188 189 190 191 192 193 
50 21 22 24 27 57 59 60 194 195 196 197 250 251 254 262 263 455 473 596 827 842 843 845 846 858 859 863 868 870 871 941 943 1061 1062 1067 1068 1069 1072 1076 1077 1079 1080 1083 1180 1182 1184 1202 1243 1244 1245 
178 5 6 7 11 19 22 23 24 28 31 35 61 92 94 100 103 105 147 148 149 153 161 162 165 166 167 168 169 170 171 172 174 198 199 200 201 202 203 204 205 206 207 208 209 210 211 212 213 214 216 217 220 274 275 276 277 280 286 289 290 292 293 294 295 296 297 298 299 300 301 306 307 308 313 319 320 322 323 324 331 335 336 338 341 347 348 349 350 351 352 353 357 389 434 437 440 442 456 457 460 463 470 473 474 476 477 481 482 483 486 490 492 493 495 496 497 498 499 500 501 502 503 504 508 538 544 545 546 548 551 554 558 561 564 565 566 567 568 569 570 571 572 576 577 578 582 588 589 590 592 593 594 625 626 633 634 636 639 640 641 644 648 649 650 652 653 654 655 952 953 961 963 965 1025 1106 1221 1269 1282 
211 1 5 6 7 8 10 11 12 14 16 19 22 23 24 25 28 29 31 32 35 37 38 44 46 49 89 92 94 95 96 97 98 99 100 101 103 104 105 143 146 147 148 149 150 152 153 155 156 158 159 161 162 164 165 166 167 168 169 170 171 172 173 174 211 212 213 214 215 216 217 218 219 220 270 273 274 275 276 277 278 279 280 282 283 285 286 287 289 290 292 293 294 295 296 297 298 299 300 301 302 306 307 308 309 311 313 314 316 317 318 319 320 322 323 324 357 358 359 372 389 390 391 395 434 435 437 438 440 442 443 449 477 478 479 480 481 482 483 484 485 486 487 488 489 490 491 492 493 494 495 496 497 498 499 500 501 502 503 504 508 509 511 522 573 576 577 578 579 580 582 583 585 586 587 588 589 590 592 593 594 740 949 952 953 954 955 956 957 959 961 962 963 964 965 1031 1106 1107 1108 1119 1187 1200 1203 1210 1221 1222 1223 1227 1269 1270 1271 1276 
35 146 211 213 221 222 223 250 264 266 273 334 480 543 620 621 622 673 674 677 760 761 762 767 781 786 799 847 849 858 968 1061 1066 1145 1150 1166 
90 4 11 30 51 53 91 146 153 155 170 171 172 222 223 250 257 258 273 276 280 282 286 297 298 299 305 313 316 436 442 510 597 676 677 678 680 685 686 687 766 767 768 771 775 776 777 781 783 784 785 786 790 795 796 797 799 806 807 847 848 849 850 852 853 855 856 857 858 865 866 925 932 951 967 968 969 972 975 976 977 1166 1167 1173 1176 1204 1235 1238 1248 1254 1256 
152 5 106 107 108 113 122 123 129 130 132 133 134 147 165 169 170 171 172 198 199 200 202 206 208 209 211 212 213 220 224 225 226 227 228 230 231 232 233 235 239 242 243 244 249 250 251 263 274 292 296 297 298 299 306 325 326 327 330 331 341 347 348 349 350 351 456 477 481 495 499 500 501 502 538 544 554 564 567 568 569 570 576 639 655 657 658 663 664 665 666 667 668 673 674 675 681 682 684 685 686 687 712 717 718 720 721 722 723 781 782 783 786 789 792 794 795 796 797 799 800 810 827 831 846 872 874 880 886 890 891 892 893 898 917 926 989 1001 1003 1004 1005 1006 1145 1146 1147 1150 1154 1157 1159 1160 1161 1168 1249 
181 5 6 22 31 92 106 107 108 109 112 113 114 122 123 125 128 129 130 132 133 134 135 147 148 165 166 169 170 171 172 198 199 200 201 202 205 206 208 209 210 211 212 213 220 227 228 229 242 243 244 249 250 251 263 274 275 276 292 293 296 297 298 299 300 306 307 322 331 335 341 347 348 349 350 351 352 437 456 457 473 477 481 482 495 496 499 500 501 502 503 538 544 545 554 564 565 567 568 569 570 571 576 577 592 625 639 640 652 655 657 658 659 662 663 664 665 666 667 668 669 675 678 681 682 684 685 686 687 688 712 713 716 717 718 720 721 722 723 724 781 782 783 785 786 788 789 792 794 795 796 797 798 799 800 810 898 899 914 917 926 927 943 952 1145 1146 1147 1149 1150 1153 1154 1157 1159 1160 1161 1162 1168 1169 1182 1249 1250 1260 
247 5 7 14 16 19 22 23 24 32 35 62 94 98 99 100 103 105 147 149 156 158 159 161 162 165 166 167 168 169 170 171 172 174 211 212 213 214 216 217 219 220 230 231 232 233 234 235 236 237 238 239 240 241 242 243 244 245 246 248 249 274 276 277 283 285 286 287 289 290 292 293 294 295 296 297 298 299 300 301 306 308 317 318 319 320 322 323 324 331 335 336 338 341 342 344 345 347 348 349 350 351 352 353 359 391 438 440 456 458 460 464 466 470 473 474 476 477 481 482 483 488 489 490 491 492 493 495 496 497 498 499 500 501 502 503 504 511 538 544 545 546 548 554 555 557 558 559 561 564 565 566 567 568 569 570 571 572 576 578 586 587 588 589 590 592 593 594 626 629 631 633 634 636 639 641 646 647 648 649 650 652 653 654 655 872 874 875 876 878 880 882 883 885 886 887 888 889 890 891 892 893 894 898 900 907 908 909 910 911 914 915 916 917 926 928 929 933 935 938 943 944 953 957 959 961 963 965 989 991 992 995 997 998 1000 1001 1002 1003 1004 1005 1006 1007 1008 1026 1108 1223 1271 1283 
225 1 5 6 7 8 10 14 16 19 22 23 24 31 32 33 35 44 49 62 63 92 94 95 98 99 100 103 104 105 242 243 244 245 246 247 248 249 270 274 275 276 277 278 279 283 285 286 287 289 290 292 293 294 295 296 297 298 299 300 301 302 306 307 308 309 311 317 318 319 320 322 323 324 359 360 372 391 392 395 437 438 439 440 449 456 457 458 460 461 464 466 467 470 473 474 475 476 477 478 481 482 483 484 485 488 489 490 491 492 493 494 495 496 497 498 499 500 501 502 503 504 511 512 522 538 539 544 545 546 547 548 549 554 555 557 558 559 561 563 564 565 566 567 568 569 570 571 572 573 576 577 578 579 580 586 587 588 589 590 592 593 594 625 626 627 629 631 633 634 635 636 741 895 898 899 900 901 902 907 908 909 910 911 913 914 915 916 917 926 927 928 929 930 933 935 936 938 943 944 952 953 954 957 959 961 963 964 965 1026 1027 1028 1108 1109 1119 1188 1205 1223 1224 1227 1271 1272 1276 1283 1284 1285 
85 1 2 4 5 6 10 11 12 13 15 21 22 24 25 27 30 31 37 38 39 40 46 49 250 251 252 253 254 255 256 257 258 259 260 261 262 263 379 415 510 516 517 595 596 597 598 599 600 602 695 742 751 813 1032 1110 1112 1127 1163 1164 1165 1166 1167 1168 1169 1171 1172 1173 1174 1175 1176 1177 1178 1179 1180 1181 1182 1184 1185 1189 1200 1202 1204 1206 1210 1211 
47 9 11 20 34 36 146 151 153 155 163 165 169 170 171 172 264 265 266 267 268 269 273 276 280 282 286 291 292 296 297 298 299 300 310 313 316 321 361 441 442 513 582 585 588 591 743 1207 
181 1 2 3 4 5 6 7 8 9 10 11 12 13 14 16 17 18 19 20 22 23 24 25 26 28 29 30 31 32 33 34 35 36 37 38 40 42 44 45 46 48 49 89 90 91 92 94 95 96 97 98 99 100 101 103 104 105 177 270 271 272 273 274 275 276 277 278 279 280 281 282 283 284 285 286 287 288 289 290 291 292 293 294 295 296 297 298 299 300 301 302 303 304 305 306 307 308 309 310 311 313 314 315 316 317 318 319 320 321 322 323 324 389 390 391 392 393 394 395 396 397 400 416 508 509 510 511 512 513 517 520 522 523 526 696 740 741 743 744 751 756 759 814 1031 1033 1047 1106 1107 1108 1109 1112 1119 1123 1128 1140 1187 1188 1190 1196 1200 1201 1203 1204 1205 1207 1210 1213 1221 1222 1223 1224 1225 1227 1232 1269 1270 1271 1272 1274 1276 1280 
72 79 177 178 180 181 302 303 304 305 306 307 308 309 310 311 312 313 314 315 316 317 318 319 320 321 322 323 324 508 509 510 511 512 513 516 517 518 520 522 523 524 526 611 740 741 743 744 745 746 748 751 752 756 759 814 815 816 817 1057 1200 1201 1203 1204 1205 1207 1208 1209 1210 1211 1212 1213 1214 
69 64 93 304 306 312 313 321 325 326 327 328 329 330 331 335 341 347 348 349 350 351 352 362 442 454 456 459 463 471 538 542 544 545 550 551 554 558 562 564 567 568 569 570 571 575 576 581 582 588 591 827 830 831 833 838 841 846 897 898 903 904 909 912 917 924 926 932 940 1208 
23 331 332 333 334 335 336 337 338 339 340 341 342 343 344 345 346 347 348 349 350 351 352 353 
59 81 82 188 354 355 356 357 358 359 360 361 362 363 364 365 366 367 368 369 370 371 372 373 374 375 376 380 381 382 384 386 388 401 403 404 406 407 408 417 419 420 421 422 424 425 428 528 919 920 1129 1131 1132 1134 1136 1138 1139 1140 1141 1144 
22 377 378 379 380 381 382 383 384 385 386 387 388 528 529 532 536 918 919 920 921 922 923 
20 80 187 389 390 391 392 393 394 395 396 397 399 400 812 814 1030 1031 1033 1047 1056 
20 187 188 190 191 192 193 398 399 400 401 402 403 404 405 406 407 408 409 410 411 
20 188 191 193 412 413 414 415 416 417 418 419 420 421 422 423 424 425 426 427 428 
11 363 380 429 430 431 444 448 450 697 1034 1129 
80 81 82 188 354 355 356 357 358 359 360 361 362 363 364 365 366 367 368 369 370 371 372 373 374 375 376 380 381 382 384 386 388 401 403 404 406 407 408 417 419 420 421 422 424 425 428 432 433 434 435 436 437 438 439 440 441 442 443 444 445 446 447 448 449 450 451 452 453 919 920 1129 1131 1132 1134 1136 1138 1139 1140 1141 1144 
108 61 62 63 64 65 66 67 70 71 72 73 74 82 118 119 179 181 183 184 357 359 360 362 364 365 370 372 374 375 376 384 386 401 403 406 407 408 417 419 422 424 425 434 437 438 439 440 441 442 447 449 450 452 453 454 455 456 457 458 459 460 461 462 463 464 465 466 467 468 469 470 471 472 473 474 475 476 698 700 705 707 708 817 820 822 823 825 920 1036 1042 1045 1046 1050 1058 1131 1136 1138 1139 1141 1221 1223 1224 1226 1227 1229 1230 1231 1265 
95 89 92 94 95 96 97 98 99 100 101 103 104 105 180 302 306 307 308 309 310 311 313 314 316 317 318 319 320 322 323 324 402 418 477 478 479 480 481 482 483 484 485 486 487 488 489 490 491 492 493 494 495 496 497 498 499 500 501 502 503 504 508 509 511 512 513 522 526 699 740 741 745 748 759 816 1031 1035 1130 1200 1203 1205 1209 1210 1221 1222 1223 1224 1227 1232 1269 1270 1271 1272 1276 1280 
18 109 125 201 234 276 335 482 545 659 678 713 768 785 850 875 969 991 1149 
177 7 22 35 94 106 107 108 109 112 113 114 122 123 125 128 129 130 132 133 134 135 149 165 166 169 170 171 172 198 199 200 201 202 205 206 208 209 210 211 212 213 220 230 231 232 233 234 235 238 239 241 242 243 244 249 276 277 292 293 296 297 298 299 300 308 322 331 335 341 347 348 349 350 351 352 440 460 473 477 482 495 496 499 500 501 502 503 505 506 507 538 545 554 564 565 567 568 569 570 571 578 592 626 641 652 655 657 658 659 662 663 664 665 666 667 668 669 712 713 716 717 718 720 721 722 723 724 799 800 810 827 843 846 872 875 880 886 887 890 891 892 893 894 900 914 917 929 943 953 989 991 1001 1003 1004 1005 1006 1007 1084 1085 1086 1089 1145 1146 1147 1149 1150 1153 1154 1157 1159 1160 1161 1162 1170 1182 1251 1260 
72 75 79 83 87 175 176 177 178 180 181 182 189 508 509 510 511 512 513 514 515 516 517 518 519 520 521 522 523 524 525 526 609 611 612 613 614 615 739 740 741 742 743 744 745 746 747 748 749 751 752 753 754 755 756 757 758 759 811 812 813 814 815 816 817 818 821 822 825 1053 1056 1057 1059 
11 527 528 529 530 531 532 533 534 535 536 537 
21 140 202 213 223 226 228 235 244 266 327 506 622 672 674 762 786 983 1086 1097 1104 1150 
163 61 62 63 64 65 66 73 92 93 94 95 98 99 100 103 104 105 181 302 303 304 306 307 308 309 310 311 312 313 315 316 317 318 319 320 321 322 323 324 357 359 360 362 364 365 372 375 403 419 434 437 438 439 440 441 442 449 450 452 454 456 457 458 459 460 461 462 463 464 466 467 468 470 471 473 474 475 476 508 511 512 513 522 523 524 538 539 540 541 542 543 544 545 546 547 548 549 550 551 552 553 554 555 556 557 558 559 560 561 562 563 564 565 566 567 568 569 570 571 572 573 574 575 576 577 578 579 580 581 582 584 585 586 587 588 589 590 591 592 593 594 700 741 746 748 817 1036 1131 1205 1208 1209 1214 1221 1223 1224 1227 1230 1269 1271 1272 1273 1276 1278 
127 89 90 92 93 94 95 96 97 98 99 100 101 102 103 104 105 117 181 182 356 357 358 359 360 361 362 364 365 370 371 372 375 376 381 403 404 407 419 420 424 434 435 437 438 439 440 441 442 443 448 449 450 452 453 508 509 511 512 513 520 522 523 524 525 573 574 575 576 577 578 579 580 581 582 583 584 585 586 587 588 589 590 591 592 593 594 612 700 701 707 740 741 743 746 747 748 755 756 817 818 822 1031 1036 1037 1045 1047 1131 1132 1138 1140 1221 1222 1223 1224 1226 1227 1230 1231 1269 1270 1271 1272 1273 1275 1276 1278 1279 
72 77 84 116 186 378 379 383 411 413 415 426 595 596 597 598 599 600 601 602 603 604 605 606 607 608 610 693 695 704 710 742 750 751 752 753 757 758 759 813 825 826 921 1032 1040 1041 1043 1049 1050 1051 1060 1110 1111 1112 1113 1115 1118 1120 1122 1123 1125 1127 1135 1141 1142 1189 1192 1193 1194 1197 1198 1199 1266 
7 609 610 611 612 613 614 615 
16 110 126 203 236 336 483 546 660 714 728 876 984 992 1019 1067 1151 
111 8 52 95 150 169 211 212 214 219 220 242 243 245 248 249 278 296 300 309 331 336 337 338 348 352 461 477 483 484 499 503 538 546 547 548 567 571 579 616 617 618 627 642 655 727 728 729 730 733 734 738 827 832 846 858 859 862 863 869 871 872 876 877 878 888 890 894 901 917 930 954 980 981 982 984 985 986 988 989 992 993 1003 1007 1016 1017 1018 1019 1020 1021 1023 1024 1061 1062 1067 1068 1069 1078 1080 1083 1084 1085 1087 1088 1089 1094 1095 1096 1098 1099 1236 1252 
71 108 111 121 127 136 137 194 195 196 198 204 211 214 230 233 237 242 245 250 254 338 548 616 617 637 656 661 679 715 725 729 760 761 763 769 778 779 781 787 799 803 847 851 858 863 878 945 946 947 970 980 982 985 1009 1010 1014 1018 1020 1061 1068 1084 1087 1093 1094 1096 1098 1103 1145 1152 1216 1281 
40 9 36 146 151 155 264 266 267 268 273 282 286 310 316 333 334 340 441 462 479 480 487 490 513 541 543 553 558 585 588 619 620 621 622 623 835 838 906 909 931 
30 66 310 316 333 334 340 365 441 462 479 480 487 490 513 541 543 553 558 585 588 621 622 623 748 835 838 906 909 931 1209 
31 405 624 625 626 627 628 629 630 631 632 633 634 635 636 702 819 1025 1026 1027 1028 1029 1038 1133 1188 1191 1282 1283 1284 1285 1286 1287 
22 112 128 197 205 229 238 507 618 662 716 726 730 780 788 986 1015 1021 1069 1102 1105 1153 1217 
33 10 37 96 152 211 214 219 250 254 255 261 279 311 485 580 598 637 679 683 781 787 793 799 803 804 809 955 970 974 1171 1172 1210 1237 
59 89 92 94 95 97 98 99 100 103 104 105 354 355 357 359 366 373 382 421 432 433 434 437 438 440 442 443 451 638 639 640 641 642 643 644 645 646 647 648 649 650 651 652 653 654 655 703 1039 1134 1219 1220 1221 1223 1228 1267 1268 1269 1271 1277 
46 10 121 127 131 152 211 214 219 242 245 248 250 254 255 261 279 311 485 548 549 580 637 643 656 679 683 715 719 781 787 793 799 803 804 809 902 970 974 1093 1145 1152 1158 1172 1237 1253 1281 
13 657 658 659 660 661 662 663 664 665 666 667 668 669 
9 312 325 329 550 581 670 671 833 903 
104 11 53 107 109 123 125 133 134 153 170 171 172 200 201 202 207 209 213 216 223 258 266 268 276 280 286 297 298 299 313 327 328 335 349 350 351 442 463 482 486 490 500 501 502 545 551 558 568 569 570 582 588 644 648 658 659 666 667 668 672 674 678 685 686 687 713 721 722 723 768 775 776 777 783 785 786 790 795 796 797 807 838 850 853 855 856 857 866 904 909 932 969 975 976 977 1147 1149 1150 1155 1160 1161 1173 1238 1254 
124 5 11 12 38 97 122 123 124 125 129 130 132 133 134 146 147 153 155 165 169 170 171 172 211 212 213 215 216 220 250 251 257 258 263 273 274 276 280 282 286 292 296 297 298 299 306 313 314 316 442 443 477 479 480 481 482 486 487 490 495 499 500 501 502 576 582 583 585 588 599 639 644 645 648 655 673 674 675 676 677 678 680 681 682 684 685 686 687 781 782 783 784 785 786 789 790 792 794 795 796 797 799 800 806 807 810 956 1145 1146 1147 1148 1149 1150 1154 1155 1157 1159 1160 1161 1166 1168 1173 1174 1176 
14 675 676 677 678 679 680 681 682 683 684 685 686 687 688 
40 13 154 256 261 281 315 339 430 552 584 628 689 690 761 764 770 774 805 809 834 854 864 869 879 888 905 945 948 971 974 994 1010 1070 1078 1088 1096 1099 1175 1239 1255 
3 431 444 691 
43 123 155 215 216 257 258 267 268 282 286 316 340 487 490 553 558 585 588 619 623 645 648 680 771 783 790 806 807 835 838 852 853 865 866 906 909 972 1071 1074 1147 1155 1176 1256 
24 190 191 192 193 692 693 694 695 696 697 698 699 700 701 702 703 704 705 706 707 708 709 710 711 
29 367 437 440 442 445 514 712 713 714 715 716 717 718 719 720 721 722 723 724 749 1246 1249 1250 1251 1253 1254 1260 1261 1262 
16 113 129 206 239 341 554 663 681 717 731 789 880 987 1022 1072 1154 
112 14 98 156 165 169 211 212 214 219 220 230 231 232 233 236 237 238 239 240 241 242 243 245 248 249 283 292 296 300 317 331 336 338 341 342 347 348 352 464 477 483 488 495 499 503 538 546 548 554 555 564 567 571 586 629 646 655 725 726 727 728 729 730 731 732 733 734 738 827 836 846 872 876 878 880 886 888 890 894 907 917 933 957 980 981 982 984 985 986 987 988 989 992 995 1001 1003 1007 1016 1017 1018 1019 1020 1021 1022 1023 1024 1084 1085 1087 1088 1089 1257 
21 368 446 515 727 728 729 730 731 732 733 734 735 736 737 738 1252 1257 1258 1259 1260 1262 
36 175 176 177 178 180 181 182 186 189 739 740 741 742 743 744 745 746 747 748 749 750 751 752 753 754 755 756 757 758 759 1053 1054 1056 1057 1059 1060 
90 2 13 15 39 54 250 253 254 256 257 258 261 303 315 316 447 465 516 600 760 761 762 763 764 765 766 767 769 770 771 772 773 774 799 802 803 805 806 807 809 829 834 835 838 847 848 849 851 852 853 854 858 861 863 864 865 866 869 934 966 967 968 970 971 972 973 974 1061 1064 1065 1066 1068 1070 1071 1073 1074 1078 1165 1166 1175 1176 1177 1178 1211 1234 1239 1240 1247 1255 1256 
23 51 53 54 597 600 601 750 765 766 767 768 769 770 771 772 773 774 775 776 777 1040 1111 1192 
10 197 229 507 618 726 780 1015 1102 1105 1217 
12 157 284 343 556 630 772 881 958 973 996 1073 1177 
164 16 24 55 60 99 158 165 168 169 170 171 211 212 213 214 220 230 231 232 233 235 236 237 238 239 241 242 243 244 245 249 285 292 295 296 297 298 300 318 324 331 336 338 341 344 347 348 349 350 352 466 477 483 489 495 498 499 500 501 503 538 546 548 554 557 564 566 567 568 569 571 587 594 631 647 654 655 727 728 729 730 731 732 734 735 736 738 778 779 780 827 837 845 846 858 859 863 870 871 872 876 878 880 886 889 890 891 892 894 908 916 917 935 959 980 981 982 983 984 985 986 987 989 992 997 1001 1003 1004 1005 1007 1016 1017 1018 1019 1020 1021 1022 1024 1061 1062 1067 1068 1069 1072 1077 1079 1080 1081 1082 1083 1084 1085 1086 1087 1089 1094 1095 1096 1097 1098 1241 1245 1258 1262 
137 1 4 5 6 10 11 12 22 25 30 31 37 38 40 46 49 89 91 92 96 97 101 104 143 146 147 148 152 153 155 164 165 166 169 170 171 172 173 250 251 252 254 255 257 258 260 261 263 270 273 274 275 276 279 280 282 286 292 293 296 297 298 299 300 302 305 306 307 311 313 314 316 322 393 510 517 595 597 598 599 602 751 781 782 783 784 785 786 787 788 789 790 791 792 793 794 795 796 797 798 799 800 801 803 804 806 807 808 809 810 949 951 952 955 956 962 964 1112 1163 1164 1166 1167 1168 1169 1171 1172 1173 1174 1176 1181 1182 1185 1200 1204 1210 1225 1274 
100 1 2 4 5 6 7 10 11 12 13 15 22 23 24 25 30 31 35 37 38 39 40 46 48 49 302 303 305 306 307 308 311 313 314 315 316 322 323 324 383 510 516 517 518 526 595 597 598 599 600 602 608 704 751 752 759 799 800 801 802 803 804 805 806 807 808 809 810 1041 1112 1113 1123 1135 1163 1164 1165 1166 1167 1168 1169 1170 1171 1172 1173 1174 1175 1176 1177 1178 1181 1182 1183 1184 1185 1193 1200 1204 1210 1211 1212 
35 75 76 77 78 79 80 82 83 84 85 86 87 88 530 531 532 534 535 537 811 812 813 814 815 816 817 818 819 820 821 822 823 824 825 826 
93 64 66 67 72 73 74 118 183 362 365 374 375 376 384 406 422 440 441 442 447 450 452 453 454 455 456 459 460 461 462 463 464 465 466 468 469 470 471 472 473 474 476 705 820 825 827 828 829 830 831 832 833 834 835 836 837 838 839 840 841 842 843 844 845 846 924 926 929 930 931 932 933 934 935 937 938 939 940 941 942 943 944 1042 1050 1114 1120 1121 1122 1136 1141 1229 1230 1231 
59 2 4 11 13 15 30 39 41 68 369 436 442 447 510 516 519 597 600 603 753 847 848 849 850 851 852 853 854 855 856 857 858 861 863 864 865 866 869 925 932 934 1043 1115 1165 1166 1167 1173 1175 1176 1177 1178 1194 1204 1211 1247 1248 1254 1255 1256 
64 1 2 4 8 11 13 15 16 18 21 22 24 27 30 39 41 45 47 68 69 74 385 423 510 516 519 523 525 613 706 753 754 821 858 859 860 861 862 863 864 865 866 867 868 869 870 871 925 930 932 934 935 937 941 942 943 1043 1044 1115 1116 1122 1137 1194 1195 
126 62 70 73 74 94 95 98 99 100 102 103 105 359 370 372 375 376 407 424 438 440 449 450 452 453 456 458 460 461 464 466 467 468 470 472 473 474 476 511 522 523 524 525 574 576 578 579 584 586 587 588 589 590 592 593 594 707 755 822 872 873 874 875 876 877 878 879 880 881 882 883 884 885 886 887 888 889 890 891 892 893 894 896 898 900 901 905 907 908 909 910 911 914 915 916 917 926 928 929 930 933 935 936 937 938 939 942 943 944 1045 1108 1117 1119 1121 1122 1138 1223 1226 1227 1230 1231 1271 1275 1276 1278 1279 
131 62 63 64 66 70 71 73 74 92 93 94 95 98 99 100 102 103 104 105 119 184 359 360 362 365 370 372 375 376 386 407 408 424 425 437 438 439 440 441 442 449 450 452 453 454 456 457 458 459 460 461 462 463 464 466 467 468 470 471 472 473 474 475 476 707 708 822 823 895 896 897 898 899 900 901 902 903 904 905 906 907 908 909 910 911 912 913 914 915 916 917 924 926 927 928 929 930 931 932 933 935 936 937 938 939 940 942 943 944 1045 1046 1108 1109 1117 1119 1121 1122 1138 1139 1223 1224 1226 1227 1230 1231 1271 1272 1275 1276 1278 1279 
33 107 123 141 200 207 216 232 246 258 268 286 328 431 490 558 588 619 623 648 658 691 783 790 807 838 853 866 882 909 1017 1074 1147 1155 
12 528 529 530 532 533 536 918 919 920 921 922 923 
73 62 63 64 66 67 68 69 70 71 72 73 74 85 183 184 185 384 385 386 406 407 408 409 422 423 424 425 705 706 707 708 820 821 822 823 825 922 924 925 926 927 928 929 930 931 932 933 934 935 936 937 938 939 940 941 942 943 944 1108 1109 1114 1115 1116 1117 1119 1120 1121 1122 1136 1137 1138 1139 1141 
28 2 13 17 42 144 154 157 160 271 281 284 288 303 315 394 429 430 448 520 574 584 945 946 947 948 950 958 960 
36 2 13 17 18 42 45 144 154 157 160 271 281 284 288 303 315 371 394 396 448 450 520 523 574 584 756 946 947 948 950 958 960 1047 1140 1196 1213 
30 410 709 824 949 950 951 952 953 954 955 956 957 958 959 960 961 962 963 964 965 1031 1047 1048 1221 1222 1223 1224 1225 1227 1232 
41 30 37 39 43 46 51 53 54 510 516 521 597 598 600 604 757 966 967 968 969 970 971 972 973 974 975 976 977 1049 1118 1197 1204 1210 1211 1233 1234 1235 1237 1238 1239 1240 
22 159 211 213 230 233 235 242 244 287 345 491 559 883 978 979 980 982 983 998 1018 1084 1086 
178 8 14 16 19 22 24 44 95 98 99 100 150 156 158 159 162 165 166 168 169 170 171 172 211 212 213 214 219 220 242 243 244 245 248 249 278 283 285 287 290 292 293 295 296 297 298 299 300 309 317 318 320 322 324 331 336 337 338 341 342 344 345 347 348 349 350 351 352 372 395 449 461 464 466 467 470 473 477 483 484 488 489 491 493 495 496 498 499 500 501 502 503 522 538 546 547 548 554 555 557 559 564 565 566 567 568 569 570 571 579 586 587 590 592 594 627 629 631 633 872 876 877 878 880 883 886 887 888 889 890 891 892 893 894 901 907 908 911 914 916 917 930 933 935 936 938 943 954 957 959 961 980 981 982 983 984 985 986 987 988 989 992 993 995 997 998 1000 1001 1003 1004 1005 1006 1007 1028 1119 1227 1276 1285 
20 989 990 991 992 993 994 995 996 997 998 999 1000 1001 1002 1003 1004 1005 1006 1007 1008 
10 160 288 346 560 632 773 884 960 999 1178 
82 2 13 18 45 56 144 154 157 160 271 281 284 288 303 315 332 338 339 343 346 396 429 430 450 468 523 540 548 552 556 560 574 584 605 624 628 630 632 829 834 858 861 863 864 869 873 878 879 881 884 888 896 905 937 946 947 948 950 958 960 990 994 996 999 1009 1010 1061 1064 1068 1070 1073 1078 1084 1087 1088 1094 1096 1098 1099 1234 1239 1286 
15 161 217 259 289 319 492 561 589 649 839 867 885 910 1075 1242 
23 1 250 252 259 261 469 828 839 858 860 867 869 1011 1012 1013 1061 1063 1075 1078 1163 1179 1233 1242 
174 19 24 100 106 107 108 110 111 112 113 114 162 165 168 169 170 171 172 198 199 200 202 203 204 205 206 208 209 210 211 212 213 214 220 230 231 232 233 235 236 237 238 239 241 242 243 244 245 249 290 292 295 296 297 298 299 300 320 324 331 336 338 341 347 348 349 350 351 352 470 477 483 493 495 498 499 500 501 502 503 538 546 548 554 564 566 567 568 569 570 571 590 594 633 650 654 655 657 658 660 661 662 663 664 665 666 667 668 669 727 728 729 730 731 732 734 735 736 737 738 827 840 845 846 872 876 878 880 886 889 890 891 892 893 894 911 916 917 938 961 980 981 982 983 984 985 986 987 989 992 1000 1001 1003 1004 1005 1006 1007 1014 1015 1016 1017 1018 1019 1020 1021 1022 1024 1084 1085 1086 1087 1089 1259 1262 
27 95 98 99 100 105 373 451 642 646 647 648 649 650 652 654 655 1016 1017 1018 1019 1020 1021 1022 1023 1024 1228 1277 
13 86 190 405 530 702 819 1025 1026 1027 1028 1029 1038 1133 
56 75 76 77 78 80 82 84 86 87 530 531 535 811 812 813 814 816 817 818 819 820 821 822 823 824 825 826 1030 1031 1032 1033 1034 1035 1036 1037 1038 1039 1040 1041 1042 1043 1044 1045 1046 1047 1048 1049 1050 1051 1052 1053 1054 1055 1056 1058 1060 
8 1053 1054 1055 1056 1057 1058 1059 1060 
100 27 39 45 47 52 54 55 56 57 58 59 60 72 74 374 376 447 450 453 455 461 465 466 468 469 472 473 516 523 525 596 600 605 606 607 758 825 827 828 829 832 834 835 837 838 839 842 843 845 846 930 934 935 937 941 942 943 1050 1061 1062 1063 1064 1065 1066 1067 1068 1069 1070 1071 1072 1073 1074 1075 1076 1077 1078 1079 1080 1081 1082 1083 1120 1122 1141 1198 1202 1211 1215 1229 1231 1233 1234 1236 1239 1240 1241 1242 1243 1244 1245 
191 73 94 95 98 99 100 103 105 303 308 309 315 317 318 319 320 322 323 324 331 332 335 336 337 338 339 341 342 343 344 345 346 347 348 349 350 351 352 353 375 440 450 452 460 461 464 466 468 470 473 474 476 523 524 538 540 545 546 547 548 552 554 555 556 557 558 559 560 561 564 565 566 567 568 569 570 571 572 574 578 579 584 586 587 588 589 590 592 593 594 624 626 627 628 629 630 631 632 633 634 636 827 829 832 834 836 837 838 839 840 843 844 845 846 872 873 875 876 877 878 879 880 881 882 883 884 885 886 887 888 889 890 891 892 893 894 896 900 901 905 907 908 909 910 911 914 915 916 917 929 930 933 935 937 938 939 943 944 989 990 991 992 993 994 995 996 997 998 999 1000 1001 1002 1003 1004 1005 1006 1007 1008 1029 1084 1085 1086 1087 1088 1089 1121 1214 1230 1278 1286 1287 
36 20 163 165 169 264 265 269 291 292 296 300 321 325 326 330 331 341 347 348 352 471 538 554 562 564 567 571 591 827 841 846 912 917 940 1090 1091 
26 21 57 194 195 197 250 251 263 827 842 846 858 859 868 871 941 1061 1062 1067 1069 1076 1080 1083 1092 1180 1243 
13 123 218 247 260 494 563 651 783 791 808 913 1147 1156 
48 1 10 46 101 143 152 164 211 214 218 219 250 252 254 255 260 261 270 279 302 311 478 485 494 573 580 679 683 781 783 787 791 793 799 801 803 804 808 809 962 970 974 1093 1163 1172 1181 1233 1237 
119 2 8 13 16 18 24 45 47 52 55 56 58 60 74 95 99 102 376 450 453 461 466 468 472 523 525 574 579 584 587 594 605 607 827 829 832 834 837 845 846 858 859 861 862 863 864 869 870 871 872 873 876 877 878 879 880 881 884 886 888 889 890 891 892 894 896 901 905 908 916 917 930 935 937 942 989 990 992 993 994 996 997 999 1001 1003 1004 1005 1007 1061 1062 1064 1067 1068 1069 1070 1072 1073 1077 1078 1079 1080 1081 1082 1083 1094 1095 1096 1097 1098 1099 1122 1215 1231 1234 1236 1239 1241 1245 1279 
16 130 165 208 292 347 495 564 664 682 718 732 792 886 1001 1077 1157 
167 22 59 106 107 108 112 113 114 122 123 128 129 130 132 135 138 139 142 165 166 169 194 195 197 198 199 200 205 206 208 210 211 212 220 227 229 230 231 232 233 238 239 241 242 243 249 250 251 263 292 293 296 300 322 331 341 347 348 352 473 477 495 496 499 503 505 507 538 554 564 565 567 571 592 652 655 657 658 662 663 664 665 669 675 681 682 684 688 712 716 717 718 720 724 727 730 731 732 734 738 781 782 783 788 789 792 794 798 799 800 810 827 843 846 858 859 871 872 880 886 887 890 894 914 917 943 980 981 982 986 987 989 1001 1003 1007 1016 1017 1018 1021 1022 1024 1061 1062 1069 1072 1077 1080 1083 1084 1085 1089 1100 1101 1102 1103 1105 1145 1146 1147 1153 1154 1157 1159 1162 1182 1244 1260 
204 22 23 24 103 106 107 108 110 111 112 113 114 122 123 126 127 128 129 130 132 133 134 135 165 166 167 168 169 170 171 172 198 199 200 202 203 204 205 206 208 209 210 211 212 213 214 220 230 231 232 233 235 236 237 238 239 241 242 243 244 245 249 292 293 294 295 296 297 298 299 300 322 323 324 331 336 338 341 347 348 349 350 351 352 473 474 477 483 495 496 497 498 499 500 501 502 503 538 546 548 554 564 565 566 567 568 569 570 571 592 593 594 634 652 653 654 655 657 658 660 661 662 663 664 665 666 667 668 669 712 714 715 716 717 718 720 721 722 723 724 799 800 803 810 827 843 844 845 846 872 876 878 880 886 887 889 890 891 892 893 894 914 915 916 917 943 944 963 989 992 1001 1002 1003 1004 1005 1006 1007 1084 1085 1086 1087 1089 1103 1104 1105 1145 1146 1147 1150 1151 1152 1153 1154 1157 1159 1160 1161 1162 1182 1183 1184 1260 1261 1262 
91 75 77 84 85 87 191 377 378 379 383 384 385 386 387 398 399 400 406 407 408 409 411 412 413 414 415 416 422 423 424 425 426 427 532 692 693 694 695 696 704 705 706 707 708 710 711 811 812 813 814 820 821 822 823 825 826 921 922 923 1106 1107 1108 1109 1110 1111 1112 1113 1114 1115 1116 1117 1118 1119 1120 1121 1122 1123 1124 1125 1126 1127 1128 1135 1136 1137 1138 1139 1140 1141 1142 1143 
58 75 77 78 81 82 84 85 86 87 188 190 191 193 398 399 400 401 402 403 404 405 406 407 408 409 411 528 530 532 533 536 918 919 920 921 922 923 1124 1125 1126 1127 1128 1129 1130 1131 1132 1133 1134 1135 1136 1137 1138 1139 1140 1141 1142 1143 1144 
148 1 5 6 7 10 11 12 22 23 24 25 31 35 38 48 49 89 92 94 97 103 104 143 146 147 148 149 152 153 155 165 166 167 168 169 170 171 172 173 270 273 274 275 276 277 279 280 282 286 292 293 294 295 296 297 298 299 300 302 306 307 308 311 313 314 316 322 323 324 397 477 478 479 480 481 482 483 485 486 487 490 494 495 496 497 498 499 500 501 502 503 526 595 599 608 759 799 800 801 803 804 806 807 808 809 810 949 952 953 956 963 964 1123 1145 1146 1147 1148 1149 1150 1151 1152 1153 1154 1155 1156 1157 1158 1159 1160 1161 1162 1163 1164 1166 1168 1169 1170 1172 1173 1174 1176 1182 1183 1184 1185 1200 1232 1280 
85 25 27 30 31 35 37 38 39 40 41 46 48 49 186 379 383 411 415 426 595 596 597 598 599 600 602 603 608 695 704 710 742 751 752 753 759 813 826 1032 1041 1043 1051 1060 1110 1112 1113 1115 1123 1127 1135 1142 1163 1164 1165 1166 1167 1168 1169 1170 1171 1172 1173 1174 1175 1176 1177 1178 1179 1180 1181 1182 1183 1184 1185 1189 1193 1194 1199 1200 1202 1204 1206 1210 1211 1212 
34 75 76 77 84 87 88 534 537 811 812 813 814 819 821 825 826 1053 1054 1056 1060 1186 1187 1188 1189 1190 1191 1192 1193 1194 1195 1196 1197 1198 1199 
16 1200 1201 1202 1203 1204 1205 1206 1207 1208 1209 1210 1211 1212 1213 1214 1215 
48 50 121 131 136 137 219 233 240 248 261 329 616 617 637 656 670 671 683 689 690 719 725 733 761 764 774 793 809 854 869 888 945 948 974 982 988 1010 1012 1013 1018 1023 1078 1088 1093 1096 1099 1158 1281 
112 24 60 108 110 111 112 114 126 127 128 135 168 194 195 196 197 198 203 204 205 210 211 214 230 233 236 237 238 241 242 245 250 254 262 295 300 324 336 338 352 483 498 503 546 548 566 571 594 654 660 661 662 669 714 715 716 724 728 729 730 738 778 779 780 799 803 845 858 863 870 876 878 889 894 916 980 982 984 985 986 992 1007 1014 1015 1018 1019 1020 1021 1024 1061 1067 1068 1069 1079 1083 1084 1087 1094 1096 1098 1103 1105 1145 1151 1152 1153 1162 1184 1216 1217 1245 1262 
60 107 108 123 132 142 169 195 200 220 224 225 227 232 233 249 263 269 296 330 348 499 505 567 616 617 655 658 665 673 684 720 725 734 778 779 783 794 810 846 871 890 917 981 982 1003 1014 1017 1018 1080 1089 1090 1091 1092 1096 1100 1101 1103 1147 1159 1218 
67 78 82 117 118 119 192 400 401 402 403 404 406 407 408 410 535 696 697 698 699 700 701 703 705 707 708 709 814 816 817 818 820 822 823 824 825 1031 1033 1034 1035 1036 1037 1039 1042 1045 1046 1047 1048 1050 1055 1058 1219 1220 1221 1222 1223 1224 1225 1226 1227 1228 1229 1230 1231 1232 1264 1265 
50 27 30 37 39 43 45 46 47 87 120 387 427 510 516 521 523 525 614 711 757 758 825 1049 1050 1052 1118 1120 1122 1141 1143 1197 1198 1202 1204 1210 1211 1215 1233 1234 1235 1236 1237 1238 1239 1240 1241 1242 1243 1244 1245 
35 140 170 202 213 223 226 228 235 244 266 297 327 349 500 506 568 666 672 674 685 721 735 775 786 795 855 891 975 983 1004 1081 1086 1097 1104 1150 
19 133 171 209 298 350 501 569 667 686 722 736 776 796 856 892 976 1005 1082 1160 
17 134 172 299 351 502 570 668 687 723 737 777 797 857 893 977 1006 1161 
38 367 368 369 388 428 436 437 440 442 445 446 447 510 514 515 516 519 615 749 753 1144 1246 1247 1248 1249 1250 1251 1252 1253 1254 1255 1256 1257 1258 1259 1260 1261 1262 
7 527 535 537 1263 1264 1265 1266 
52 78 193 380 381 382 386 400 402 403 404 407 408 416 418 419 420 421 424 425 536 696 697 699 700 701 703 707 708 918 1128 1129 1130 1131 1132 1134 1138 1139 1140 1267 1268 1269 1270 1271 1272 1273 1274 1275 1276 1277 1278 1279 1280 
72 1 10 49 104 123 127 131 143 152 173 211 214 218 219 242 245 247 248 250 252 254 255 260 261 270 279 302 311 475 478 485 494 539 548 549 563 573 580 635 638 643 651 679 683 715 719 781 783 787 791 793 799 801 803 804 808 809 895 902 913 964 1145 1147 1152 1156 1158 1163 1172 1185 1246 1253 1281 
11 88 537 819 1188 1191 1282 1283 1284 1285 1286 1287 
18 114 135 210 241 300 352 503 571 669 688 724 738 798 894 1007 1024 1083 1162 
37 105 107 161 174 200 207 216 217 232 246 286 289 301 319 353 476 490 492 504 558 561 572 588 589 636 648 649 658 838 839 882 885 909 910 965 1008 1017 
