110:759
12 92 130 182 199 204 415 435 467 517 668 704 720 
79 0 1 2 3 4 5 6 7 8 9 10 11 12 13 14 15 16 17 18 19 20 49 50 51 54 55 56 57 58 60 62 64 65 66 67 69 71 72 107 108 111 112 113 115 116 118 119 120 121 122 123 125 127 249 251 264 265 267 382 383 385 386 387 389 391 393 394 395 396 397 398 400 653 654 656 660 663 664 666 
9 20 21 22 23 24 25 26 27 28 
51 29 30 31 32 33 34 35 36 37 38 39 40 41 42 43 44 45 46 47 281 282 284 285 286 289 292 293 294 295 296 297 299 300 342 344 345 349 350 351 352 353 354 355 356 486 489 490 495 498 499 503 
29 48 73 77 93 128 129 180 181 196 197 200 203 205 241 436 468 471 472 483 583 585 624 626 637 667 678 679 721 758 
19 48 94 181 183 197 198 201 203 206 242 437 469 484 623 626 638 678 680 722 
34 0 48 92 93 94 133 140 158 192 204 205 206 207 210 220 306 357 373 439 442 475 543 552 558 599 627 634 668 670 673 692 720 721 722 
24 49 50 51 52 53 54 55 56 57 58 59 60 61 62 63 64 65 66 67 68 69 70 71 72 
35 16 19 29 49 73 74 75 76 107 152 155 156 157 174 179 213 216 217 218 235 320 322 342 382 446 572 582 641 653 708 723 726 727 728 730 
16 76 81 134 152 213 518 522 526 534 544 559 595 628 669 674 723 
37 11 16 19 50 77 78 79 80 81 108 134 135 137 138 139 213 216 217 218 219 232 235 323 343 383 405 447 577 582 642 654 723 726 727 728 729 731 
10 82 83 84 85 86 87 88 89 90 91 
53 0 1 14 30 51 92 93 94 133 136 140 158 159 171 192 204 205 206 207 210 220 234 268 306 319 324 357 370 373 380 401 428 439 442 475 481 543 550 552 558 568 573 586 598 599 602 627 633 634 668 670 673 692 
51 22 24 25 27 82 84 85 95 96 97 98 99 100 101 102 103 104 105 106 110 111 114 116 120 122 124 125 126 253 256 259 262 406 407 408 412 413 414 643 644 646 649 650 651 652 655 656 657 662 665 666 
57 20 21 22 24 25 26 27 28 107 108 109 110 111 112 113 114 115 116 117 118 119 120 121 122 123 124 125 126 127 249 250 251 252 253 254 256 259 261 262 263 264 265 266 267 653 654 655 656 657 659 660 661 662 663 664 665 666 
23 48 74 78 94 198 206 207 242 439 469 473 484 507 519 527 584 609 623 638 670 678 682 722 
28 95 128 129 130 131 141 160 172 177 182 184 185 191 194 221 245 248 269 307 358 448 535 541 560 693 709 735 746 
20 31 52 109 130 131 132 160 161 172 176 177 221 222 307 308 325 358 360 384 709 
31 83 108 111 133 134 135 136 137 138 139 250 280 405 407 447 451 452 456 457 573 574 577 580 581 582 642 644 654 656 731 732 
52 22 26 27 51 53 54 55 58 60 67 68 71 72 110 111 113 115 117 122 124 127 140 141 142 143 144 145 146 147 148 149 150 151 253 261 262 344 345 348 353 355 487 492 493 495 500 655 656 659 661 662 665 
38 8 9 16 19 29 40 49 65 107 119 152 153 154 155 156 157 166 167 174 179 229 230 235 251 281 314 315 320 322 335 342 350 382 394 458 653 708 716 
155 21 29 30 31 33 34 35 36 37 38 39 40 41 42 44 45 46 47 49 51 52 54 55 56 57 58 60 62 64 65 66 67 69 70 71 72 107 109 111 112 113 115 116 118 119 120 121 122 123 125 126 127 158 159 160 161 162 163 164 165 166 167 168 169 170 171 172 173 174 175 176 177 178 179 251 252 264 265 281 282 284 286 292 293 294 295 297 322 324 325 327 328 329 330 331 332 333 334 335 336 337 339 340 341 342 344 345 349 350 351 352 353 354 356 382 384 385 386 387 389 391 393 394 395 396 397 398 399 400 458 460 463 464 466 486 498 499 653 656 660 663 664 666 708 709 710 711 712 713 714 715 716 717 718 719 
1 501 
27 96 142 180 181 182 183 184 185 186 190 191 193 194 245 247 248 270 359 449 536 541 542 561 571 694 736 747 
52 32 53 95 96 97 110 141 142 143 182 183 184 185 186 190 191 193 194 245 247 248 269 270 271 272 326 358 359 360 429 448 449 450 535 536 537 541 542 560 561 562 571 643 693 694 695 735 736 737 746 747 748 
62 22 51 53 55 67 68 72 95 96 97 99 102 104 105 106 110 111 122 124 140 141 142 143 145 147 148 149 150 151 187 188 189 190 191 192 193 194 195 253 344 353 355 406 407 413 487 643 644 650 655 656 665 692 693 694 695 697 699 700 701 702 703 
55 2 97 130 131 132 143 161 172 176 177 182 183 184 185 186 190 191 193 194 196 197 222 245 247 248 272 308 360 435 436 437 438 450 512 513 515 516 537 541 542 562 571 614 615 617 618 635 636 687 688 690 691 695 737 748 
37 3 6 33 54 98 144 162 165 198 223 227 242 309 312 327 361 364 374 376 418 476 478 507 508 519 587 596 609 610 629 670 682 683 696 710 738 749 
78 4 99 138 139 145 163 172 176 177 190 191 193 194 199 200 201 202 203 204 205 206 208 209 211 212 224 245 247 248 273 310 362 375 423 426 427 440 441 443 444 445 451 467 468 469 470 477 517 520 521 522 523 524 525 545 549 551 554 555 556 563 571 574 600 601 635 636 668 671 672 674 675 676 677 697 711 739 750 
157 0 1 4 11 14 16 17 18 30 34 45 47 51 55 72 99 102 106 111 133 135 136 137 138 139 140 145 148 150 151 158 159 163 169 171 172 174 175 176 177 178 190 191 192 193 194 204 205 206 207 208 209 210 211 212 220 224 232 234 235 236 244 245 246 247 248 268 273 274 275 278 279 306 310 317 319 320 321 324 328 341 344 357 362 369 370 371 372 385 401 402 403 404 407 422 423 425 426 427 428 430 432 433 451 452 456 543 545 549 550 551 552 553 554 555 556 558 563 567 568 569 570 571 573 574 577 580 581 586 591 593 594 598 599 600 601 602 604 606 608 644 656 692 697 700 702 703 711 712 732 739 742 745 750 751 754 757 
32 107 108 119 213 214 215 216 217 218 219 254 283 405 446 447 453 459 572 575 576 577 578 582 641 642 645 648 653 654 730 731 733 
100 23 49 50 51 52 54 55 56 57 58 59 60 62 64 65 66 67 69 70 71 72 220 221 222 223 224 225 226 227 228 229 230 231 232 233 234 235 236 251 255 264 265 267 322 323 324 325 327 328 329 330 331 332 333 334 335 336 337 339 340 341 342 343 344 345 349 350 351 352 353 354 356 382 383 384 385 386 387 388 389 391 393 394 395 396 397 398 399 400 488 498 499 502 653 654 656 660 663 664 666 
21 5 6 35 56 100 164 165 225 227 237 311 312 329 363 364 418 587 705 713 740 752 
61 5 6 8 9 10 12 13 16 35 41 42 56 57 66 67 112 120 122 164 165 166 167 168 170 174 225 227 229 230 231 233 235 237 238 239 240 284 311 312 314 315 316 318 320 329 330 336 337 351 353 386 395 397 460 587 588 589 590 713 717 718 
68 3 6 8 9 10 33 36 54 58 113 144 146 147 162 165 166 167 168 223 226 227 229 230 231 241 242 243 309 312 314 315 316 327 331 345 387 507 508 509 510 511 514 587 588 589 590 609 610 611 612 613 616 629 630 631 632 634 682 683 684 685 686 689 696 698 699 710 714 
24 6 165 198 227 237 242 312 364 376 418 469 478 507 508 519 587 596 609 610 629 670 682 683 705 
35 24 84 95 96 97 99 102 106 110 111 244 245 246 247 248 256 407 408 643 644 656 657 735 736 737 739 742 745 746 747 748 750 751 754 757 
19 249 250 251 252 253 254 255 256 257 258 259 260 261 262 263 264 265 266 267 
25 268 269 270 271 272 273 274 275 276 277 278 279 287 288 289 290 298 302 303 462 465 493 494 495 496 
39 280 281 282 283 284 285 286 287 288 289 290 291 292 293 294 295 296 297 298 299 300 301 302 303 304 305 486 489 490 493 494 495 496 497 498 499 503 505 506 
10 296 297 298 299 300 301 302 303 304 305 
73 29 30 31 33 34 35 36 37 38 39 40 41 42 44 45 46 47 281 284 285 286 292 293 294 295 299 306 307 308 309 310 311 312 313 314 315 316 317 318 319 320 321 322 324 325 327 328 329 330 331 332 333 334 335 336 337 339 340 341 342 344 345 349 350 351 352 353 354 356 489 498 499 503 
7 184 202 208 438 470 485 681 
41 322 323 324 325 326 327 328 329 330 331 332 333 334 335 336 337 338 339 340 341 342 343 344 345 349 350 351 352 353 354 355 356 486 488 489 490 495 498 499 502 503 
29 342 343 344 345 346 347 348 349 350 351 352 353 354 355 356 486 487 488 489 490 492 493 495 498 499 500 502 503 504 
58 30 31 32 33 34 35 38 41 42 43 44 45 46 47 285 289 292 294 295 300 324 325 326 327 328 329 333 336 337 338 339 340 341 344 351 352 353 355 356 357 358 359 360 361 362 363 364 365 366 367 368 369 370 371 372 490 495 498 
22 51 54 62 63 69 72 257 347 356 373 374 375 376 377 378 379 380 381 391 392 398 666 
39 20 21 23 249 251 252 255 257 260 264 265 267 382 383 384 385 386 387 388 389 390 391 392 393 394 395 396 397 398 399 400 653 654 656 658 660 663 664 666 
7 258 401 402 403 404 491 732 
20 82 83 84 85 86 87 88 89 90 91 405 406 407 408 409 410 411 412 413 414 
65 35 41 42 56 59 66 67 100 103 104 114 120 122 225 227 229 230 231 233 235 285 311 312 314 315 316 318 320 329 336 337 351 353 363 364 366 367 368 371 388 395 397 415 416 417 418 419 420 421 461 587 588 589 590 646 649 713 717 718 740 743 744 752 755 756 
56 25 85 98 99 100 101 102 103 104 106 111 114 116 120 122 125 126 259 407 414 418 419 420 421 422 423 424 425 426 427 461 466 644 646 649 651 652 656 666 738 739 740 741 742 743 744 745 749 750 751 752 753 754 755 756 757 
7 428 429 430 431 432 433 434 
32 2 37 60 115 143 161 172 176 177 222 308 332 389 435 436 437 438 512 513 515 516 614 615 617 618 635 636 687 688 690 691 695 
17 51 61 72 346 390 439 440 441 442 443 444 445 475 477 481 482 658 
40 83 86 87 88 280 283 287 288 289 290 301 302 303 304 405 407 410 411 412 413 446 447 448 449 450 451 452 453 454 455 456 457 459 462 465 493 494 495 496 505 
10 457 458 459 460 461 462 463 464 465 466 
78 4 6 7 10 38 62 99 101 116 163 165 168 172 176 177 224 227 228 231 310 312 313 316 333 362 364 365 368 375 376 377 391 418 421 423 426 427 467 468 469 470 477 478 479 480 517 519 520 521 522 523 524 525 587 590 596 597 600 601 603 629 632 635 636 668 670 671 672 674 675 676 677 711 715 739 741 750 753 
54 8 147 153 155 166 187 192 214 216 229 240 241 242 243 314 366 378 417 419 471 472 473 474 507 509 514 527 528 531 538 546 552 564 575 583 584 585 588 609 611 616 619 630 634 637 638 639 682 684 689 699 707 724 726 
52 9 154 155 167 188 192 215 216 230 238 240 241 242 243 315 367 379 417 420 472 473 474 507 510 514 527 529 531 539 547 552 565 576 583 584 585 589 609 612 616 620 631 634 637 638 639 682 685 689 707 725 726 
9 63 347 378 379 381 392 472 473 474 
22 10 168 189 231 239 316 368 416 421 480 511 530 540 548 566 590 597 613 621 632 686 706 
22 51 54 61 62 64 72 260 346 349 390 391 393 475 476 477 478 479 480 481 482 658 660 
76 11 16 77 78 79 80 81 102 135 137 138 139 148 150 169 172 174 176 190 191 192 193 204 205 206 207 208 209 210 211 212 216 217 218 219 232 235 244 245 247 275 317 320 369 371 402 422 423 426 430 483 484 485 549 551 552 553 554 555 567 569 571 577 591 599 600 601 604 700 702 726 727 728 729 742 754 
21 486 487 488 489 490 491 492 493 494 495 496 497 498 499 500 501 502 503 504 505 506 
7 500 501 502 503 504 505 506 
36 54 58 60 67 71 113 115 117 122 127 143 144 146 147 149 345 348 353 409 492 507 508 509 510 511 512 513 514 515 516 659 695 696 698 699 701 
21 79 181 183 190 197 201 203 206 209 437 440 469 484 512 520 549 614 626 671 680 687 
67 3 4 6 7 10 15 33 38 39 54 62 64 116 118 162 163 165 168 172 173 176 177 223 224 227 228 231 286 309 310 312 313 316 327 333 334 349 391 393 476 477 478 479 480 517 518 519 520 521 522 523 524 525 587 590 592 603 605 628 629 632 635 636 660 710 711 715 
49 26 67 68 122 124 147 149 261 276 277 287 353 355 410 413 431 434 454 455 465 493 526 527 528 529 530 531 532 533 534 538 539 540 541 559 564 565 566 575 576 579 582 647 650 661 665 699 701 734 
34 86 269 270 271 272 276 277 287 288 302 410 411 413 429 431 434 448 449 450 454 455 462 465 493 494 534 535 536 537 538 539 540 541 542 
108 27 30 34 42 43 45 47 51 55 67 68 72 99 102 104 105 106 111 122 124 140 145 147 148 149 150 151 262 268 273 274 275 276 277 278 279 289 324 328 337 338 341 344 353 355 357 362 366 367 368 369 370 371 372 407 412 413 428 430 431 432 433 434 451 452 454 455 456 465 495 543 544 545 546 547 548 549 550 551 552 553 554 555 556 557 558 559 563 564 565 566 567 568 569 570 571 644 650 656 662 665 692 697 699 700 701 702 703 
54 87 268 269 270 271 272 273 274 275 276 277 278 279 287 289 290 303 407 410 412 413 428 429 430 431 432 433 434 448 449 450 451 452 454 455 456 465 493 495 496 558 559 560 561 562 563 564 565 566 567 568 569 570 571 
62 26 28 83 88 107 108 111 119 122 124 250 254 261 263 280 283 287 304 405 407 410 413 446 447 451 452 453 454 455 456 457 459 465 493 572 573 574 575 576 577 578 579 580 581 582 641 642 644 645 647 648 650 653 654 656 661 665 730 731 732 733 734 
39 8 9 16 40 65 119 153 154 155 156 166 167 174 214 215 216 217 229 230 235 314 315 320 335 350 394 453 575 576 578 583 584 648 716 724 725 726 727 733 
48 8 9 10 12 16 41 66 103 120 166 167 168 174 229 230 231 235 238 239 240 314 315 316 320 336 351 366 367 368 371 395 415 416 417 419 420 421 585 588 589 590 649 704 706 707 717 743 755 
36 284 285 286 291 292 293 294 295 305 460 461 463 464 466 497 498 499 586 587 588 589 590 591 592 593 594 709 710 711 712 713 714 715 717 718 719 
127 0 1 3 4 6 7 10 11 14 15 16 17 18 30 33 34 38 44 45 46 47 51 54 55 62 69 71 72 111 116 121 125 127 158 159 162 163 165 168 169 171 172 173 174 175 176 177 178 220 223 224 227 228 231 232 234 235 236 264 292 294 306 309 310 312 313 316 317 319 320 321 324 327 328 333 339 340 341 344 352 356 357 361 362 364 365 368 369 370 371 372 385 391 396 398 400 463 498 586 587 590 591 592 593 594 595 596 597 598 599 600 601 602 603 604 605 606 607 608 656 663 666 710 711 712 715 719 
7 602 603 604 605 606 607 608 
38 10 13 42 67 104 122 149 168 170 189 231 233 239 276 316 318 337 353 368 397 416 421 454 511 530 540 548 566 579 590 613 621 686 701 706 718 744 756 
10 609 610 611 612 613 614 615 616 617 618 
4 619 620 621 622 
23 14 92 94 136 171 204 206 207 234 319 370 380 439 481 550 568 598 623 633 668 670 720 722 
3 624 625 626 
124 0 1 2 3 4 6 7 8 9 10 14 15 18 30 33 36 37 38 39 44 46 47 51 54 58 60 62 64 69 71 72 113 115 116 118 123 125 127 158 159 161 162 163 165 166 167 168 171 172 173 176 177 178 220 222 223 224 226 227 228 229 230 231 234 265 286 293 294 306 308 309 310 312 313 314 315 316 319 324 327 331 332 333 334 339 340 341 345 349 354 356 387 389 391 393 398 400 464 499 586 587 588 589 590 592 594 627 628 629 630 631 632 633 634 635 636 660 664 666 710 711 714 715 719 
71 42 43 67 68 104 105 122 124 147 149 187 188 189 192 195 276 277 337 338 353 355 366 367 368 413 431 434 454 455 465 526 527 528 529 530 531 532 533 534 538 539 540 541 544 546 547 548 552 554 557 559 564 565 566 575 576 579 582 619 620 621 622 637 638 639 640 650 665 699 701 734 
26 130 172 182 184 191 199 202 204 208 245 423 435 438 441 467 470 485 513 517 521 551 615 668 672 681 688 
49 22 24 25 26 27 28 82 83 84 85 88 90 250 253 254 256 259 261 262 263 405 406 407 408 410 412 413 414 641 642 643 644 645 646 647 648 649 650 651 652 653 654 655 656 657 661 662 665 666 
14 653 654 655 656 657 658 659 660 661 662 663 664 665 666 
16 15 173 424 518 522 523 592 595 600 605 628 635 667 669 674 675 
126 0 1 3 4 6 7 10 14 15 18 30 33 38 44 47 51 54 62 69 72 98 99 101 116 125 158 159 162 163 165 168 171 172 173 176 177 178 220 223 224 227 228 231 234 294 306 309 310 312 313 316 319 324 327 333 339 341 356 357 361 362 364 365 368 370 373 374 375 376 377 380 391 398 414 418 421 423 424 426 427 586 587 590 592 594 595 596 597 598 599 600 601 602 603 605 608 627 628 629 632 633 634 635 636 651 666 668 669 670 671 672 673 674 675 676 677 710 711 715 719 738 739 741 749 750 753 
36 48 73 75 77 80 93 155 192 205 210 216 240 241 243 417 442 471 472 474 483 514 531 552 583 585 599 616 634 637 639 673 678 689 707 721 726 
45 16 73 74 75 77 78 80 137 150 155 156 174 192 204 205 206 207 210 216 217 235 240 320 371 381 415 417 472 473 474 483 484 552 553 569 583 584 585 599 678 702 704 707 726 727 
7 76 81 211 443 522 625 674 
42 73 76 77 81 128 129 131 138 157 180 181 185 196 197 200 203 205 211 212 218 436 443 468 483 522 523 532 541 554 600 624 625 626 635 637 640 667 674 675 679 728 758 
60 17 45 106 138 139 151 172 175 176 177 190 191 193 194 204 205 206 208 209 211 212 236 245 246 247 248 278 321 372 403 423 425 426 427 432 440 441 443 444 445 456 482 549 551 554 555 556 570 571 580 593 600 601 606 679 680 681 703 745 757 
10 682 683 684 685 686 687 688 689 690 691 
52 77 81 131 132 138 139 176 180 181 185 186 193 196 197 200 203 205 211 212 218 219 247 426 436 443 444 468 483 515 522 523 524 541 542 554 555 571 600 601 617 624 625 626 635 636 674 675 676 679 690 728 729 
8 48 129 181 197 203 623 626 678 
50 22 26 27 51 53 54 55 58 60 67 68 71 72 89 110 111 113 115 117 122 124 127 253 261 262 266 406 407 409 410 412 413 655 656 659 661 662 665 692 693 694 695 696 697 698 699 700 701 702 703 
25 130 177 182 184 194 199 202 204 208 248 427 435 438 445 467 470 516 517 525 556 618 668 677 681 691 
73 35 41 42 56 66 67 70 100 103 104 120 122 126 164 165 166 167 168 170 174 225 227 229 230 231 233 235 295 311 312 314 315 316 318 320 329 336 337 351 353 363 364 366 367 368 371 395 397 399 418 419 420 421 466 587 588 589 590 649 652 704 705 706 707 713 717 718 740 743 744 752 755 756 
6 46 71 127 340 400 607 
35 281 282 284 285 286 291 292 293 294 295 297 305 458 460 461 463 464 466 486 497 498 499 506 708 709 710 711 712 713 714 715 716 717 718 719 
53 0 14 18 47 72 133 136 140 158 171 178 192 204 205 206 207 210 220 234 279 306 319 341 357 370 373 380 404 433 439 442 475 481 543 550 552 558 568 581 594 598 599 608 627 633 634 668 670 673 692 720 721 722 
34 8 9 11 16 19 49 50 65 107 108 119 229 230 232 235 267 322 323 335 342 343 350 382 383 394 653 654 723 724 725 726 727 728 729 
12 250 254 258 261 263 491 493 730 731 732 733 734 
30 24 25 84 85 90 256 259 407 408 414 643 644 646 649 651 652 656 657 666 735 736 737 738 739 740 741 742 743 744 745 
20 84 85 91 407 408 414 461 466 746 747 748 749 750 751 752 753 754 755 756 757 
30 19 73 76 77 81 134 138 152 157 179 195 213 218 434 526 532 533 534 541 544 554 557 559 582 622 637 640 723 728 758 
