146:1554
56 166 170 203 204 207 252 323 392 396 410 421 425 433 462 463 464 468 472 525 533 537 629 647 680 804 860 864 885 952 953 957 962 1005 1023 1040 1094 1096 1123 1130 1135 1139 1152 1153 1157 1190 1201 1202 1203 1295 1368 1378 1379 1380 1464 1499 1512 
59 0 1 32 33 42 43 59 115 120 224 290 291 297 412 413 415 420 453 461 714 750 776 805 886 909 1007 1008 1009 1010 1014 1018 1022 1027 1028 1037 1042 1043 1044 1050 1053 1097 1108 1120 1141 1142 1143 1145 1146 1151 1213 1239 1269 1305 1327 1328 1335 1546 1547 1552 
17 2 3 4 6 21 24 299 300 314 315 444 473 507 1098 1451 1465 1525 
215 4 5 6 7 8 9 10 11 12 13 14 15 16 17 18 19 20 21 22 23 24 26 27 28 29 30 31 32 33 34 37 39 40 41 42 45 48 50 53 54 57 58 60 63 64 65 66 67 68 70 72 75 80 86 121 127 137 139 141 171 225 229 230 231 232 235 238 243 244 250 251 279 282 444 445 447 448 449 450 451 452 453 454 458 459 460 461 552 557 558 559 567 568 575 578 581 648 651 652 653 654 659 665 673 674 676 679 715 718 719 720 721 722 723 725 727 729 733 739 751 754 755 756 757 760 763 767 768 775 777 781 782 783 784 787 790 794 795 802 803 806 810 811 813 814 822 823 830 832 833 834 840 841 842 851 857 878 879 881 884 923 948 975 1001 1054 1057 1058 1059 1060 1061 1062 1064 1066 1068 1076 1078 1079 1086 1087 1090 1093 1240 1244 1245 1247 1248 1251 1258 1259 1266 1267 1268 1270 1273 1274 1275 1276 1279 1285 1286 1292 1293 1294 1336 1359 1360 1364 1367 1398 1399 1400 1406 1410 1412 1429 
207 24 25 26 27 28 29 30 31 32 33 34 35 36 37 38 39 40 41 42 43 45 48 49 50 51 53 54 56 57 58 59 60 61 63 64 65 66 67 68 70 72 74 75 76 77 78 80 81 82 84 86 121 123 127 128 136 137 139 141 142 146 151 171 172 178 183 185 194 224 225 226 229 230 231 232 235 237 238 239 240 241 243 244 245 246 248 250 251 268 272 276 279 282 648 649 651 652 653 654 656 657 658 659 660 662 665 668 672 673 674 676 679 805 806 807 810 811 813 814 818 819 820 822 823 824 826 828 830 832 833 834 835 840 841 842 847 850 851 852 854 857 872 877 878 879 881 884 912 923 924 929 933 936 944 948 975 976 981 985 987 996 1001 1172 1178 1183 1269 1270 1271 1273 1274 1275 1276 1279 1280 1281 1282 1285 1286 1287 1288 1290 1292 1293 1294 1336 1337 1341 1345 1347 1357 1359 1360 1364 1367 1392 1398 1399 1400 1405 1406 1410 1412 1413 1429 1430 1431 1433 
36 43 44 45 46 47 48 49 50 51 52 53 54 55 56 57 58 121 122 123 125 126 127 128 133 134 136 137 138 139 141 142 145 146 151 154 160 
100 59 60 61 62 63 64 65 66 67 68 69 70 71 72 73 74 75 76 77 78 79 80 81 82 83 84 85 86 171 172 176 177 178 179 183 185 191 194 202 268 271 272 275 276 279 282 283 668 670 671 672 673 674 676 679 872 875 877 878 879 881 884 912 913 922 975 976 979 980 981 982 984 985 987 992 994 996 1001 1004 1392 1393 1394 1396 1398 1399 1400 1403 1404 1405 1406 1408 1409 1410 1412 1413 1414 1429 1430 1431 1433 
14 87 88 89 90 91 92 93 94 95 96 97 1418 1423 1426 
21 0 165 166 204 462 464 647 804 859 885 953 960 962 963 1094 1122 1130 1153 1201 1202 1378 
55 98 99 100 101 102 103 104 105 106 107 173 269 551 553 557 558 571 649 651 652 656 657 662 667 716 718 719 720 725 730 731 735 752 754 755 764 765 771 871 977 1055 1057 1059 1060 1064 1069 1070 1073 1076 1079 1173 1338 1392 1398 1399 
65 108 109 110 111 112 113 114 115 116 117 118 119 120 126 134 143 174 224 228 232 237 241 245 248 249 270 776 780 784 789 792 796 800 801 805 809 814 818 820 821 824 828 829 839 848 852 856 925 942 978 994 1089 1174 1239 1243 1248 1253 1255 1256 1260 1264 1265 1339 1344 1355 
38 121 122 123 124 125 126 127 128 129 130 131 132 133 134 135 136 137 138 139 140 141 142 143 144 145 146 148 150 151 152 153 154 155 156 158 160 163 164 
24 141 142 143 144 145 146 147 148 149 150 151 152 153 154 155 156 157 158 159 160 161 162 163 164 
25 5 165 166 253 324 397 438 476 538 630 681 887 953 964 1012 1099 1130 1136 1153 1193 1306 1381 1467 1505 1519 
12 2 167 205 422 431 465 861 954 1095 1131 1154 1296 
74 5 11 15 17 19 20 31 37 39 41 42 60 166 167 168 169 170 225 433 435 436 438 440 441 442 443 445 452 458 459 461 472 474 475 476 477 478 479 480 513 518 520 522 523 552 648 715 751 777 806 834 964 968 971 1054 1099 1100 1107 1115 1118 1120 1214 1240 1270 1306 1310 1315 1464 1466 1467 1468 1469 1470 1526 
36 171 172 173 174 175 176 177 178 179 180 181 182 183 184 185 186 187 188 189 190 191 192 193 194 195 196 197 198 199 200 201 202 318 319 320 321 
95 27 30 39 40 42 61 64 70 98 99 100 104 105 107 203 204 205 206 207 208 209 210 211 226 433 434 436 437 441 442 443 448 451 459 460 461 553 582 585 589 598 649 716 719 725 741 742 746 747 749 752 778 807 835 891 894 907 908 909 911 1055 1059 1064 1076 1079 1103 1106 1118 1119 1120 1121 1215 1241 1271 1307 1309 1318 1319 1392 1499 1500 1502 1503 1507 1509 1510 1511 1512 1513 1517 1520 1522 1523 1524 1527 
95 122 124 125 130 132 140 144 175 176 179 187 189 212 213 214 215 216 217 218 219 220 221 222 223 227 229 230 233 234 242 245 247 248 671 779 781 782 785 786 793 796 799 800 808 810 811 815 816 824 827 828 831 836 837 838 840 841 844 845 852 855 858 926 927 930 932 937 939 947 979 982 984 989 991 999 1082 1083 1088 1089 1175 1242 1244 1245 1249 1250 1257 1260 1263 1264 1340 1342 1343 1350 1352 1363 
126 121 122 123 124 125 126 127 128 130 132 133 134 136 137 139 140 141 142 143 144 145 146 148 150 151 164 224 225 226 227 228 229 230 231 232 233 234 235 236 237 238 239 240 241 242 243 244 245 246 247 248 249 250 251 268 270 271 272 273 276 279 280 281 282 283 668 669 671 672 673 674 676 677 678 679 872 873 877 878 879 881 882 883 884 1172 1174 1175 1176 1177 1178 1179 1183 1187 1188 1189 1336 1337 1339 1340 1341 1342 1343 1344 1345 1346 1347 1350 1352 1355 1357 1359 1360 1363 1364 1365 1366 1367 1412 1413 1415 1416 1429 1430 1431 1432 1433 
162 44 46 47 52 55 62 63 64 65 67 69 70 71 79 81 83 122 176 212 213 214 215 216 217 218 219 220 221 222 223 227 229 230 233 234 242 245 247 252 253 254 255 256 257 258 259 260 261 262 263 264 265 266 284 285 286 287 288 289 290 291 292 293 294 295 296 297 298 366 367 368 369 370 371 372 373 374 375 376 377 378 379 599 604 613 621 651 652 660 663 671 779 781 782 785 786 793 796 799 808 810 811 815 816 824 827 836 840 841 852 855 927 979 1082 1083 1088 1161 1162 1163 1164 1165 1166 1167 1168 1169 1170 1171 1242 1244 1245 1249 1250 1257 1260 1263 1272 1273 1274 1277 1278 1284 1287 1289 1340 1393 1398 1399 1408 1540 1541 1542 1543 1544 1545 1546 1547 1548 1549 1550 1551 1552 1553 
43 2 3 6 98 205 207 254 267 300 325 348 398 411 422 425 431 432 434 465 468 473 481 489 526 539 631 682 861 864 1006 1024 1041 1124 1140 1204 1296 1369 1382 1440 1465 1500 1513 1525 
41 25 108 212 254 259 264 267 284 325 326 336 345 348 349 366 380 398 403 408 446 508 539 548 682 683 698 888 1006 1013 1020 1024 1025 1041 1101 1161 1320 1382 1390 1471 1484 1540 
26 268 269 270 271 272 273 274 275 276 277 278 279 280 281 282 283 1412 1413 1414 1415 1416 1417 1419 1421 1422 1425 
111 43 44 46 47 52 55 56 59 62 63 64 65 67 69 70 71 79 81 83 84 85 122 125 134 145 176 177 224 227 229 230 233 234 242 245 247 248 249 271 284 285 286 287 288 289 290 291 292 293 294 295 296 297 298 651 652 660 663 664 671 805 808 810 811 815 816 821 824 827 828 829 836 838 840 841 848 852 855 856 913 927 928 932 942 979 980 984 994 1176 1269 1272 1273 1274 1277 1278 1283 1284 1287 1289 1290 1291 1340 1343 1355 1393 1396 1398 1399 1404 1408 1409 
173 24 26 27 28 29 30 32 33 34 37 39 40 41 42 45 48 50 53 54 58 63 64 65 66 67 68 70 72 75 80 86 92 93 97 123 127 137 139 146 178 229 230 231 232 235 238 243 244 250 251 282 299 300 301 302 303 304 305 306 307 308 309 310 311 312 313 314 315 316 317 557 558 559 567 568 575 581 600 604 607 618 619 623 628 651 652 653 654 659 665 673 674 679 718 719 720 721 722 723 725 727 729 733 739 754 755 756 757 760 763 767 768 775 810 811 813 814 822 823 830 833 840 841 842 851 857 878 879 884 929 981 1057 1058 1059 1060 1061 1062 1064 1066 1068 1076 1078 1079 1273 1274 1275 1276 1279 1285 1286 1292 1294 1341 1359 1360 1367 1398 1399 1400 1406 1410 1431 1451 1452 1453 1454 1455 1456 1457 1458 1459 1461 1463 
5 318 319 320 321 322 
226 62 63 64 65 67 69 70 71 79 81 83 124 179 212 213 214 215 216 217 218 219 220 221 222 223 227 229 230 233 234 242 245 247 323 324 325 326 327 328 329 330 331 332 333 334 335 336 337 338 339 340 341 342 343 344 345 346 347 348 349 350 351 352 353 354 355 356 357 358 359 360 361 362 363 364 365 366 367 368 369 370 371 372 373 374 375 376 377 378 379 554 555 557 558 561 564 569 572 583 584 585 586 587 589 595 597 601 604 613 621 671 701 702 704 705 706 711 712 713 779 781 782 785 786 793 796 799 808 810 811 815 816 824 827 837 840 841 852 855 887 888 889 890 891 892 894 895 902 903 904 905 907 908 909 910 911 930 982 1082 1083 1088 1161 1162 1163 1164 1165 1166 1167 1168 1169 1170 1171 1216 1217 1218 1223 1224 1232 1235 1242 1244 1245 1249 1250 1257 1260 1263 1272 1273 1274 1277 1278 1284 1287 1289 1342 1394 1398 1399 1408 1471 1472 1473 1474 1475 1476 1478 1479 1480 1481 1482 1483 1540 1541 1542 1543 1544 1545 1546 1547 1548 1549 1550 1551 1552 1553 
59 87 147 179 180 348 349 350 351 352 353 354 355 356 357 358 359 360 361 362 363 364 365 554 555 557 558 561 564 569 572 583 584 585 586 587 589 595 597 601 602 604 613 621 701 702 704 705 706 711 712 713 914 982 983 1394 1395 1398 1399 1408 
106 122 124 125 130 132 140 148 176 179 181 187 189 227 229 230 233 234 242 245 247 248 366 367 368 369 370 371 372 373 374 375 376 377 378 379 671 779 781 782 785 786 793 796 799 800 808 810 811 815 816 824 827 828 831 836 837 838 840 841 844 845 852 855 858 927 930 931 932 937 939 947 979 982 984 989 991 999 1082 1083 1088 1089 1177 1242 1244 1245 1249 1250 1257 1260 1263 1264 1272 1273 1274 1277 1278 1284 1287 1289 1290 1340 1342 1343 1350 1352 1363 
44 149 153 182 187 188 189 380 381 382 383 384 385 386 387 388 389 390 391 555 557 558 561 562 563 564 569 572 573 575 577 604 610 611 612 613 621 622 623 625 915 989 990 991 999 
109 44 62 212 220 223 227 252 254 256 259 260 261 262 264 266 284 294 298 323 325 326 328 331 336 337 338 340 342 343 345 347 348 349 356 360 364 365 366 376 379 380 392 393 394 395 396 398 400 403 404 405 406 408 409 508 516 520 524 537 539 541 544 545 546 548 550 555 680 682 683 685 686 690 691 693 695 696 698 700 701 717 753 779 808 888 889 907 910 1023 1024 1025 1029 1033 1036 1038 1039 1056 1161 1216 1242 1272 1471 1480 1483 1484 1497 1540 1550 1553 
123 44 52 55 56 62 65 70 79 81 83 84 125 212 216 217 218 219 220 221 222 223 227 230 242 245 247 248 284 288 289 290 291 292 293 294 295 296 297 298 366 370 371 372 373 374 375 376 377 378 379 396 397 398 399 400 401 402 403 404 405 406 407 408 409 603 621 622 652 660 663 779 782 793 796 799 800 808 811 824 827 828 838 841 852 855 932 984 1088 1089 1161 1165 1167 1168 1169 1170 1171 1242 1245 1257 1260 1263 1264 1272 1274 1284 1287 1289 1290 1343 1396 1399 1408 1540 1544 1545 1546 1547 1548 1549 1550 1551 1552 1553 
74 43 45 49 51 109 111 112 115 116 118 120 126 224 228 232 237 241 410 411 412 413 414 415 416 417 418 419 420 556 650 654 658 714 722 723 728 732 750 757 762 766 776 780 784 789 792 805 809 814 818 820 839 1053 1058 1061 1062 1067 1071 1239 1243 1248 1253 1255 1321 1323 1324 1327 1328 1329 1331 1332 1335 1344 1397 
241 6 8 10 17 18 20 21 23 27 30 39 40 42 63 64 70 98 99 100 104 105 107 214 216 220 221 222 229 252 254 256 259 260 261 262 263 264 266 286 288 294 295 297 300 302 304 309 310 312 313 314 315 317 323 325 328 333 336 337 338 340 341 342 344 345 347 348 351 352 357 360 361 363 364 368 370 376 377 378 381 383 386 390 421 422 423 424 425 426 427 428 429 430 448 451 459 460 461 489 491 492 497 498 500 501 502 503 504 506 510 512 520 521 523 537 539 541 544 545 546 547 548 550 557 583 585 589 604 629 631 634 636 637 639 640 641 642 643 645 646 651 680 682 685 687 690 691 693 694 695 697 698 700 702 705 713 718 719 725 741 742 746 747 749 754 781 810 840 891 894 907 908 909 911 965 967 973 974 1057 1059 1064 1076 1079 1103 1106 1118 1119 1120 1121 1123 1124 1125 1126 1128 1129 1162 1164 1167 1171 1217 1244 1273 1307 1309 1318 1319 1398 1452 1454 1458 1463 1473 1475 1480 1481 1482 1486 1490 1497 1498 1499 1500 1502 1503 1507 1509 1510 1511 1512 1513 1517 1520 1522 1523 1524 1528 1542 1544 1550 1551 1552 
76 6 7 21 22 26 109 213 254 263 265 285 300 301 314 316 325 344 346 348 350 367 382 411 418 419 431 432 447 481 487 489 490 503 505 509 526 530 531 539 547 549 584 631 632 642 644 682 697 699 740 861 864 890 1024 1041 1058 1102 1124 1140 1149 1150 1163 1199 1296 1302 1321 1369 1375 1376 1440 1441 1453 1472 1485 1513 1541 
117 27 30 31 35 37 38 39 40 41 42 60 61 64 65 70 76 77 81 82 88 183 225 226 230 239 240 245 246 272 433 434 435 436 437 438 439 440 441 442 443 445 448 451 452 455 456 458 459 460 461 598 605 648 649 652 656 657 660 662 668 777 778 782 791 796 798 806 807 811 819 824 826 834 835 841 847 852 854 872 933 985 1080 1099 1100 1103 1106 1107 1112 1113 1115 1117 1118 1119 1120 1121 1178 1214 1215 1218 1227 1232 1234 1240 1241 1245 1254 1260 1262 1270 1271 1274 1281 1287 1288 1345 1392 1399 
195 121 127 133 136 137 139 141 150 171 183 184 194 200 201 224 225 226 229 230 231 232 235 236 237 238 239 240 241 243 244 245 246 248 250 251 272 273 276 279 280 281 282 444 445 446 447 448 449 450 451 452 453 454 455 456 457 458 459 460 461 668 669 672 673 674 676 677 678 679 776 777 778 781 782 783 784 787 788 789 790 791 792 794 795 796 798 800 802 803 805 806 807 810 811 812 813 814 817 818 819 820 822 823 824 826 828 830 832 833 834 835 840 841 842 846 847 850 851 852 854 857 872 873 877 878 879 881 882 883 884 923 933 934 935 944 948 949 950 975 985 986 996 1001 1002 1003 1080 1081 1085 1086 1087 1089 1090 1091 1092 1093 1178 1179 1183 1187 1188 1239 1240 1241 1244 1245 1246 1247 1248 1251 1252 1253 1254 1255 1258 1259 1260 1262 1264 1266 1267 1268 1336 1345 1346 1357 1359 1360 1364 1365 1366 1367 1412 1416 1429 1432 
168 6 8 17 21 27 39 64 98 99 104 110 118 203 204 205 207 208 209 210 211 214 220 252 254 259 260 261 262 263 264 266 286 294 300 302 309 313 314 315 323 325 336 337 338 340 342 344 345 347 348 351 360 364 368 376 383 421 422 425 426 427 428 429 430 433 434 441 443 448 459 462 489 491 497 500 502 503 504 510 520 537 539 544 545 546 547 548 550 585 629 631 636 639 641 642 643 645 680 682 690 691 693 695 697 698 700 702 719 741 746 860 861 864 865 866 867 868 869 870 891 907 965 1059 1103 1118 1123 1124 1128 1129 1164 1203 1204 1206 1207 1208 1209 1210 1211 1212 1295 1296 1298 1299 1300 1301 1302 1303 1304 1307 1322 1332 1454 1473 1480 1486 1497 1499 1500 1507 1509 1511 1512 1513 1520 1522 1524 1542 1550 
252 6 10 15 17 18 20 21 23 30 37 39 40 42 65 70 98 100 102 104 105 107 216 219 220 221 222 230 252 254 256 259 260 261 262 263 264 266 288 292 294 295 297 300 304 307 309 310 312 313 314 315 317 323 325 328 333 334 336 337 338 340 341 342 344 345 347 348 352 357 358 360 361 363 364 370 374 376 377 378 384 386 390 396 398 400 403 404 405 406 407 408 409 433 434 436 437 441 442 443 451 458 459 460 461 463 464 465 466 467 468 469 470 471 489 492 495 497 498 500 501 502 503 504 506 512 518 520 521 523 537 539 541 542 544 545 546 547 548 550 558 586 589 629 631 634 635 636 637 639 640 641 642 643 645 646 652 680 682 685 687 688 690 691 693 694 695 697 698 700 705 713 720 725 755 782 811 841 894 902 907 908 909 911 967 971 973 974 1060 1064 1076 1079 1106 1115 1118 1119 1120 1121 1123 1124 1125 1126 1128 1129 1165 1167 1168 1171 1218 1245 1274 1309 1315 1318 1319 1399 1455 1458 1461 1463 1475 1478 1480 1481 1482 1487 1490 1494 1497 1498 1499 1500 1502 1503 1504 1507 1509 1510 1511 1512 1513 1517 1518 1520 1522 1523 1524 1529 1544 1548 1550 1551 1552 
44 89 225 273 444 445 452 458 459 461 472 473 474 475 476 477 478 479 480 606 669 777 806 812 834 873 935 986 1081 1098 1099 1100 1107 1115 1118 1120 1214 1219 1240 1246 1306 1310 1315 1346 1526 
126 6 7 9 12 13 14 16 19 21 22 26 28 29 32 33 34 41 45 48 50 66 67 68 72 75 127 231 232 235 238 300 301 303 305 306 308 311 314 316 447 449 450 453 454 481 482 483 484 485 486 487 488 559 584 587 588 591 607 653 654 703 707 709 721 722 723 727 729 756 757 760 763 783 784 787 790 813 814 842 966 969 970 972 1041 1042 1043 1044 1046 1048 1058 1061 1062 1066 1068 1102 1104 1105 1108 1109 1111 1116 1220 1221 1247 1248 1251 1275 1276 1279 1308 1311 1313 1316 1400 1440 1441 1442 1443 1444 1446 1449 1453 1456 1457 1459 1530 
160 26 27 30 32 33 34 37 39 40 41 42 48 50 53 54 63 64 65 70 72 75 80 86 92 93 128 137 139 151 185 229 230 235 238 243 244 250 489 490 491 492 493 494 495 496 497 498 499 500 501 502 503 504 505 506 509 510 512 514 515 517 518 520 521 522 523 557 558 567 568 575 604 608 618 619 623 651 652 659 665 673 674 702 705 707 709 713 718 719 720 725 727 729 733 739 754 755 760 763 767 768 775 810 811 822 823 830 840 841 851 857 878 879 936 987 1057 1058 1059 1060 1064 1066 1068 1076 1078 1079 1217 1218 1230 1231 1237 1273 1274 1279 1285 1286 1292 1347 1359 1360 1398 1399 1406 1410 1433 1452 1453 1454 1455 1458 1459 1461 1463 1485 1486 1487 1490 1492 1494 1497 1498 
135 128 129 131 132 137 139 151 152 153 185 186 188 189 274 279 282 507 508 509 510 511 512 513 514 515 516 517 518 519 520 521 522 523 524 552 555 557 558 561 563 564 567 568 569 572 575 578 581 648 651 652 659 660 663 665 671 673 674 676 679 715 717 718 719 720 722 724 725 726 727 729 733 734 736 739 751 753 754 755 758 759 760 763 767 768 769 772 775 874 878 879 881 884 916 987 988 990 991 1001 1054 1056 1057 1058 1059 1060 1061 1063 1064 1065 1066 1068 1072 1074 1076 1078 1079 1180 1347 1348 1351 1352 1359 1360 1364 1367 1398 1399 1401 1402 1406 1408 1410 1417 1433 1434 
35 9 22 28 67 111 215 265 287 303 316 346 369 385 419 449 511 531 549 587 644 699 722 892 1021 1061 1104 1150 1166 1323 1376 1442 1456 1474 1488 1543 
74 6 7 9 21 22 26 28 29 45 67 68 109 111 112 232 300 301 303 314 316 411 418 419 447 449 450 481 487 526 530 531 584 587 588 654 703 722 723 757 784 814 890 892 893 966 1041 1058 1061 1062 1102 1104 1105 1140 1149 1150 1221 1248 1276 1308 1321 1323 1324 1369 1375 1376 1440 1441 1442 1453 1456 1457 1485 1488 1489 
25 525 526 527 528 529 530 531 532 560 609 843 1221 1222 1226 1228 1349 1453 1456 1457 1460 1485 1488 1489 1493 1497 
83 46 69 212 223 233 252 254 256 259 260 261 262 264 266 284 298 323 325 326 328 336 337 340 342 343 345 347 348 349 364 365 366 379 380 508 524 533 534 535 536 537 539 541 544 545 546 548 550 561 680 682 683 685 690 693 695 696 698 700 704 724 758 785 815 888 910 1023 1024 1025 1036 1038 1039 1063 1082 1161 1223 1249 1277 1471 1483 1484 1540 1553 
146 130 187 212 213 214 215 216 217 218 219 220 221 222 223 227 229 230 233 234 242 245 247 366 367 368 369 370 371 372 373 374 375 376 377 378 379 380 381 382 383 384 385 386 388 389 390 537 538 539 540 541 542 543 544 545 546 547 548 549 550 555 557 558 561 562 564 569 572 604 610 613 621 671 779 781 782 785 786 793 796 799 808 810 811 815 816 824 827 840 841 844 852 855 937 989 1082 1083 1088 1216 1217 1218 1223 1224 1232 1235 1242 1244 1245 1249 1250 1257 1260 1263 1272 1273 1274 1277 1278 1284 1287 1289 1350 1471 1472 1473 1474 1475 1476 1478 1479 1480 1481 1482 1483 1484 1485 1486 1487 1488 1490 1491 1494 1495 1496 1497 1498 
93 141 146 147 149 151 152 153 155 156 157 160 161 162 171 173 178 179 180 182 185 186 187 188 189 192 193 196 197 200 201 318 551 552 553 554 555 556 557 558 559 560 561 562 563 564 565 566 567 568 569 570 571 572 573 574 575 576 577 578 579 580 581 914 915 916 917 919 920 921 975 977 981 982 983 987 988 989 990 991 993 994 995 998 999 1000 1001 1002 1003 1412 1417 1418 1423 1425 
79 87 90 94 95 96 147 155 156 161 179 180 192 193 197 200 201 318 553 554 555 557 558 559 561 564 565 566 569 570 571 572 573 576 579 580 582 583 584 585 586 587 588 589 590 591 592 593 594 595 596 597 598 601 602 604 607 613 614 615 616 620 621 622 624 626 627 914 917 920 982 983 993 994 995 1000 1002 1003 1418 1423 
48 146 147 149 151 153 155 156 158 159 161 162 598 599 600 601 602 603 604 605 606 607 608 609 610 611 612 613 614 615 616 617 618 619 620 621 622 623 624 625 626 627 628 914 915 917 918 920 921 
143 131 139 153 188 381 382 383 384 385 386 387 388 390 391 509 510 511 512 513 517 518 520 521 522 523 557 558 564 569 575 604 611 613 623 629 630 631 632 633 634 635 636 637 638 639 640 641 642 643 644 645 646 651 652 660 665 671 702 705 706 709 713 718 719 720 722 725 726 729 734 739 754 755 759 763 769 775 840 841 852 857 938 990 1057 1058 1059 1060 1061 1064 1065 1068 1072 1076 1078 1079 1083 1217 1218 1224 1232 1237 1244 1245 1250 1260 1266 1351 1398 1399 1401 1410 1452 1453 1454 1455 1456 1458 1459 1461 1462 1463 1472 1473 1474 1475 1476 1477 1478 1479 1480 1481 1482 1485 1486 1487 1488 1490 1491 1492 1494 1495 1497 1498 
183 6 10 17 21 30 39 70 98 100 104 113 118 203 204 205 207 208 209 210 211 216 220 252 254 259 260 261 262 263 264 266 288 294 300 304 309 313 314 315 323 325 336 337 338 340 342 344 345 347 348 352 360 364 370 376 386 396 398 403 404 405 406 407 408 409 421 422 425 426 427 428 429 430 433 434 441 443 451 459 463 464 465 468 469 470 471 489 492 497 500 502 503 504 512 520 537 539 544 545 546 547 548 550 589 629 631 636 639 641 642 643 645 647 680 682 690 691 693 695 697 698 700 705 725 742 746 894 907 967 1023 1024 1033 1036 1038 1064 1106 1118 1123 1124 1128 1129 1167 1190 1194 1195 1203 1204 1206 1207 1208 1209 1210 1211 1212 1295 1296 1298 1299 1300 1301 1302 1303 1304 1309 1325 1332 1458 1475 1480 1490 1497 1499 1500 1507 1509 1511 1512 1513 1520 1522 1524 1544 1550 
45 268 269 271 272 274 275 276 277 278 279 282 648 649 650 651 652 653 654 655 656 657 658 659 660 661 662 663 664 665 666 667 668 670 671 672 673 674 675 676 679 1412 1413 1417 1419 1425 
13 667 668 669 670 671 672 673 674 675 676 677 678 679 
205 132 189 212 213 214 215 216 217 219 220 221 222 223 227 229 230 233 234 245 247 366 367 368 369 370 371 374 375 376 377 378 379 380 381 382 383 384 385 386 388 389 390 508 509 510 511 512 513 516 518 519 520 521 522 523 524 555 557 558 561 563 564 569 572 604 612 613 621 651 652 660 663 671 680 681 682 683 684 685 686 687 688 689 690 691 692 693 694 695 696 697 698 699 700 701 702 704 705 706 712 713 717 718 719 720 722 724 725 726 734 736 753 754 755 758 759 769 772 779 781 782 785 786 796 799 808 810 811 815 816 824 827 840 841 845 852 855 939 991 1056 1057 1058 1059 1060 1061 1063 1064 1065 1072 1074 1076 1079 1082 1083 1088 1216 1217 1218 1223 1224 1232 1235 1242 1244 1245 1249 1250 1260 1263 1272 1273 1274 1277 1278 1287 1289 1352 1398 1399 1402 1408 1471 1472 1473 1474 1475 1476 1478 1479 1480 1481 1482 1483 1484 1485 1486 1487 1488 1490 1491 1494 1495 1496 1497 1498 
40 179 180 185 188 189 190 197 701 702 703 704 705 706 707 708 709 710 711 712 713 914 920 982 983 987 990 991 1000 1394 1395 1398 1399 1400 1401 1402 1406 1408 1410 1411 1420 
85 171 173 178 185 186 188 189 196 269 274 277 279 282 667 671 673 674 676 679 714 715 716 717 718 719 720 721 722 723 724 725 726 727 728 729 730 731 732 733 734 735 736 737 738 739 871 874 878 879 880 881 884 916 919 975 977 981 987 988 990 991 994 998 1001 1392 1397 1398 1399 1400 1401 1402 1404 1406 1407 1408 1409 1410 1412 1417 1421 1429 1431 1433 1434 1435 
44 48 50 61 63 64 70 72 73 75 86 133 139 154 191 275 649 651 655 665 670 740 741 742 743 744 745 746 747 748 749 752 754 760 761 763 775 875 992 1181 1353 1392 1398 1403 1410 
94 121 123 126 127 128 129 131 132 133 134 137 138 139 141 146 151 152 153 154 160 269 274 275 277 279 282 667 670 671 673 674 676 679 750 751 752 753 754 755 756 757 758 759 760 761 762 763 764 765 766 767 768 769 770 771 772 773 774 775 871 874 875 878 879 880 881 884 1173 1180 1181 1184 1336 1338 1341 1344 1347 1348 1351 1352 1353 1355 1359 1360 1361 1362 1364 1367 1412 1417 1422 1429 1431 1433 1434 
170 121 122 124 125 126 127 130 132 133 134 136 137 138 139 140 141 143 144 148 150 158 164 171 174 175 176 179 181 183 184 187 189 194 195 200 201 202 776 777 778 779 780 781 782 783 784 785 786 787 788 789 790 791 792 793 794 795 796 797 798 799 800 801 802 803 834 835 836 837 838 839 840 841 842 844 845 846 847 848 850 851 852 853 854 855 856 857 858 872 873 877 878 879 881 882 883 884 923 925 926 927 930 931 932 933 934 935 937 939 942 944 945 947 948 949 950 951 975 978 979 982 984 985 986 989 991 994 996 997 999 1001 1002 1003 1004 1174 1175 1177 1178 1179 1183 1187 1188 1189 1336 1339 1340 1342 1343 1344 1345 1346 1350 1352 1355 1357 1358 1359 1360 1361 1363 1364 1365 1366 1367 1412 1416 1426 1429 1432 1438 
155 11 19 31 41 101 106 114 166 167 168 169 170 217 252 255 256 257 260 261 262 266 289 296 323 327 328 332 337 339 340 342 347 353 362 364 371 396 399 400 401 404 405 406 409 433 435 436 440 441 443 452 472 474 475 477 478 480 513 522 537 540 541 544 545 546 550 629 633 638 639 641 645 680 684 685 690 692 693 695 700 804 895 952 953 954 955 956 957 958 959 968 1005 1007 1010 1014 1016 1017 1019 1022 1023 1026 1035 1036 1038 1107 1130 1131 1132 1133 1135 1137 1138 1152 1153 1154 1155 1156 1157 1158 1159 1160 1190 1191 1194 1195 1310 1326 1334 1380 1383 1384 1385 1387 1388 1389 1391 1464 1466 1468 1469 1470 1476 1491 1499 1501 1502 1508 1509 1511 1512 1514 1521 1522 1524 1545 
50 0 1 166 168 204 206 256 328 393 400 412 423 436 464 466 475 482 534 541 685 804 859 862 885 953 955 960 961 962 1007 1042 1052 1094 1122 1125 1130 1132 1141 1153 1155 1191 1196 1202 1205 1297 1370 1378 1384 1466 1502 
43 0 1 12 32 256 257 290 305 328 329 332 354 372 400 401 412 413 482 483 493 514 541 743 859 862 863 1007 1008 1010 1027 1042 1043 1052 1125 1141 1142 1145 1196 1197 1327 1443 1515 1546 
63 47 67 71 213 215 234 254 263 265 285 287 325 344 346 348 350 367 369 382 385 509 511 539 547 549 564 584 587 613 631 632 642 644 671 682 697 699 706 722 726 759 786 816 890 892 1024 1058 1061 1065 1083 1163 1166 1224 1250 1278 1453 1456 1472 1474 1485 1488 1541 1543 
170 171 172 174 175 176 177 178 179 181 183 184 185 187 189 194 195 200 201 202 805 806 807 808 809 810 811 812 813 814 815 816 817 818 819 820 821 822 823 824 825 826 827 828 829 830 831 832 833 834 835 836 837 838 839 840 841 842 844 845 846 847 848 850 851 852 853 854 855 856 857 858 872 873 877 878 879 881 882 883 884 923 924 925 926 927 928 929 930 931 932 933 934 935 936 937 939 942 944 945 947 948 949 950 951 975 976 978 979 980 981 982 984 985 986 987 989 991 994 996 997 999 1001 1002 1003 1004 1172 1174 1175 1176 1177 1178 1179 1183 1187 1188 1189 1336 1337 1339 1340 1341 1342 1343 1344 1345 1346 1347 1350 1352 1355 1357 1358 1359 1360 1361 1363 1364 1365 1366 1367 1412 1413 1416 1426 1429 1430 1431 1432 1433 1438 
141 171 172 174 175 176 177 178 179 181 183 184 185 187 188 189 192 193 194 195 198 199 200 201 202 319 834 835 836 837 838 839 840 841 842 843 844 845 846 847 848 849 850 851 852 853 854 855 856 857 858 923 924 925 926 927 928 929 930 931 932 933 934 935 936 937 938 939 940 942 943 944 945 947 948 949 950 951 975 976 978 979 980 981 982 984 985 986 987 989 990 991 993 994 995 996 997 999 1001 1002 1003 1004 1336 1337 1339 1340 1341 1342 1343 1344 1345 1346 1347 1349 1350 1351 1352 1355 1356 1357 1358 1359 1360 1361 1363 1364 1365 1366 1367 1412 1413 1416 1423 1426 1427 1429 1430 1431 1432 1433 1436 1438 
57 0 1 13 33 115 218 256 257 266 291 306 328 330 332 347 355 373 400 401 409 412 413 420 453 482 483 488 494 515 541 550 744 859 862 863 870 1007 1009 1010 1022 1028 1042 1044 1052 1108 1125 1141 1143 1145 1151 1196 1197 1200 1328 1444 1516 1547 
56 12 13 19 32 33 41 48 72 235 305 306 311 453 482 483 486 488 493 494 499 514 515 522 707 727 743 744 748 760 787 859 862 863 870 896 969 1042 1043 1044 1048 1066 1108 1109 1125 1196 1197 1200 1251 1279 1311 1443 1444 1449 1515 1516 1521 
75 48 50 64 72 73 75 133 235 236 238 447 448 453 454 459 565 584 585 590 591 614 655 740 741 743 744 745 746 748 760 761 763 787 788 790 817 846 860 861 862 863 864 865 866 867 868 869 870 890 891 896 898 907 1102 1103 1108 1109 1111 1118 1225 1251 1252 1307 1311 1313 1403 1512 1513 1515 1516 1520 1521 1522 1524 1531 
23 871 872 873 874 875 876 877 878 879 880 881 882 883 884 1429 1430 1431 1432 1433 1434 1435 1436 1438 
9 331 356 516 686 1029 1045 1144 1329 1445 
62 39 42 49 74 118 120 237 410 412 415 416 417 420 459 461 525 528 529 532 708 728 762 789 818 885 897 907 909 1040 1042 1045 1049 1050 1051 1067 1110 1118 1120 1139 1141 1144 1146 1147 1148 1151 1226 1253 1280 1312 1329 1332 1335 1368 1370 1372 1373 1374 1377 1445 1448 1450 1497 
15 169 257 332 401 413 483 863 956 1010 1133 1145 1156 1197 1371 1385 
168 90 95 96 124 133 134 135 138 155 156 179 192 193 200 201 553 554 555 557 558 561 564 565 566 569 570 571 572 573 579 580 582 583 584 585 586 587 588 589 590 591 592 593 594 595 596 597 598 601 604 613 614 615 616 620 621 622 626 627 835 837 840 841 846 847 848 849 852 853 854 855 876 882 883 886 887 888 889 890 891 892 893 894 895 896 897 898 899 900 901 902 903 904 905 906 907 908 909 910 911 930 940 942 943 949 950 982 993 994 995 1002 1003 1082 1083 1084 1088 1089 1091 1092 1182 1187 1188 1213 1215 1216 1217 1218 1221 1223 1224 1225 1226 1227 1228 1229 1232 1233 1234 1235 1236 1239 1241 1242 1244 1245 1248 1249 1250 1251 1252 1253 1254 1255 1256 1257 1260 1261 1262 1263 1264 1342 1355 1356 1361 1365 1366 1423 1436 
50 6 14 21 22 34 50 75 238 300 314 316 387 454 481 485 487 489 503 505 517 591 631 642 644 709 729 745 763 790 861 864 865 898 970 1041 1068 1111 1124 1198 1199 1296 1298 1302 1313 1440 1446 1459 1477 1492 1513 
11 912 913 914 915 916 917 918 919 920 921 922 
11 35 76 239 455 592 656 730 764 899 1069 1112 
31 319 322 923 924 925 926 927 928 929 930 931 932 933 934 935 936 937 938 939 940 941 942 943 944 945 946 947 948 949 950 951 
63 31 38 41 42 77 101 103 106 107 240 433 435 436 438 439 440 441 442 443 452 456 461 593 657 731 765 791 819 847 887 895 900 904 909 952 953 954 955 956 957 958 959 1070 1099 1107 1113 1117 1120 1227 1254 1281 1306 1310 1499 1501 1502 1505 1506 1508 1509 1510 1511 1532 
56 28 36 38 51 67 78 111 116 241 412 413 414 419 449 457 527 531 587 594 658 710 722 732 766 792 820 892 901 904 960 961 1042 1047 1061 1071 1104 1114 1117 1141 1145 1150 1228 1255 1282 1314 1323 1331 1370 1371 1376 1442 1447 1456 1460 1488 1493 
24 205 207 333 357 422 424 425 437 465 467 468 634 687 1011 1030 1126 1131 1134 1135 1154 1157 1192 1503 1517 
172 15 20 37 42 102 107 117 120 166 167 168 170 219 222 252 256 260 261 262 264 266 292 297 307 312 313 315 323 328 334 337 340 341 342 345 347 358 363 364 374 378 396 400 404 405 406 408 409 433 436 441 442 443 458 461 463 464 465 466 468 470 471 472 475 478 479 480 495 500 501 502 504 518 523 537 541 542 544 545 546 548 550 629 635 639 640 641 643 645 680 685 688 690 693 694 695 698 700 902 909 962 971 1005 1007 1014 1017 1018 1019 1020 1022 1023 1031 1036 1037 1038 1115 1120 1123 1125 1128 1129 1130 1131 1132 1135 1137 1138 1152 1153 1154 1155 1157 1158 1159 1160 1168 1190 1191 1194 1195 1315 1330 1335 1380 1384 1386 1387 1388 1389 1390 1391 1461 1464 1466 1469 1470 1478 1482 1494 1499 1502 1504 1509 1510 1511 1512 1518 1522 1523 1524 1548 1552 
10 16 308 484 496 963 972 1046 1116 1127 1316 
25 941 948 964 965 966 967 968 969 970 971 972 973 974 1354 1360 1364 1367 1424 1437 1526 1528 1529 1530 1535 1539 
1 320 
46 318 319 320 321 975 976 977 978 979 980 981 982 983 984 985 986 987 988 989 990 991 992 993 994 995 996 997 998 999 1000 1001 1002 1003 1004 1412 1413 1414 1416 1417 1418 1420 1421 1423 1425 1426 1427 
148 43 56 59 67 81 84 108 111 114 115 117 118 120 134 224 245 248 284 287 289 290 291 292 294 296 297 566 569 573 587 595 615 622 660 714 722 734 737 750 769 773 776 796 800 805 821 824 828 848 852 886 887 888 892 895 902 905 907 909 911 942 994 1005 1006 1007 1008 1009 1010 1011 1012 1013 1014 1015 1016 1017 1018 1019 1020 1021 1022 1023 1024 1025 1026 1027 1028 1030 1031 1033 1035 1036 1037 1038 1053 1061 1072 1075 1079 1089 1097 1099 1101 1104 1107 1108 1115 1118 1120 1121 1213 1229 1232 1236 1239 1256 1260 1264 1269 1283 1287 1290 1305 1306 1310 1315 1317 1319 1320 1323 1326 1327 1328 1330 1332 1334 1335 1355 1404 1533 1536 1540 1543 1545 1546 1547 1548 1550 1552 
90 90 134 135 156 193 555 561 564 566 569 572 573 584 587 589 595 597 613 615 616 621 622 848 849 852 855 876 886 887 888 889 890 892 894 895 902 903 904 905 907 908 909 910 911 942 943 994 995 1023 1024 1025 1026 1027 1028 1029 1030 1031 1032 1033 1034 1035 1036 1037 1038 1039 1082 1083 1084 1088 1089 1182 1213 1216 1223 1224 1229 1232 1235 1236 1239 1242 1249 1250 1256 1257 1260 1263 1264 1355 1356 
138 25 26 28 29 32 33 34 36 38 39 41 42 43 45 48 49 50 51 56 59 66 67 68 72 74 75 78 84 91 127 136 194 224 231 232 235 237 238 241 248 276 446 447 449 450 453 454 457 459 461 607 617 622 653 654 658 672 776 783 784 787 789 790 792 800 805 813 814 818 820 828 842 850 877 944 996 1040 1041 1042 1043 1044 1045 1046 1047 1048 1049 1050 1051 1085 1089 1097 1101 1102 1104 1105 1108 1109 1110 1111 1114 1116 1117 1118 1120 1183 1213 1220 1221 1226 1228 1236 1239 1247 1248 1251 1253 1255 1264 1269 1275 1276 1279 1280 1282 1290 1305 1308 1311 1312 1313 1314 1316 1317 1357 1400 1405 1530 1534 
37 52 79 218 242 256 257 266 290 291 296 328 329 330 332 339 347 354 355 362 372 373 400 401 409 541 550 711 793 903 1027 1028 1035 1052 1257 1284 1546 1547 
121 141 146 151 152 153 157 160 171 173 178 185 186 188 189 196 269 274 277 279 282 551 552 553 555 556 557 558 559 561 563 564 566 567 568 569 570 571 572 573 574 575 578 581 648 649 650 651 652 653 654 656 657 658 659 660 661 662 663 664 665 667 671 673 674 676 679 916 919 975 977 981 987 988 990 991 994 998 1001 1053 1054 1055 1056 1057 1058 1059 1060 1061 1062 1063 1064 1065 1066 1067 1068 1069 1070 1071 1072 1073 1074 1075 1076 1077 1078 1079 1392 1397 1398 1399 1400 1401 1402 1404 1406 1407 1408 1409 1410 1412 1417 1425 
14 1080 1081 1082 1083 1084 1085 1086 1087 1088 1089 1090 1091 1092 1093 
13 3 170 207 267 425 432 468 864 957 1096 1135 1157 1379 
3 1094 1095 1096 
173 88 89 91 95 96 127 133 134 136 138 158 183 194 195 200 201 598 604 605 606 607 614 615 617 620 622 626 627 776 777 778 781 782 783 784 787 788 789 790 791 792 796 797 798 800 805 806 807 810 811 812 813 814 817 818 819 820 821 824 825 826 828 834 835 840 841 842 846 847 848 850 852 853 854 872 873 877 882 883 933 935 942 944 945 949 950 985 986 994 996 997 1002 1003 1080 1081 1085 1089 1091 1092 1097 1098 1099 1100 1101 1102 1103 1104 1105 1106 1107 1108 1109 1110 1111 1112 1113 1114 1115 1116 1117 1118 1119 1120 1121 1178 1183 1187 1188 1213 1214 1215 1217 1218 1219 1220 1221 1225 1226 1227 1228 1229 1232 1233 1234 1236 1239 1240 1241 1244 1245 1246 1247 1248 1251 1252 1253 1254 1255 1256 1260 1261 1262 1264 1345 1346 1355 1357 1358 1361 1365 1366 1426 1438 
17 165 166 438 476 484 953 963 1012 1046 1127 1130 1136 1153 1193 1467 1505 1519 
46 38 103 256 257 258 293 328 332 335 359 375 400 401 402 412 413 414 436 439 519 527 541 543 685 689 904 953 955 956 960 961 1032 1042 1047 1117 1122 1141 1145 1191 1331 1370 1371 1447 1502 1506 1549 
15 53 92 243 567 618 673 767 794 822 878 1086 1230 1258 1285 1359 
213 6 7 8 10 12 13 14 15 16 17 18 19 20 21 22 23 26 27 30 32 33 34 37 39 40 41 42 48 50 54 63 64 65 70 72 75 80 86 93 137 139 229 230 235 238 244 250 300 301 302 304 305 306 307 308 309 310 311 312 313 314 315 316 317 447 448 451 453 454 458 459 460 461 489 490 491 492 493 494 495 496 497 498 499 500 501 502 503 504 505 506 509 510 512 514 515 517 518 520 521 522 523 557 558 568 575 604 619 623 651 652 659 665 674 702 705 707 709 713 718 719 720 725 727 729 733 739 754 755 760 763 768 775 781 782 787 790 795 802 810 811 823 830 840 841 851 857 879 965 967 969 970 971 972 973 974 1057 1058 1059 1060 1064 1066 1068 1076 1078 1079 1087 1123 1124 1125 1126 1127 1128 1129 1217 1218 1231 1237 1244 1245 1251 1259 1266 1273 1274 1279 1286 1292 1360 1398 1399 1406 1410 1452 1453 1454 1455 1458 1459 1461 1463 1485 1486 1487 1490 1492 1494 1497 1498 1528 1529 1535 1539 
228 31 37 39 41 42 81 114 117 118 120 217 219 220 222 245 252 253 255 256 257 260 261 262 264 266 289 292 294 296 297 323 324 327 328 332 333 334 337 338 339 340 341 342 345 347 353 357 358 360 362 363 364 371 374 376 378 388 396 397 399 400 401 404 405 406 408 409 433 435 436 437 438 440 441 442 443 452 458 459 461 513 518 520 522 523 537 538 540 541 542 544 545 546 548 550 569 595 629 630 633 634 635 636 638 639 640 641 643 645 646 660 680 681 684 685 687 688 690 691 692 693 694 695 698 700 734 769 796 824 852 887 895 902 905 907 909 911 1005 1007 1010 1011 1012 1014 1015 1016 1017 1018 1019 1020 1022 1023 1026 1030 1031 1033 1035 1036 1037 1038 1072 1079 1099 1107 1115 1118 1120 1121 1130 1131 1132 1133 1134 1135 1136 1137 1138 1168 1169 1232 1260 1287 1306 1310 1315 1319 1326 1330 1332 1334 1335 1380 1381 1383 1384 1385 1386 1387 1388 1389 1390 1391 1461 1462 1476 1478 1479 1480 1482 1491 1494 1495 1497 1499 1501 1502 1503 1504 1505 1507 1508 1509 1510 1511 1536 1545 1548 1550 1552 
99 43 45 49 51 138 570 584 587 588 594 620 654 658 661 714 722 723 728 732 750 757 762 766 770 776 784 789 792 797 805 814 818 820 825 853 886 890 892 893 897 901 904 907 909 1053 1058 1061 1062 1067 1071 1097 1102 1104 1105 1108 1110 1114 1117 1118 1120 1139 1140 1141 1142 1143 1144 1145 1146 1147 1148 1149 1150 1151 1213 1221 1226 1228 1233 1239 1248 1253 1255 1261 1305 1308 1312 1314 1321 1323 1324 1327 1328 1329 1331 1332 1335 1361 1407 1537 
12 208 259 336 403 426 469 485 865 1013 1198 1206 1298 
86 31 37 39 41 42 82 101 102 104 106 107 246 433 435 436 437 438 440 441 442 443 452 458 459 461 571 596 662 735 771 798 826 854 887 895 902 906 907 909 911 1073 1079 1099 1107 1115 1118 1120 1121 1152 1153 1154 1155 1156 1157 1158 1159 1160 1234 1262 1288 1306 1310 1315 1319 1499 1501 1502 1503 1504 1505 1507 1508 1509 1510 1511 1512 1514 1517 1518 1519 1520 1521 1522 1523 1524 1538 
21 159 599 601 603 604 613 621 622 625 918 1161 1162 1163 1164 1165 1166 1167 1168 1169 1170 1171 
18 1172 1173 1174 1175 1176 1177 1178 1179 1180 1181 1182 1183 1184 1185 1186 1187 1188 1189 
197 55 70 83 216 217 219 220 221 222 247 252 253 254 255 256 257 258 259 260 261 262 263 264 266 288 289 292 293 294 295 296 297 323 324 325 327 328 332 333 334 335 336 337 338 339 340 341 342 344 345 347 348 352 353 357 358 359 360 361 362 363 364 370 371 374 375 376 377 378 386 389 390 396 397 398 399 400 401 402 403 404 405 406 407 408 409 512 513 518 519 520 521 522 523 537 538 539 540 541 542 543 544 545 546 547 548 550 572 589 597 621 663 680 681 682 684 685 687 688 689 690 691 692 693 694 695 697 698 700 705 712 713 725 736 772 799 827 855 887 894 895 902 904 907 908 909 911 1023 1024 1026 1030 1031 1032 1033 1034 1035 1036 1037 1038 1064 1074 1076 1079 1088 1167 1168 1170 1171 1190 1191 1192 1193 1194 1195 1235 1263 1289 1408 1475 1476 1478 1480 1481 1482 1490 1491 1494 1496 1497 1498 1544 1545 1548 1549 1550 1551 1552 
39 25 56 84 108 212 248 284 366 380 398 403 408 446 573 622 737 773 800 828 888 1006 1013 1020 1024 1025 1041 1075 1089 1101 1161 1236 1264 1290 1317 1320 1382 1390 1471 1540 
19 209 260 337 404 415 427 470 544 690 866 958 1014 1137 1146 1158 1207 1299 1372 1387 
5 1196 1197 1198 1199 1200 
176 17 39 104 118 166 167 170 203 204 205 207 209 210 211 220 252 260 261 262 266 294 309 313 323 337 338 340 342 347 360 364 376 392 394 395 396 404 405 406 409 410 415 416 417 420 421 422 425 427 428 430 433 441 443 459 462 463 464 465 468 470 471 472 478 480 497 500 502 520 525 528 529 532 537 544 545 546 550 629 636 639 641 645 647 680 690 691 693 695 700 746 860 861 864 866 867 868 870 885 907 1005 1014 1015 1017 1019 1022 1023 1033 1036 1038 1040 1049 1051 1118 1123 1128 1129 1130 1131 1135 1137 1138 1139 1146 1147 1148 1151 1152 1153 1154 1157 1158 1159 1160 1190 1194 1195 1201 1202 1203 1207 1208 1209 1212 1295 1296 1299 1300 1301 1304 1332 1368 1372 1373 1374 1377 1380 1387 1388 1389 1391 1448 1464 1469 1470 1480 1497 1499 1507 1509 1511 1512 1520 1522 1524 1550 
210 6 17 18 20 39 40 42 98 104 105 107 118 119 120 203 204 205 206 207 208 209 210 211 220 221 222 252 254 256 259 260 261 262 264 266 294 295 297 300 309 310 312 313 315 323 325 328 336 337 338 340 341 342 345 347 348 360 361 363 364 376 377 378 390 396 398 400 403 404 405 406 408 409 421 422 423 425 426 427 428 429 430 433 434 436 441 442 443 459 460 461 463 464 465 466 468 469 470 471 489 497 498 500 501 502 504 520 521 523 537 539 541 544 545 546 548 550 629 631 636 637 639 640 641 643 645 680 682 685 690 691 693 694 695 698 700 713 746 747 749 907 908 909 973 1023 1024 1033 1034 1036 1037 1038 1076 1118 1119 1120 1123 1124 1125 1128 1129 1171 1190 1191 1194 1195 1202 1203 1204 1205 1206 1207 1208 1209 1211 1212 1295 1296 1297 1298 1299 1300 1301 1303 1304 1318 1332 1333 1335 1463 1480 1481 1482 1497 1498 1499 1500 1502 1507 1509 1510 1511 1512 1513 1520 1522 1523 1524 1550 1551 1552 
46 64 70 85 110 113 118 119 120 249 286 288 294 295 297 574 664 719 725 738 774 801 829 856 1059 1064 1076 1077 1079 1203 1204 1205 1206 1207 1208 1209 1210 1211 1212 1265 1291 1322 1325 1332 1333 1335 1409 
129 179 183 185 187 188 189 192 193 194 195 198 199 200 201 834 835 837 840 841 842 843 844 845 846 847 848 849 850 851 852 853 854 855 857 858 872 873 876 877 878 879 882 883 930 933 935 936 937 938 939 940 942 943 944 945 947 949 950 982 985 986 987 989 990 991 993 994 995 996 997 999 1002 1003 1178 1182 1183 1185 1186 1187 1188 1213 1214 1215 1216 1217 1218 1219 1220 1221 1222 1223 1224 1225 1226 1227 1228 1229 1230 1231 1232 1233 1234 1235 1236 1237 1238 1342 1345 1346 1347 1349 1350 1351 1352 1355 1356 1357 1358 1359 1360 1361 1363 1365 1366 1423 1426 1433 1436 1438 
191 121 122 124 125 126 127 130 131 132 133 134 135 136 137 138 139 140 141 143 144 148 150 153 155 156 158 163 171 174 175 176 179 181 183 184 187 188 189 192 193 194 195 198 200 201 834 835 836 837 838 839 840 841 842 844 845 846 847 848 849 850 851 852 853 854 855 856 857 858 872 873 876 877 878 879 881 882 883 884 923 925 926 927 930 931 932 933 934 935 937 938 939 940 942 943 944 945 947 948 949 950 975 978 979 982 984 985 986 989 990 991 993 994 995 996 997 999 1001 1002 1003 1174 1175 1177 1178 1179 1182 1183 1185 1187 1188 1239 1240 1241 1242 1243 1244 1245 1246 1247 1248 1249 1250 1251 1252 1253 1254 1255 1256 1257 1258 1259 1260 1261 1262 1263 1264 1265 1266 1267 1268 1336 1339 1340 1342 1343 1344 1345 1346 1350 1351 1352 1355 1356 1357 1358 1359 1360 1361 1363 1364 1365 1366 1367 1412 1416 1423 1426 1429 1432 1436 1438 
149 121 122 123 124 125 127 128 130 132 134 136 137 139 140 141 142 145 146 148 151 164 171 172 176 177 178 179 181 183 185 187 189 194 202 834 835 836 837 838 840 841 842 844 845 847 848 850 851 852 854 855 856 857 858 872 877 878 879 881 884 923 924 927 928 929 930 931 932 933 936 937 939 942 944 947 948 951 975 976 979 980 981 982 984 985 987 989 991 994 996 999 1001 1004 1172 1176 1177 1178 1183 1189 1269 1270 1271 1272 1273 1274 1275 1276 1277 1278 1279 1280 1281 1282 1283 1284 1285 1286 1287 1288 1289 1290 1291 1292 1293 1294 1336 1337 1340 1341 1342 1343 1345 1347 1350 1352 1355 1357 1359 1360 1363 1364 1367 1412 1413 1427 1429 1430 1431 1433 
152 6 7 8 10 14 17 18 20 21 22 26 27 30 34 39 40 42 50 64 70 75 86 139 238 250 300 301 302 304 309 310 312 313 314 315 316 382 383 386 387 390 391 447 448 451 454 459 460 461 489 490 491 492 497 498 500 501 502 503 504 505 509 510 512 517 520 521 523 575 623 629 631 632 636 637 639 640 641 642 643 644 645 665 702 705 709 713 719 725 729 739 740 741 742 745 746 747 749 763 775 790 802 830 857 965 967 970 973 1058 1059 1064 1068 1076 1078 1123 1124 1125 1128 1129 1237 1266 1292 1295 1296 1297 1298 1299 1300 1301 1302 1303 1304 1410 1453 1454 1458 1459 1463 1472 1473 1475 1477 1480 1481 1482 1485 1486 1490 1492 1497 1498 1539 
41 935 942 944 946 949 950 1305 1306 1307 1308 1309 1310 1311 1312 1313 1314 1315 1316 1317 1318 1319 1346 1355 1357 1361 1365 1366 1428 1439 1526 1527 1528 1529 1530 1531 1532 1533 1534 1536 1537 1538 
83 43 45 49 51 56 126 134 138 160 196 277 556 566 569 570 573 574 650 654 658 660 661 664 714 719 722 723 725 728 732 734 737 738 750 757 762 766 769 770 773 774 880 919 994 998 1053 1058 1059 1061 1062 1064 1067 1071 1072 1075 1076 1077 1079 1184 1320 1321 1322 1323 1324 1325 1326 1327 1328 1329 1330 1331 1332 1333 1334 1335 1344 1355 1361 1362 1397 1404 1407 1409 
35 19 41 106 169 257 296 311 332 339 362 401 440 477 483 486 499 522 638 692 748 863 956 1010 1016 1035 1048 1133 1156 1197 1334 1385 1449 1468 1508 1521 
55 319 322 1336 1337 1338 1339 1340 1341 1342 1343 1344 1345 1346 1347 1348 1349 1350 1351 1352 1353 1354 1355 1356 1357 1358 1359 1360 1361 1362 1363 1364 1365 1366 1367 1412 1413 1415 1416 1417 1422 1423 1424 1426 1427 1428 1429 1430 1431 1432 1433 1434 1436 1437 1438 1439 
53 166 170 204 207 210 261 340 394 405 416 425 428 441 462 464 468 478 500 528 535 545 639 647 693 804 864 867 885 953 957 962 1017 1036 1049 1128 1130 1135 1147 1153 1157 1159 1194 1201 1202 1208 1300 1373 1378 1379 1388 1469 1509 1522 
104 0 1 20 42 107 120 166 168 204 206 209 211 222 256 260 266 297 312 328 337 341 347 363 378 400 404 409 412 415 420 423 427 430 436 442 461 464 466 470 471 475 479 501 523 532 541 544 550 640 645 685 690 694 700 749 885 909 953 955 958 959 962 1007 1014 1018 1022 1037 1042 1050 1120 1125 1130 1132 1137 1138 1141 1146 1151 1153 1155 1158 1160 1191 1202 1205 1207 1212 1297 1299 1304 1335 1370 1372 1377 1384 1387 1391 1450 1466 1482 1502 1510 1523 1552 
30 576 584 587 588 594 624 654 658 666 703 708 710 1368 1369 1370 1371 1372 1373 1374 1375 1376 1377 1411 1440 1441 1442 1445 1447 1448 1450 
64 166 167 170 204 205 207 262 313 342 364 395 406 417 422 425 443 462 464 465 468 480 502 529 536 546 641 647 695 804 861 864 868 885 953 954 957 962 1019 1038 1051 1094 1095 1096 1129 1130 1131 1135 1148 1153 1154 1157 1195 1201 1202 1209 1296 1301 1374 1378 1379 1389 1470 1511 1524 
55 223 252 256 260 261 262 266 298 323 328 337 340 342 343 347 364 365 379 392 393 394 395 396 400 404 405 406 409 524 533 534 535 536 537 541 544 545 546 550 680 685 690 693 695 696 700 910 1023 1036 1038 1039 1378 1379 1483 1553 
59 140 212 217 219 220 222 245 248 366 371 374 376 378 380 388 569 573 577 622 625 796 800 824 828 831 852 858 947 999 1089 1161 1168 1169 1232 1236 1238 1260 1264 1287 1290 1363 1380 1381 1382 1383 1384 1385 1386 1387 1388 1389 1390 1391 1471 1476 1478 1479 1480 1482 
17 21 263 314 344 407 418 487 503 530 547 642 697 1149 1199 1210 1302 1375 
75 171 172 173 176 177 178 179 180 183 185 186 188 189 190 191 194 196 197 202 321 912 913 914 916 919 920 922 975 976 977 979 980 981 982 983 984 985 987 988 990 991 992 994 996 998 1000 1001 1004 1392 1393 1394 1395 1396 1397 1398 1399 1400 1401 1402 1403 1404 1405 1406 1407 1408 1409 1410 1411 1412 1413 1414 1417 1420 1421 1425 
14 264 315 345 408 429 504 548 643 698 869 1020 1211 1303 1390 
17 1412 1413 1414 1415 1416 1417 1418 1419 1420 1421 1422 1423 1424 1425 1426 1427 1428 
13 22 265 316 346 419 505 531 549 644 699 1021 1150 1376 
11 1429 1430 1431 1432 1433 1434 1435 1436 1437 1438 1439 
38 94 161 197 278 559 576 584 587 588 591 594 607 624 653 654 658 666 675 703 707 708 709 710 920 1000 1400 1411 1440 1441 1442 1443 1444 1445 1446 1447 1448 1449 1450 
48 92 93 97 146 151 153 162 178 185 188 557 558 559 560 564 567 568 569 575 581 600 604 607 608 609 611 613 618 619 623 628 921 981 987 990 1451 1452 1453 1454 1455 1456 1457 1458 1459 1460 1461 1462 1463 
62 4 5 6 11 15 17 19 20 21 24 31 37 39 41 42 57 60 225 279 444 445 452 458 459 461 507 513 518 520 522 523 552 578 648 676 715 751 777 806 832 834 881 948 964 968 971 1001 1054 1090 1240 1267 1270 1293 1364 1464 1465 1466 1467 1468 1469 1470 1526 
75 124 130 131 132 139 140 153 163 179 187 188 189 198 837 840 841 844 845 852 855 857 858 930 937 938 939 947 982 989 990 991 999 1082 1083 1088 1089 1185 1216 1217 1218 1223 1224 1232 1235 1236 1237 1238 1242 1244 1245 1249 1250 1257 1260 1263 1264 1266 1342 1350 1351 1352 1363 1471 1472 1473 1474 1475 1476 1477 1478 1479 1480 1481 1482 1483 
23 211 266 347 409 420 430 471 488 532 550 645 700 870 959 1022 1138 1151 1160 1200 1212 1304 1377 1391 
62 185 187 188 189 199 840 841 843 844 845 851 852 855 857 878 879 936 937 938 939 987 989 990 991 1186 1216 1217 1218 1221 1222 1223 1224 1226 1228 1230 1231 1232 1235 1237 1347 1349 1350 1351 1352 1359 1360 1433 1484 1485 1486 1487 1488 1489 1490 1491 1492 1493 1494 1495 1496 1497 1498 
126 95 200 226 229 230 239 240 245 246 280 448 451 452 455 456 458 459 460 461 553 557 558 569 571 579 582 583 585 586 589 592 593 595 596 598 604 626 677 778 781 782 791 796 798 807 810 811 819 824 826 835 840 841 847 852 854 882 887 891 894 895 899 900 902 904 905 906 907 908 909 911 949 1002 1091 1099 1103 1106 1107 1112 1113 1115 1117 1118 1119 1120 1121 1187 1215 1217 1218 1227 1232 1234 1241 1244 1245 1254 1260 1262 1306 1307 1309 1310 1315 1318 1319 1365 1499 1500 1501 1502 1503 1504 1505 1506 1507 1508 1509 1510 1511 1527 1528 1529 1532 1536 1538 
33 23 205 207 317 333 357 422 424 425 437 465 467 468 506 634 646 687 911 974 1011 1030 1079 1121 1126 1131 1134 1135 1154 1157 1192 1319 1503 1517 
128 96 133 201 226 229 230 235 236 238 246 281 447 448 451 452 453 454 458 459 460 461 553 557 558 565 571 580 582 583 584 585 586 589 590 591 596 598 604 614 627 678 778 781 782 787 788 790 798 807 810 811 817 826 835 840 841 846 854 883 887 890 891 894 895 896 898 902 906 907 908 909 911 950 1003 1092 1099 1102 1103 1106 1107 1108 1109 1111 1115 1118 1119 1120 1121 1188 1215 1217 1218 1225 1234 1241 1244 1245 1251 1252 1262 1306 1307 1309 1310 1311 1313 1315 1318 1319 1366 1512 1513 1514 1515 1516 1517 1518 1519 1520 1521 1522 1523 1524 1527 1528 1529 1531 1538 
26 4 6 21 24 58 97 251 282 299 300 314 315 444 507 581 628 679 803 833 884 1093 1268 1294 1367 1451 1525 
37 322 935 941 942 944 946 948 949 950 1346 1354 1355 1357 1360 1361 1364 1365 1366 1367 1424 1428 1437 1439 1526 1527 1528 1529 1530 1531 1532 1533 1534 1535 1536 1537 1538 1539 
113 59 62 63 64 65 67 69 70 71 79 81 83 84 122 124 125 134 164 176 179 202 224 227 229 230 233 234 242 245 247 248 283 671 776 779 781 782 785 786 793 796 799 800 805 808 810 811 815 816 821 824 827 828 836 837 838 840 841 848 852 855 922 927 930 932 942 951 979 982 984 994 1004 1082 1083 1088 1089 1189 1269 1272 1273 1274 1277 1278 1283 1284 1287 1289 1290 1340 1342 1343 1355 1393 1394 1396 1398 1399 1404 1408 1540 1541 1542 1543 1544 1545 1546 1547 1548 1549 1550 1551 1552 1553 
