109:733
39 0 51 52 122 165 185 192 193 194 197 205 211 212 328 332 333 335 373 374 418 423 424 426 430 431 452 491 492 494 537 543 546 607 608 652 653 654 698 715 
19 51 84 192 194 212 328 333 374 410 416 418 424 429 431 492 608 652 654 689 
56 1 2 3 4 5 6 7 8 9 10 11 12 13 14 15 101 104 105 106 107 108 109 110 111 148 152 153 154 157 160 164 243 348 353 360 496 499 509 516 575 577 579 580 582 584 586 587 588 589 592 601 606 629 632 643 650 
11 16 17 18 19 20 21 22 23 24 25 26 
45 16 27 28 29 30 31 32 33 34 35 36 37 38 39 41 45 46 47 50 53 222 223 226 228 229 230 232 238 239 240 243 248 249 295 312 678 679 681 682 683 685 687 688 691 693 
11 40 41 42 43 44 45 46 47 48 49 50 
6 0 415 489 651 657 658 
17 69 166 186 198 212 213 424 429 431 432 492 547 661 673 689 699 707 
34 4 14 27 51 52 101 122 124 125 126 127 132 143 144 205 206 208 209 210 281 338 392 442 460 462 470 472 476 517 558 575 613 616 720 
28 53 54 55 56 57 58 59 60 61 62 63 64 65 66 67 68 312 313 314 315 316 317 318 319 320 321 322 323 
11 128 167 168 187 199 200 425 493 689 690 700 
92 40 69 70 71 72 73 74 75 76 77 78 79 80 82 83 157 160 226 227 229 232 239 241 252 253 254 255 257 258 259 262 264 267 268 269 270 272 273 276 278 282 283 284 285 286 288 293 347 365 393 394 395 396 397 399 404 473 474 475 477 479 484 497 520 521 522 524 527 532 560 561 562 564 568 574 590 617 618 620 624 628 630 679 680 682 685 688 721 722 724 727 732 
56 17 54 77 78 79 80 81 82 83 241 248 249 251 296 313 347 355 357 359 365 370 372 497 504 505 511 513 515 617 618 619 620 621 622 624 628 630 636 637 645 647 649 679 680 681 682 683 685 688 721 722 723 724 725 727 732 
10 1 28 77 91 129 173 252 267 381 439 
12 84 85 86 87 88 89 90 112 176 329 330 331 
8 87 88 89 90 112 147 176 576 
10 90 112 147 150 155 498 576 581 591 631 
15 91 92 93 94 95 96 97 98 99 100 102 103 106 107 110 
11 101 102 103 104 105 106 107 108 109 110 111 
25 55 112 113 114 115 116 147 150 151 155 161 242 297 326 366 498 506 576 581 583 585 591 598 631 639 
18 56 57 61 62 63 64 117 118 119 120 121 315 316 319 320 321 448 449 
32 4 6 10 14 27 36 41 101 108 122 123 124 125 126 127 132 134 138 143 144 148 222 243 348 442 499 575 577 584 592 632 720 
82 27 28 29 30 32 33 35 36 37 38 39 41 45 50 128 129 130 131 132 133 134 135 136 137 138 139 140 141 142 143 144 145 146 148 149 152 153 156 157 160 164 222 223 226 232 238 239 240 243 348 349 353 360 499 500 501 509 516 575 577 578 579 580 582 584 586 587 588 592 593 601 606 632 633 643 650 678 679 685 687 688 691 
7 147 148 149 150 151 152 153 
17 154 155 156 157 158 159 160 161 162 163 164 365 366 367 368 369 370 
50 28 29 33 38 91 92 94 95 97 98 99 100 102 106 128 129 130 131 135 136 139 140 142 143 145 146 149 165 166 167 168 169 170 171 172 173 174 176 177 179 180 181 182 183 184 223 349 501 578 678 
12 173 174 175 176 177 178 179 180 181 182 183 184 
32 42 185 186 187 188 189 190 191 224 234 244 287 292 344 350 398 403 404 462 465 468 471 476 478 483 484 502 518 529 571 594 634 
81 2 15 70 76 99 113 130 140 143 145 165 171 172 180 182 183 192 193 194 197 203 204 211 212 217 218 219 220 253 268 282 332 333 335 336 337 373 374 378 379 380 382 393 418 430 431 435 436 437 438 452 456 457 458 459 461 473 537 538 541 542 543 545 546 551 552 553 607 608 610 611 612 662 669 674 698 701 705 706 708 714 
95 2 3 7 15 29 70 71 74 76 78 92 94 99 130 131 135 140 143 145 165 168 169 171 172 174 176 180 182 183 194 195 196 197 200 201 203 204 253 254 268 269 282 283 332 333 334 335 336 337 373 374 375 376 378 379 380 382 383 393 394 430 431 433 434 435 436 437 438 440 473 474 546 549 550 551 552 607 608 609 610 611 612 662 663 666 669 698 701 703 705 706 708 709 711 714 
30 91 92 93 94 95 97 98 99 100 103 106 173 174 175 176 177 179 180 181 182 183 184 197 198 199 200 201 202 203 204 
36 43 205 206 207 208 209 210 225 245 281 291 338 343 351 392 402 460 462 464 467 470 472 476 482 503 517 519 558 559 570 595 613 616 626 635 720 
82 2 5 6 7 9 10 15 30 32 69 70 72 73 74 76 79 82 104 105 130 133 134 135 137 138 140 143 145 157 211 212 213 214 215 216 217 218 219 220 226 253 255 258 262 268 270 272 276 282 284 286 393 395 397 441 444 473 475 477 520 521 553 554 555 560 561 579 580 617 661 662 664 665 666 669 673 674 675 676 677 679 721 
44 6 7 10 30 73 74 79 105 134 135 138 212 214 215 216 218 221 255 270 284 361 362 363 395 406 407 408 409 441 475 521 548 549 550 551 554 561 580 665 666 670 671 676 677 
63 16 18 19 20 21 22 53 56 57 58 61 62 63 222 223 224 225 226 227 228 229 230 231 232 233 234 235 236 237 238 239 240 241 243 244 245 246 248 249 250 251 295 298 299 300 303 304 305 312 314 315 316 317 319 445 448 691 692 693 694 695 696 697 
22 16 17 18 19 20 21 22 23 24 25 26 241 242 243 244 245 246 247 248 249 250 251 
97 19 40 46 48 49 56 117 118 157 158 160 161 226 227 228 229 231 232 233 237 239 241 248 250 251 252 253 254 255 256 257 258 259 260 261 262 263 264 265 266 298 315 347 355 358 359 365 370 497 504 506 511 514 515 520 521 522 523 524 525 526 527 528 531 532 617 618 619 620 622 623 624 625 628 630 636 639 645 648 649 679 680 681 682 684 685 686 688 694 721 722 723 724 726 727 728 732 
103 20 40 44 48 49 57 118 120 121 157 160 161 162 163 226 227 229 231 232 233 235 236 237 239 241 246 250 251 267 268 269 270 271 272 273 274 275 276 277 278 279 280 282 283 284 285 286 288 289 290 293 294 299 316 347 352 358 359 365 497 506 507 508 514 515 520 521 522 524 525 526 527 528 530 531 532 617 618 620 622 623 624 625 627 628 630 639 641 642 648 649 694 696 697 721 722 724 726 727 728 729 730 732 
64 20 21 40 42 43 44 46 47 48 49 57 58 61 63 224 225 226 227 228 229 230 231 232 233 234 235 236 237 239 241 244 245 246 248 249 250 251 281 282 283 284 285 286 287 288 289 290 291 292 293 294 299 300 303 305 316 317 445 692 693 694 695 696 697 
29 295 296 297 298 299 300 301 302 303 304 305 306 307 308 309 310 311 312 313 314 315 316 317 318 319 320 321 322 323 
12 312 313 314 315 316 317 318 319 320 321 322 323 
12 192 194 328 410 413 416 418 429 490 654 659 689 
17 85 194 195 410 411 413 414 416 417 418 419 486 655 659 660 689 690 
29 55 59 68 297 301 318 324 325 326 327 356 366 371 446 498 505 506 507 512 591 597 598 599 603 631 637 639 641 646 
48 4 51 52 93 122 124 126 127 132 143 175 182 185 188 189 190 191 197 202 203 204 205 206 208 209 210 256 271 328 384 423 424 426 427 428 442 462 476 491 492 494 495 613 698 702 704 705 706 
8 90 112 150 176 329 330 331 581 
55 70 71 72 74 76 78 80 227 253 254 258 259 268 269 272 273 282 283 286 288 332 333 334 335 336 337 339 382 383 385 386 389 393 394 397 399 473 474 477 479 522 562 618 680 698 701 703 705 706 708 709 710 711 714 722 
33 60 61 63 302 303 305 338 339 340 341 342 343 344 345 346 350 351 352 358 447 502 503 506 507 508 514 634 635 639 640 641 642 648 
14 347 348 349 350 351 352 353 354 355 356 357 358 359 360 
43 30 32 34 79 81 117 158 228 255 258 260 284 286 289 361 362 363 364 395 397 400 504 521 523 525 554 555 556 561 563 566 596 619 622 636 664 665 666 675 676 677 681 723 
8 365 366 367 368 369 370 371 372 
65 28 29 31 32 38 70 71 72 74 75 76 77 78 83 229 252 253 254 257 258 264 267 268 269 272 278 282 283 285 286 373 374 375 376 377 378 379 380 393 394 396 397 404 473 474 477 484 524 564 620 662 663 664 666 668 669 682 708 709 710 711 712 713 714 724 
89 44 48 61 118 120 121 161 162 163 227 231 233 235 236 237 239 246 250 282 283 286 288 289 290 293 294 303 339 340 341 342 345 346 352 358 381 382 383 384 385 386 387 388 389 390 391 393 394 397 399 400 401 405 506 507 508 514 522 525 526 528 530 531 532 562 566 567 569 572 573 574 598 599 600 604 618 622 623 625 627 628 639 641 642 648 692 694 696 697 
107 22 40 42 43 44 46 48 49 61 62 63 117 118 119 120 121 157 158 160 161 162 163 224 225 226 227 228 229 231 232 233 234 235 236 237 239 241 244 245 246 248 250 251 303 304 305 319 365 367 370 392 393 394 395 396 397 398 399 400 401 402 403 404 405 448 497 502 503 504 506 507 508 511 514 515 517 518 519 520 521 522 523 524 525 526 527 528 529 530 531 532 630 634 635 636 639 640 641 642 645 648 649 692 694 695 696 697 
35 30 34 39 79 81 159 230 284 289 294 324 325 406 407 408 409 505 554 556 557 561 565 566 597 621 622 637 670 671 672 676 677 683 693 725 
66 5 7 15 32 72 74 94 99 114 133 135 145 176 183 212 214 215 218 220 258 272 286 333 334 335 361 362 364 374 375 376 380 385 397 410 411 412 431 433 434 436 438 454 457 459 463 477 540 541 544 545 549 550 551 555 608 609 611 664 666 675 677 703 705 710 711 
28 6 73 115 123 134 207 214 221 361 406 407 413 414 421 453 464 486 487 533 539 548 549 655 656 665 671 676 716 
37 85 87 168 194 195 196 200 214 221 329 334 361 375 407 410 411 413 414 416 417 418 419 420 421 425 433 486 487 493 544 549 609 655 656 689 690 716 
69 7 74 84 85 86 87 88 89 90 94 135 168 169 171 176 194 195 196 200 201 203 212 214 215 218 221 329 330 331 333 334 335 361 362 374 375 376 407 408 410 411 412 415 416 417 418 419 420 431 433 434 436 454 457 540 541 544 545 549 550 551 608 609 611 666 677 703 705 711 
4 287 398 465 478 
87 2 7 8 15 33 70 74 76 80 94 95 99 106 130 135 136 140 143 145 165 168 169 171 172 176 177 180 182 183 197 200 201 203 204 253 259 268 273 282 288 332 333 334 335 336 337 382 386 393 399 418 419 420 430 431 433 434 435 436 437 438 443 473 479 546 549 550 551 552 607 608 609 610 611 612 662 666 667 669 698 701 703 705 706 708 711 714 
34 34 81 260 274 289 325 340 361 363 387 400 406 407 409 421 422 464 466 470 480 525 533 534 535 536 539 541 556 566 614 622 665 671 676 
33 231 256 261 266 271 275 280 290 341 384 388 391 401 423 424 425 426 427 428 476 481 526 567 623 684 698 699 700 702 704 705 706 726 
18 9 69 82 96 137 178 212 213 262 276 429 431 432 444 547 661 673 707 
104 2 3 5 7 8 9 15 29 32 33 35 69 70 71 72 74 76 78 80 82 92 94 95 96 99 106 107 130 131 133 135 136 137 140 143 145 160 174 176 177 178 180 182 183 232 253 254 258 259 262 268 269 272 273 276 282 283 286 288 393 394 397 399 430 431 432 433 434 435 436 437 438 440 443 444 473 474 477 479 527 546 547 549 550 551 552 568 582 624 661 662 663 664 666 667 669 685 707 708 709 710 711 714 727 
20 243 439 440 441 442 443 444 632 638 643 650 679 685 687 688 720 721 727 731 732 
7 445 446 447 448 449 450 451 
57 113 114 115 116 118 151 161 233 237 253 258 263 265 268 272 277 279 282 286 294 326 342 382 385 390 393 397 405 452 453 454 455 456 457 458 459 461 463 464 469 473 477 485 506 528 531 569 573 583 585 598 615 625 639 686 694 728 
24 0 52 86 192 193 194 328 335 410 412 415 416 418 426 488 489 490 494 651 653 654 657 658 659 
106 42 43 44 63 118 119 120 121 161 162 163 224 225 233 234 235 236 237 244 245 246 281 282 286 287 289 291 292 294 305 338 340 342 343 344 345 350 351 352 392 393 397 398 400 402 403 404 405 460 461 462 463 464 465 466 467 468 469 470 471 472 473 476 477 478 480 482 483 484 485 502 503 506 507 508 517 518 519 525 528 529 530 531 558 559 566 569 570 571 572 573 594 595 598 599 600 634 635 639 640 641 642 694 695 696 697 
99 23 63 64 118 119 120 121 157 160 161 162 163 241 244 245 246 250 251 305 306 320 347 350 351 352 358 359 365 368 449 472 473 474 475 476 477 478 479 480 481 482 483 484 485 497 502 503 506 507 508 514 515 517 518 519 520 521 522 524 525 526 527 528 529 530 531 532 558 559 560 561 562 564 566 567 568 569 570 571 572 573 574 590 594 595 598 599 600 604 605 630 634 635 639 640 641 642 648 649 
26 6 10 14 36 108 123 125 126 134 138 144 207 209 291 343 402 464 467 470 482 486 487 488 570 584 626 
23 51 52 124 170 189 202 208 328 374 377 424 426 427 489 492 494 495 652 653 654 704 712 717 
7 10 138 216 363 409 455 534 
12 11 97 139 171 179 203 335 389 490 551 611 705 
25 185 186 187 188 189 190 191 234 292 344 403 404 462 468 471 476 483 484 491 492 493 494 495 529 571 
72 54 55 56 57 59 60 61 62 63 64 65 66 67 68 296 297 298 299 301 302 303 304 305 306 307 308 309 310 311 313 315 316 318 319 320 321 322 323 365 366 367 368 369 370 371 372 446 447 448 449 450 496 497 498 499 500 501 502 503 504 505 506 507 508 509 510 511 512 513 514 515 516 
84 19 20 22 23 24 56 57 61 62 63 64 117 118 119 120 121 157 158 160 161 162 163 241 244 245 246 248 250 251 298 299 303 304 305 306 307 315 316 319 320 321 365 367 368 370 448 449 497 502 503 504 506 507 508 511 514 515 517 518 519 520 521 522 523 524 525 526 527 528 529 530 531 532 630 634 635 636 639 640 641 642 645 648 649 
41 120 162 235 274 279 289 294 325 327 340 345 387 390 400 405 464 466 469 470 480 485 507 525 530 533 534 535 536 539 541 566 572 599 614 622 627 641 671 672 696 729 
65 44 120 121 162 163 235 236 237 246 268 272 274 277 279 282 286 289 294 340 345 352 382 385 387 390 393 397 400 405 461 463 464 466 469 470 473 477 480 485 507 508 525 530 531 537 538 539 540 541 542 566 572 573 599 600 614 615 622 627 641 642 696 697 729 730 
38 113 114 151 237 253 258 263 268 272 277 282 286 382 385 393 397 452 454 456 457 458 459 461 463 473 477 531 537 538 540 541 542 543 544 545 573 585 615 
69 1 2 3 5 6 7 8 9 10 11 15 28 29 30 32 33 35 37 45 105 106 107 109 110 129 130 131 133 134 135 136 137 138 139 140 143 145 152 160 164 232 238 239 353 439 440 441 443 444 509 546 547 548 549 550 551 552 580 582 586 587 601 643 685 687 688 727 731 732 
5 125 422 486 659 660 
8 140 180 217 336 378 435 456 610 
25 157 158 159 247 354 369 504 505 510 553 554 555 556 557 560 561 563 565 566 596 597 602 636 637 644 
88 23 25 61 63 64 65 157 158 159 160 161 162 163 241 244 245 246 247 250 251 303 305 306 308 320 322 347 350 351 352 354 358 359 365 368 369 449 497 502 503 504 505 506 507 508 510 514 515 558 559 560 561 562 563 564 565 566 567 568 569 570 571 572 573 574 590 594 595 596 597 598 599 600 602 604 605 630 634 635 636 637 639 640 641 642 644 648 649 
56 26 55 66 154 155 156 157 160 161 164 242 243 297 309 323 348 349 353 360 366 496 498 499 500 501 506 509 516 575 576 577 578 579 580 581 582 583 584 585 586 587 588 589 591 592 593 598 601 606 629 631 632 633 639 643 650 
39 55 59 61 63 64 65 66 68 297 301 303 305 306 308 309 318 320 322 323 446 449 589 590 591 592 593 594 595 596 597 598 599 600 601 602 603 604 605 606 
108 1 2 3 5 7 8 11 15 28 29 32 33 37 70 71 72 74 76 77 78 80 91 92 94 95 97 99 106 110 129 130 131 133 135 136 139 140 143 145 173 174 176 177 179 180 182 183 239 252 253 254 258 259 267 268 269 272 273 282 283 286 288 293 346 381 382 383 385 386 389 393 394 397 399 439 440 443 473 474 477 479 532 546 549 550 551 552 574 587 607 608 609 610 611 612 628 688 698 701 703 705 706 708 709 710 711 714 732 
26 67 245 246 310 351 352 503 506 507 508 613 614 615 616 622 625 626 627 635 639 641 642 720 728 729 730 
60 54 56 57 61 67 296 298 299 303 310 311 313 315 316 347 351 352 355 357 358 359 365 370 372 450 497 503 504 505 506 507 508 511 513 514 515 616 617 618 619 620 621 622 623 624 625 626 627 628 630 635 636 637 639 641 642 645 647 648 649 
66 54 55 56 57 59 60 61 62 63 64 65 66 67 68 296 297 298 299 301 302 303 304 305 306 307 308 309 310 311 313 315 316 318 319 320 321 322 323 446 447 448 449 450 451 629 630 631 632 633 634 635 636 637 638 639 640 641 642 643 644 645 646 647 648 649 650 
39 52 86 89 126 171 190 192 193 194 203 209 218 328 331 335 410 412 415 416 418 426 436 457 488 490 494 535 541 545 551 611 651 653 654 657 658 659 705 718 
10 12 140 141 143 652 653 715 717 718 719 
47 38 75 76 83 98 99 140 142 143 145 165 170 171 172 180 181 182 183 185 189 190 191 197 202 203 204 264 278 373 374 377 378 379 380 404 468 484 491 492 494 495 654 668 669 712 713 714 
32 6 10 13 39 111 115 116 134 138 265 279 294 390 405 406 407 409 453 455 464 469 485 533 534 539 557 655 656 671 672 676 716 
56 51 52 76 126 127 143 171 172 182 190 191 192 193 194 203 204 209 210 212 218 219 328 333 335 337 374 379 418 424 426 428 431 436 437 457 458 492 494 541 542 545 551 552 608 611 612 652 653 654 657 669 705 706 714 718 719 
16 14 52 125 126 144 209 422 470 486 488 535 536 541 658 659 660 
85 28 29 30 31 32 33 34 35 38 46 77 78 79 80 81 82 83 117 157 158 160 226 228 229 232 248 252 253 254 255 257 258 259 260 262 264 282 283 284 285 286 288 289 355 370 393 394 395 396 397 399 400 404 504 511 520 521 523 524 525 527 617 619 620 622 624 636 645 661 662 663 664 665 666 667 668 669 679 681 682 685 721 723 724 727 
9 15 99 145 183 220 364 380 438 459 
18 68 324 325 327 356 371 505 507 512 597 599 603 637 641 646 670 671 672 
41 30 32 34 39 47 79 81 82 226 228 230 249 282 284 286 289 294 357 372 504 505 513 617 619 621 622 636 637 647 673 674 675 676 677 679 681 683 693 721 723 725 
20 16 17 19 241 243 248 249 250 251 678 679 680 681 682 683 684 685 686 687 688 
24 100 128 146 166 167 168 184 186 187 198 199 200 266 280 391 424 425 471 492 493 689 690 699 700 
29 53 56 57 58 61 62 63 295 298 299 300 303 304 305 312 314 315 316 317 319 445 448 691 692 693 694 695 696 697 
78 48 227 231 239 250 252 253 254 256 258 259 261 266 267 268 269 271 272 273 275 280 282 283 286 288 290 293 339 341 346 358 381 382 383 384 385 386 388 389 391 393 394 397 399 401 473 474 476 477 479 481 514 522 526 532 562 567 574 604 618 623 628 648 680 684 688 698 699 700 701 702 703 704 705 706 722 726 732 
76 49 77 78 80 82 83 160 227 229 232 239 251 252 253 254 257 258 259 262 264 267 268 269 272 273 276 278 282 283 285 286 288 293 359 393 394 396 397 399 404 473 474 477 479 484 515 522 524 527 532 562 564 568 574 605 618 620 624 628 649 680 682 685 688 707 708 709 710 711 712 713 714 722 724 727 732 
24 6 10 12 13 39 50 111 134 138 140 141 143 153 240 360 516 588 606 650 715 716 717 718 719 
51 17 19 20 54 56 57 67 241 243 245 246 248 249 250 251 296 298 299 310 313 315 316 451 630 632 635 636 637 638 639 641 642 643 645 647 648 649 650 720 721 722 723 724 725 726 727 728 729 730 731 732 
