106:717
49 22 151 154 155 165 175 182 203 204 207 208 209 293 294 300 302 329 362 382 414 450 465 466 474 475 479 480 495 512 545 546 551 554 569 570 575 576 580 585 586 593 594 605 621 651 674 694 695 702 
28 138 139 145 184 185 186 187 189 238 239 351 352 353 354 355 385 387 388 462 540 541 595 612 704 705 706 707 708 
75 0 1 2 3 4 5 6 7 8 9 10 11 12 13 14 15 16 23 26 27 28 29 30 31 33 168 172 173 174 175 176 178 180 181 182 303 306 308 310 311 312 313 315 330 334 335 337 338 342 347 396 397 399 412 415 416 417 418 427 430 439 652 656 657 659 660 666 671 675 676 677 679 680 683 687 
5 17 18 19 20 21 
43 22 23 24 25 26 27 28 29 30 31 32 33 34 35 36 37 38 126 128 393 394 396 397 399 400 403 405 407 408 411 412 413 425 426 427 430 431 433 434 436 438 439 440 
24 5 10 13 14 15 16 23 94 95 96 97 168 175 181 182 230 235 236 237 261 303 330 652 675 
19 39 40 41 42 43 44 45 46 47 48 49 50 51 52 53 54 55 56 127 
11 60 94 146 276 463 486 567 581 596 606 710 
45 57 58 59 78 79 80 81 82 83 84 98 169 175 177 180 181 182 250 254 256 257 258 259 260 262 304 331 363 372 379 381 382 424 455 460 496 504 509 511 512 516 524 529 622 653 
36 17 40 44 47 60 61 62 63 64 65 66 67 68 69 70 213 214 216 217 218 219 221 519 520 522 523 529 558 624 627 629 642 655 659 660 661 
91 24 27 29 31 39 71 72 73 78 80 81 83 84 99 172 173 174 176 180 182 210 213 214 216 218 221 250 251 252 253 255 257 258 260 263 265 267 269 305 308 311 313 322 323 324 325 326 327 328 332 366 367 368 369 371 379 382 393 415 416 418 425 451 452 453 454 487 491 492 493 494 499 500 501 502 503 509 512 519 520 522 523 529 623 654 711 712 713 714 715 716 
77 25 27 29 31 40 60 61 62 63 64 67 68 69 74 75 76 77 100 172 173 174 176 180 213 214 216 218 221 322 323 324 325 326 327 333 366 367 368 369 371 373 379 380 394 426 451 453 454 456 459 486 487 490 491 492 493 499 500 501 502 503 505 509 510 519 520 522 523 529 624 655 710 711 712 713 714 715 
5 101 170 364 497 517 
76 18 39 41 43 78 79 80 81 82 83 84 98 99 103 106 169 172 173 174 175 176 177 180 181 182 331 332 336 344 363 366 367 368 369 371 372 377 379 381 382 393 395 451 452 453 454 455 460 496 499 500 501 502 503 504 509 511 512 516 519 520 521 522 523 524 526 529 559 622 623 626 636 653 654 658 668 
12 85 86 87 88 89 90 91 92 93 273 274 275 
35 5 10 13 14 15 16 23 33 94 95 96 97 168 175 178 181 182 230 235 236 237 261 270 303 315 330 334 342 396 652 656 666 675 676 683 
25 98 99 100 101 102 103 104 105 106 107 108 109 393 394 395 397 399 400 404 405 406 407 408 409 410 
3 87 110 273 
37 111 112 113 114 115 116 117 118 119 120 121 122 123 335 336 338 340 342 346 348 349 560 643 657 658 660 663 666 670 672 677 678 680 682 683 686 688 
5 124 125 126 127 128 
60 0 57 61 71 74 78 83 129 138 140 142 147 148 150 185 187 188 190 192 194 195 198 202 207 239 250 277 356 357 386 388 389 441 442 462 464 474 487 493 531 544 548 551 555 568 575 582 593 597 599 600 607 608 611 613 615 616 709 711 715 
32 111 113 114 117 118 119 120 121 122 123 129 130 131 132 133 134 135 136 137 336 342 346 348 349 658 666 670 672 678 683 686 688 
35 138 152 171 202 207 211 240 291 365 385 386 464 468 474 477 498 518 544 548 549 551 552 568 572 575 578 582 583 593 600 601 603 690 708 709 
129 0 1 2 3 4 7 8 11 13 15 26 27 29 31 42 102 111 112 113 116 120 122 139 140 141 142 143 144 145 147 148 150 172 173 174 176 180 182 212 213 214 216 218 221 227 228 229 232 234 235 237 264 265 267 269 277 278 279 281 284 285 287 289 290 306 308 311 313 322 323 324 325 326 327 328 335 366 367 368 369 371 379 382 397 415 416 418 427 446 451 452 453 454 487 491 492 493 494 499 500 501 502 503 509 512 519 520 522 523 529 531 532 533 534 535 539 607 608 610 611 625 657 677 711 712 713 714 715 716 
47 145 146 147 148 149 150 227 228 229 230 231 232 233 234 235 237 264 265 266 267 268 269 306 307 308 309 311 312 313 397 398 415 416 417 418 427 428 429 531 532 533 534 535 536 537 538 539 
103 22 28 30 32 33 34 35 37 38 44 45 51 52 55 85 86 90 91 104 105 108 109 151 152 153 154 155 156 157 158 159 160 161 162 163 164 165 166 167 171 172 175 176 177 178 179 180 181 182 183 329 337 338 339 342 343 345 348 349 350 399 400 407 408 430 431 434 436 518 519 523 524 525 528 529 530 621 627 628 630 634 635 637 640 641 651 659 660 662 666 667 669 672 673 674 679 680 681 683 684 685 688 689 
62 168 169 170 171 172 173 174 175 176 177 178 179 180 181 182 183 329 330 331 332 333 334 335 336 337 338 339 341 342 343 344 345 346 347 348 349 350 559 561 563 565 644 651 652 653 654 655 656 657 658 659 660 662 664 666 667 668 669 670 671 672 673 
112 0 1 61 62 71 72 74 75 76 77 78 83 111 129 131 135 136 139 140 141 142 143 145 147 148 150 153 172 184 185 186 187 188 189 190 191 192 194 195 196 198 199 200 202 207 213 227 241 250 251 277 278 289 290 292 322 356 357 358 359 360 366 385 386 389 390 391 441 442 443 444 445 464 468 474 477 478 487 493 499 519 531 539 544 548 549 551 552 553 568 572 575 578 579 582 584 593 600 601 603 604 607 608 611 616 617 618 619 691 711 712 715 
102 0 1 2 11 27 61 62 63 68 71 72 74 75 76 77 78 80 83 111 112 120 139 140 141 142 143 145 147 148 150 172 173 180 186 187 188 213 214 227 228 234 241 242 248 250 251 252 257 265 277 278 284 289 290 308 322 323 326 356 357 358 359 360 366 367 379 389 390 391 415 441 442 443 444 445 451 487 491 493 499 500 509 519 520 529 531 532 539 607 608 611 616 617 618 619 691 692 699 711 712 713 715 
5 3 130 279 452 533 
100 43 78 79 80 83 84 103 111 113 114 117 120 122 129 130 131 135 136 137 145 147 148 150 172 174 175 177 180 182 189 190 191 192 193 213 215 216 222 227 229 230 233 234 237 250 251 253 254 256 257 260 266 267 277 278 279 280 282 284 287 289 290 309 311 336 366 368 372 379 382 416 429 447 452 453 455 487 488 489 491 493 494 499 501 504 509 512 519 521 522 524 529 531 533 534 536 539 626 658 678 
58 0 1 5 6 8 13 28 30 44 61 62 65 66 67 69 104 153 154 155 156 157 163 172 175 176 194 195 196 197 198 199 200 201 202 203 204 206 207 213 217 221 310 312 337 338 399 417 430 481 519 523 531 539 627 659 660 679 680 
67 22 28 30 32 34 38 44 45 86 104 151 152 153 154 155 156 157 161 162 163 165 171 172 175 176 180 182 202 203 204 205 206 207 208 329 337 338 339 350 399 400 430 431 480 481 482 483 485 518 519 523 529 621 627 628 630 641 651 659 660 662 673 674 679 680 681 689 
31 17 21 39 40 42 43 44 46 47 49 54 55 56 209 210 211 212 213 214 215 216 217 218 219 220 221 222 223 224 225 226 
48 124 227 228 229 230 231 232 233 234 235 236 237 261 264 265 266 267 268 269 270 272 303 306 307 308 309 311 312 313 315 317 396 397 398 402 410 412 415 416 417 418 421 427 428 429 432 437 439 
97 0 4 11 29 61 64 68 71 72 74 75 76 77 78 80 83 113 120 129 131 135 136 139 140 141 142 143 145 147 148 150 174 180 189 190 191 192 216 229 234 238 239 243 248 250 253 257 267 277 284 289 290 311 324 326 356 357 358 359 360 368 379 416 441 442 443 444 445 453 487 491 493 501 509 522 529 531 534 539 582 590 593 595 597 599 607 608 611 616 617 618 619 693 699 711 713 715 
23 90 93 125 240 241 242 243 244 245 246 247 248 249 562 621 630 631 634 635 639 640 641 645 
34 250 251 252 253 254 255 256 257 258 259 260 262 263 265 266 267 269 271 304 305 308 309 311 313 316 393 401 415 416 418 424 425 429 435 
30 124 261 262 263 264 265 266 267 268 269 270 271 272 393 396 397 398 401 402 410 412 424 425 427 428 429 432 435 437 439 
3 273 274 275 
13 138 185 187 239 352 353 355 388 462 541 704 705 707 
92 42 43 46 54 87 110 111 112 113 114 116 117 118 120 121 122 212 213 214 215 216 218 221 222 223 224 227 228 229 230 232 233 234 235 236 237 264 265 266 267 269 270 272 276 277 278 279 280 281 282 283 284 285 286 287 288 289 290 306 308 309 311 313 315 317 335 336 342 346 397 402 410 415 416 418 421 427 429 432 437 446 447 448 449 657 658 666 670 677 678 683 686 
36 22 32 33 34 35 37 38 126 291 292 293 294 295 296 297 298 299 300 301 302 314 315 318 320 321 407 408 411 414 419 420 422 423 434 436 438 
34 302 303 304 305 306 307 308 309 310 311 312 313 314 315 316 317 318 319 320 321 393 396 397 398 399 401 402 405 407 408 410 411 412 413 
20 24 25 26 27 29 31 322 323 324 325 326 327 328 393 394 397 403 425 426 427 
30 329 330 331 332 333 334 335 336 337 338 339 340 341 342 343 344 345 346 347 348 349 350 559 560 561 563 565 643 644 647 
27 5 59 65 79 114 137 154 175 193 201 203 230 254 280 293 392 465 479 488 545 554 557 569 580 585 605 694 
18 6 66 115 155 201 204 231 294 392 466 479 546 554 570 580 586 605 695 
35 5 6 13 30 65 66 69 114 115 145 154 155 156 163 175 197 201 203 204 206 217 230 231 235 268 312 338 351 352 392 417 481 610 660 680 
13 205 295 353 385 386 467 547 548 571 587 696 708 709 
25 7 13 31 69 81 139 145 218 235 258 269 285 313 327 354 355 369 418 454 492 502 535 610 700 714 
28 47 61 62 63 64 67 68 69 70 213 214 216 218 219 221 356 357 358 359 360 361 519 520 522 523 529 629 661 
81 18 19 20 21 39 40 41 42 43 48 49 50 51 52 53 54 55 56 88 90 91 92 362 363 364 365 366 367 368 369 370 371 372 373 374 375 376 377 378 379 380 381 382 383 384 559 563 565 566 621 622 623 624 625 626 630 632 633 634 635 636 637 638 640 641 651 653 654 655 657 658 662 664 665 666 667 668 669 670 672 673 
73 32 152 153 162 171 172 180 202 205 207 211 213 220 240 241 248 291 292 295 297 314 339 365 366 370 379 385 386 419 464 467 468 471 474 477 478 482 498 499 509 518 519 529 544 547 548 549 551 552 553 568 571 572 575 578 579 582 583 584 587 590 593 600 601 603 604 630 662 681 690 691 696 699 
67 0 8 61 67 71 74 76 77 78 83 116 139 140 142 143 145 147 148 150 157 176 194 195 198 199 200 202 207 221 232 244 250 255 277 281 289 290 325 356 357 359 360 371 387 388 389 390 391 441 442 444 445 487 493 503 523 531 539 607 608 611 616 618 619 697 711 715 
16 111 112 114 115 116 120 338 340 389 390 391 392 660 663 680 682 
24 57 71 74 138 140 148 185 187 188 190 195 239 353 357 386 388 442 462 548 555 597 608 613 709 
21 393 394 395 396 397 398 399 400 401 402 403 404 405 406 407 408 409 410 411 412 413 
28 124 126 128 414 415 416 417 418 419 420 421 422 423 424 425 427 428 429 430 432 433 434 435 436 437 438 439 440 
20 124 126 128 424 425 426 427 428 429 430 431 432 433 434 435 436 437 438 439 440 
11 241 242 243 244 248 441 442 443 444 445 631 
4 446 447 448 449 
10 48 101 170 341 364 404 497 517 632 664 
34 98 99 100 101 102 103 105 106 107 108 109 393 394 395 397 404 405 406 407 408 409 410 450 451 452 453 454 455 456 457 458 459 460 461 
15 58 72 75 131 141 191 196 358 443 468 549 556 572 601 617 
95 57 58 59 78 79 83 84 114 117 122 129 131 135 137 145 147 148 150 154 158 165 175 177 182 189 190 191 192 193 222 230 233 237 245 250 254 256 260 277 280 282 287 289 293 296 300 372 382 455 462 464 465 468 474 475 477 479 487 488 489 493 494 504 512 524 531 536 555 556 557 568 569 572 575 576 578 580 582 585 588 593 594 595 597 599 600 601 603 605 612 613 615 694 698 702 
107 22 32 33 35 37 49 55 88 105 108 109 209 211 213 220 222 223 225 226 302 314 315 318 320 329 339 342 348 349 362 365 366 370 372 374 375 378 379 381 382 383 405 414 419 422 433 450 455 457 460 461 463 464 465 466 467 468 469 470 471 472 473 474 475 476 477 478 479 495 498 499 504 506 507 509 511 512 513 514 518 519 524 525 528 529 530 621 630 633 634 640 651 662 665 666 672 690 691 694 695 696 698 699 700 701 702 703 
10 430 431 434 436 480 481 482 483 484 485 
84 19 39 40 42 43 50 99 100 102 103 106 172 173 174 175 176 177 180 182 332 333 335 336 344 366 367 368 369 371 372 373 377 379 380 382 393 394 397 406 451 452 453 454 455 456 459 486 487 488 489 490 491 492 493 494 499 500 501 502 503 504 505 509 510 512 519 520 521 522 523 524 526 529 563 623 624 625 626 636 654 655 657 658 668 
108 18 19 20 39 40 41 42 43 48 49 50 51 52 53 54 55 88 89 90 91 92 329 331 332 333 335 336 339 341 342 343 344 345 346 348 349 350 495 496 497 498 499 500 501 502 503 504 505 506 507 508 509 510 511 512 513 514 515 516 517 518 519 520 521 522 523 524 525 526 527 528 529 530 559 563 565 621 622 623 624 625 626 630 632 633 634 635 636 637 638 640 641 651 653 654 655 657 658 662 664 665 666 667 668 669 670 672 673 
87 39 40 41 42 43 44 45 47 48 49 50 51 52 53 54 55 56 85 86 88 89 90 91 92 127 274 516 517 518 519 520 521 522 523 524 525 526 527 528 529 530 558 559 563 564 565 566 621 622 623 624 625 626 627 628 629 630 632 633 634 635 636 637 638 640 641 642 646 651 653 654 655 657 658 659 660 661 662 664 665 666 667 668 669 670 672 673 
10 95 149 469 490 542 573 589 598 609 614 
9 531 532 533 534 535 536 537 538 539 
17 9 60 146 149 150 373 456 486 490 493 505 537 606 609 611 710 715 
28 10 94 95 97 132 159 276 283 374 457 463 469 470 474 506 542 543 567 573 575 581 589 593 596 598 599 614 615 
83 5 10 13 16 33 94 95 96 97 105 114 118 132 134 137 154 159 160 163 167 175 178 223 230 235 246 270 276 280 283 285 288 293 298 315 342 374 375 448 457 461 463 465 469 470 472 474 476 479 506 507 514 525 540 541 542 543 567 569 573 574 575 577 580 581 585 589 591 593 595 596 598 599 602 605 612 614 615 634 666 683 694 700 
7 34 161 376 420 458 483 508 
121 22 32 34 37 38 51 90 109 151 152 153 154 155 161 162 163 165 166 171 172 175 180 182 183 240 241 248 249 291 292 293 294 295 297 298 300 301 302 314 320 321 329 339 343 349 350 362 365 366 370 376 379 382 383 384 407 414 419 420 423 434 450 458 480 482 483 485 495 498 499 508 509 512 513 515 518 519 529 530 544 545 546 547 548 549 550 551 552 553 554 582 583 584 585 586 587 590 591 593 594 621 630 635 641 651 662 667 673 674 681 684 689 690 691 694 695 696 699 700 702 703 
41 78 79 80 83 84 106 175 177 180 182 250 254 256 257 260 271 316 344 372 377 379 382 435 455 487 488 489 491 493 494 504 509 512 524 526 529 555 556 557 636 668 
9 558 559 560 561 562 563 564 565 566 
171 22 32 33 34 35 37 38 52 55 91 105 108 109 151 152 153 154 155 158 159 160 161 162 163 164 165 166 167 171 172 175 177 178 179 180 181 182 183 291 292 293 294 295 296 297 298 299 300 301 302 314 315 318 320 321 329 339 342 345 348 349 350 362 365 366 370 372 374 375 376 378 379 381 382 383 384 408 414 419 420 422 423 436 450 455 457 458 460 461 480 482 483 484 485 495 498 499 504 506 507 508 509 511 512 513 514 515 518 519 524 525 528 529 530 567 568 569 570 571 572 573 574 575 576 577 578 579 580 581 582 583 584 585 586 587 588 589 590 591 592 593 594 621 630 634 637 640 641 651 662 666 669 672 673 674 681 683 685 688 689 690 691 694 695 696 698 699 700 701 702 703 
113 20 51 52 53 54 55 90 91 92 105 107 108 109 171 172 174 175 177 178 179 180 181 182 183 329 339 342 343 345 346 348 349 350 362 365 366 368 370 372 374 375 376 378 379 381 382 383 384 407 408 409 410 450 453 455 457 458 460 461 495 498 499 501 504 506 507 508 509 511 512 513 514 515 518 519 522 524 525 527 528 529 530 565 581 582 583 584 585 586 587 588 589 590 591 592 593 594 621 630 634 635 637 638 640 641 651 662 666 667 669 670 672 673 
109 54 105 107 110 113 114 117 118 120 121 122 129 131 132 133 134 135 136 137 174 175 177 178 180 181 182 216 222 223 224 229 230 233 234 235 236 237 267 270 272 276 277 280 282 283 284 285 286 287 288 289 290 311 315 317 342 346 368 372 374 375 379 381 382 410 416 421 437 448 449 453 455 457 460 461 501 504 506 507 509 511 512 514 522 524 525 527 529 581 582 585 588 589 590 591 592 593 594 595 596 597 598 599 634 638 666 670 683 686 
56 22 32 33 35 37 93 240 241 245 246 247 248 249 291 292 293 294 295 296 297 298 299 300 301 302 314 315 318 320 411 414 419 422 438 600 601 602 603 604 605 621 630 634 639 640 690 691 694 695 696 698 699 700 701 702 703 
76 0 1 2 3 4 5 6 7 8 9 11 12 13 15 26 27 29 30 31 172 173 174 175 176 180 182 227 228 229 230 231 232 234 235 237 264 265 267 268 269 306 308 311 312 313 335 338 347 397 412 415 416 417 418 427 439 531 532 533 534 535 537 538 539 606 607 608 609 610 611 657 660 671 677 680 687 
135 33 35 37 55 105 108 109 114 117 118 119 121 122 123 129 131 132 133 134 135 137 154 158 159 160 163 164 165 166 167 175 177 178 179 181 182 183 222 223 225 226 245 246 247 249 293 296 298 299 300 301 315 318 320 342 348 349 372 374 375 378 381 382 383 422 455 457 460 461 463 464 465 468 469 470 472 473 474 475 476 477 479 484 504 506 507 511 512 513 514 524 525 528 530 567 568 569 572 573 574 575 576 577 578 580 581 582 585 588 589 591 592 593 594 600 601 602 603 605 612 613 614 615 634 640 666 672 683 688 694 698 700 701 702 703 
47 11 58 68 72 75 80 83 120 131 141 142 150 162 180 191 192 207 234 248 257 284 297 326 358 379 443 468 471 474 491 493 509 529 549 551 556 572 575 590 593 599 601 611 617 699 713 715 
25 27 29 31 36 308 311 313 319 413 415 416 418 440 616 617 618 619 620 691 692 693 697 699 700 702 
44 85 86 88 89 90 91 92 93 125 127 274 275 558 559 562 563 564 565 566 621 622 623 624 625 626 627 628 629 630 631 632 633 634 635 636 637 638 639 640 641 642 645 646 648 
9 642 643 644 645 646 647 648 649 650 
4 647 648 649 650 
36 558 559 560 561 563 564 565 566 642 643 644 646 649 651 652 653 654 655 656 657 658 659 660 661 662 663 664 665 666 667 668 669 670 671 672 673 
19 560 643 650 674 675 676 677 678 679 680 681 682 683 684 685 686 687 688 689 
17 12 60 146 149 150 380 459 486 490 493 510 538 606 609 611 710 715 
54 22 27 29 31 32 33 34 35 36 37 38 128 302 308 311 313 314 315 318 319 320 321 405 407 408 411 413 414 415 416 418 419 420 422 423 433 434 436 438 440 690 691 692 693 694 695 696 697 698 699 700 701 702 703 
34 13 69 81 96 139 145 163 197 206 235 258 285 298 327 351 352 354 355 472 492 540 541 550 574 591 595 610 612 700 704 705 706 707 714 
36 13 14 59 81 82 96 121 133 137 163 164 181 235 236 258 259 285 286 298 299 381 460 472 473 479 511 574 580 591 592 595 605 612 700 701 705 
17 83 97 142 150 192 198 207 474 493 543 551 575 593 599 611 615 715 
47 15 59 70 73 83 84 97 122 137 142 144 150 165 182 192 193 207 208 237 260 287 300 328 361 382 474 475 479 493 494 512 551 554 557 575 576 580 593 594 599 605 611 615 620 702 715 716 
24 37 109 123 163 166 183 226 249 298 301 320 349 383 472 513 530 550 574 591 612 700 703 706 707 
16 16 97 134 167 288 461 474 476 514 543 575 577 593 599 602 615 
30 76 135 138 139 143 145 184 185 186 187 189 199 238 239 289 359 385 387 388 390 444 462 477 552 578 595 603 612 618 708 
26 77 136 139 145 184 185 186 187 189 200 238 239 290 360 385 387 388 391 445 478 539 553 579 595 604 619 
14 59 73 137 144 193 201 361 392 479 554 557 580 605 620 
60 38 152 162 165 171 180 182 202 205 207 208 240 248 291 295 297 300 321 350 365 379 382 384 423 485 498 509 512 515 518 529 544 547 548 549 551 552 554 568 571 572 575 576 578 580 582 583 587 590 593 594 641 673 689 690 696 699 702 708 709 
40 21 39 40 42 56 210 212 213 214 216 218 221 366 367 368 369 371 373 379 380 382 519 520 522 523 529 566 623 624 625 654 655 657 710 711 712 713 714 715 716 
