106:539
7 7 77 111 317 321 476 513 
12 8 77 78 86 109 111 112 283 317 476 477 513 
16 8 77 78 79 283 284 317 399 424 451 476 477 478 480 482 513 
19 75 81 299 318 320 338 339 344 390 392 400 403 425 440 452 461 483 487 499 
11 88 113 122 362 376 393 404 426 462 501 520 
62 0 1 2 3 4 5 6 16 17 20 21 22 23 49 50 51 52 54 55 56 57 59 62 63 64 65 68 73 150 159 160 162 166 171 173 174 185 274 286 287 288 289 291 292 294 297 298 310 322 323 329 333 336 337 346 353 357 360 361 415 514 516 
13 29 86 87 109 110 111 112 123 217 319 345 481 488 
19 31 88 89 97 113 114 122 124 126 197 198 235 393 394 464 501 502 520 521 
15 7 77 80 82 285 340 363 401 405 427 441 476 479 484 486 
13 8 363 364 369 377 424 427 428 433 441 445 493 504 
15 9 10 11 12 13 14 15 24 25 26 27 28 229 230 232 
15 16 17 18 19 20 21 22 310 311 315 453 514 515 516 517 
13 23 24 25 26 27 28 228 229 230 231 232 233 234 
8 89 114 124 198 235 394 502 521 
13 32 89 98 114 124 127 198 199 235 394 465 502 521 
22 1 6 29 30 49 63 88 89 91 97 98 101 105 286 464 465 466 473 501 502 503 527 
5 99 365 429 442 489 
33 31 32 33 34 35 36 37 38 39 40 41 42 153 156 158 177 179 181 183 301 302 303 304 306 307 312 314 529 530 532 534 537 538 
27 18 19 43 44 45 46 47 48 57 58 60 61 72 74 151 170 175 275 292 293 295 296 311 334 358 416 517 
58 23 49 50 51 52 53 54 55 56 57 58 59 60 61 62 63 64 65 66 68 72 73 74 162 165 166 170 171 173 228 274 275 278 280 310 311 315 322 323 325 327 329 333 334 336 337 346 349 351 353 357 358 360 361 415 416 421 454 
24 63 64 65 66 67 68 69 70 71 72 73 74 162 163 164 165 166 167 168 169 170 171 172 173 
11 75 76 466 469 470 520 522 523 524 525 528 
43 0 77 78 79 80 81 82 83 84 85 90 100 339 340 341 342 343 363 366 369 375 378 399 400 401 402 425 427 430 433 439 440 441 443 445 450 451 452 490 493 498 505 518 
5 81 82 83 84 85 
23 43 86 87 133 319 362 367 374 376 379 381 404 406 414 426 431 438 444 449 488 491 497 506 
26 88 89 90 91 92 93 94 95 96 97 98 99 100 101 102 105 152 176 464 465 466 467 473 527 530 531 
10 97 98 99 100 101 102 103 104 105 106 
18 9 12 15 24 107 108 140 149 153 177 192 196 246 253 301 312 386 417 
22 44 109 110 319 362 367 374 376 380 381 404 406 414 426 431 438 444 449 488 491 497 507 
28 29 76 86 87 91 109 110 111 112 115 117 123 200 217 319 345 367 381 395 406 431 444 463 481 488 491 503 522 
49 1 6 31 32 33 40 50 64 113 114 115 116 126 127 128 132 137 187 189 197 198 199 200 206 208 210 216 218 221 235 237 243 245 255 258 287 322 393 394 395 464 465 466 473 520 521 522 526 529 
5 117 118 119 120 121 
55 1 6 31 32 33 40 51 65 88 89 91 97 98 101 105 122 123 124 125 126 127 128 132 138 188 189 197 198 199 200 206 208 210 216 219 221 235 237 243 245 256 258 288 393 394 395 464 465 466 473 520 521 522 526 530 
7 126 127 128 129 130 131 132 
9 16 52 139 220 244 257 289 323 346 
13 75 92 118 201 209 236 320 338 344 392 396 461 523 
13 133 134 135 136 141 142 144 145 146 148 154 178 418 
30 137 138 139 140 141 142 143 144 145 146 147 148 149 153 154 155 156 158 177 178 179 180 181 183 417 418 419 420 422 455 
12 150 151 152 153 154 155 156 157 158 159 160 161 
12 162 163 164 165 166 167 168 169 170 171 172 173 
13 174 175 176 177 178 179 180 181 182 183 184 185 186 
51 9 10 11 12 13 14 15 24 25 26 27 28 137 138 139 140 141 142 143 146 147 148 149 153 155 156 158 177 179 180 181 183 187 188 189 190 191 192 193 194 195 196 229 386 387 388 389 417 419 420 422 
83 12 15 25 31 32 33 36 37 40 64 65 73 137 138 140 147 149 163 179 187 188 189 190 191 192 195 196 197 198 199 200 201 202 203 204 205 206 207 208 209 210 211 212 213 214 215 216 218 219 221 222 223 224 225 226 245 246 248 249 253 255 256 258 259 261 262 264 269 270 272 302 322 324 326 333 335 347 350 357 359 529 530 538 
79 10 12 14 15 25 26 64 65 68 73 137 138 139 140 143 147 149 155 163 164 166 179 180 187 188 189 190 191 192 195 196 209 210 211 212 213 214 215 216 218 219 220 221 222 223 224 225 226 227 255 256 257 258 259 261 262 264 265 269 270 272 273 276 313 322 323 324 326 329 333 335 346 347 350 353 357 359 387 419 
25 1 29 33 76 91 101 115 117 121 123 128 189 200 208 210 217 221 237 245 258 395 463 466 503 522 
41 10 11 12 14 15 25 26 27 218 219 220 221 222 223 224 225 226 227 230 276 277 281 313 314 322 323 324 326 329 333 335 346 347 348 350 353 357 359 419 420 456 
7 228 229 230 231 232 233 234 
3 232 233 234 
77 11 12 14 15 27 31 32 33 36 37 40 42 137 138 139 140 143 147 149 156 181 187 188 189 190 191 192 195 196 218 219 220 221 222 223 224 225 226 227 235 236 237 238 239 240 241 242 243 244 245 246 248 249 253 254 277 303 307 314 322 323 326 329 333 335 346 348 350 353 357 359 388 420 529 530 534 538 
11 244 245 246 247 248 249 250 251 252 253 254 
67 25 26 64 65 67 68 69 70 71 72 73 163 164 166 167 168 169 172 231 255 256 257 258 259 260 261 262 263 264 265 266 267 268 269 270 271 272 273 276 279 282 313 316 322 323 324 326 328 329 330 331 332 333 335 346 347 350 352 353 354 355 356 357 359 419 423 457 
9 274 275 276 277 278 279 280 281 282 
3 280 281 282 
32 34 45 93 96 102 283 284 285 340 341 342 343 363 369 372 375 382 385 427 433 436 439 441 445 450 451 467 492 493 498 508 511 
16 20 53 62 66 157 165 182 278 290 315 325 327 349 351 421 515 
36 150 151 157 159 160 162 165 166 170 171 173 174 175 182 185 286 287 288 289 290 291 292 293 294 295 296 297 298 310 311 315 458 514 515 516 517 
25 12 107 108 131 140 192 196 202 203 205 207 212 215 224 226 239 242 246 259 264 270 299 300 326 350 
10 318 368 383 403 407 425 432 440 487 509 
8 20 53 62 66 290 327 351 515 
11 301 302 303 304 305 306 307 308 309 312 314 
14 310 311 312 313 314 315 316 453 454 456 457 458 459 460 
21 8 77 78 79 83 283 284 317 341 369 399 408 424 433 445 451 476 477 478 482 493 
33 35 133 141 247 260 318 319 362 367 368 374 376 379 380 381 383 403 404 406 407 414 425 426 431 432 438 440 444 449 468 506 507 509 
38 2 36 54 75 118 119 120 121 129 190 201 202 204 208 209 211 212 214 222 236 238 239 241 248 261 320 392 393 396 397 398 461 462 469 520 523 524 525 
13 77 80 84 285 321 342 391 402 409 476 479 485 486 
40 23 25 26 27 228 230 231 233 310 311 313 314 315 316 322 323 324 325 326 327 328 329 330 331 332 333 334 335 336 337 415 416 419 420 421 423 454 456 457 459 
30 75 94 107 119 202 212 239 299 300 320 338 370 384 390 392 397 403 410 425 434 440 446 452 461 483 494 499 500 510 524 
5 88 92 94 95 338 
13 90 93 96 99 100 102 339 340 341 342 343 467 531 
30 3 37 55 75 76 117 118 121 130 191 200 201 208 209 213 223 236 240 249 262 344 345 392 395 396 461 463 470 522 523 
40 23 25 26 27 228 230 231 234 310 311 313 314 315 316 346 347 348 349 350 351 352 353 354 355 356 357 358 359 360 361 415 416 419 420 421 423 454 456 457 460 
8 7 77 80 285 321 476 479 486 
8 103 131 203 371 411 435 447 495 
57 34 35 38 39 41 99 100 102 103 104 133 134 135 136 141 142 146 148 193 194 196 247 250 251 252 304 362 363 364 365 366 367 368 369 370 371 372 373 374 375 376 377 378 379 380 381 382 383 384 385 467 468 471 472 474 532 537 
9 67 106 263 273 305 328 352 475 533 
36 13 28 34 35 38 39 41 141 142 146 148 158 183 193 194 196 247 250 251 252 304 306 376 377 378 379 380 381 382 383 384 385 389 422 532 537 
16 75 88 95 120 204 214 241 320 338 392 393 398 461 462 520 525 
4 386 387 388 389 
20 107 108 131 192 202 203 205 207 212 215 224 239 242 264 299 300 390 391 499 500 
92 1 2 3 6 14 17 20 31 32 33 36 37 40 42 50 51 54 55 56 59 62 64 65 68 73 137 138 143 147 166 187 188 189 190 191 195 209 210 211 212 213 214 216 218 219 221 222 223 225 227 235 236 237 238 239 240 241 243 245 248 249 254 255 256 258 261 262 265 269 273 287 288 291 294 307 322 329 333 353 357 392 393 394 395 396 397 398 516 529 530 534 538 
50 0 4 5 46 57 100 103 134 193 266 292 363 366 369 371 372 373 375 378 385 399 400 401 402 425 427 430 433 435 436 437 439 440 441 443 445 447 448 450 451 452 490 493 495 496 498 505 511 518 519 
30 69 103 167 260 270 271 308 330 354 403 404 405 406 407 408 409 410 411 412 413 414 468 474 506 507 509 510 511 512 535 
15 415 416 417 418 419 420 421 422 423 454 455 456 457 459 460 
17 38 104 250 267 363 364 369 377 424 427 428 433 441 445 471 493 504 
56 70 72 99 100 102 103 104 133 134 135 136 141 144 146 148 168 260 266 267 268 270 271 309 331 355 425 426 427 428 429 430 431 432 433 434 435 436 437 438 439 467 468 471 472 474 504 505 506 507 508 509 510 511 512 536 537 
39 71 72 133 134 135 136 141 145 146 148 169 260 266 267 268 270 271 332 356 440 441 442 443 444 445 446 447 448 449 450 504 505 506 507 508 509 510 511 512 
78 18 34 39 45 46 47 48 57 58 60 72 99 100 102 103 134 135 136 146 193 194 196 251 266 268 270 292 293 363 365 366 369 370 371 372 373 375 378 382 384 385 425 427 429 430 433 434 435 436 437 439 440 441 442 443 445 446 447 448 450 451 452 467 472 489 490 492 493 494 495 496 498 505 508 510 511 512 537 
8 453 454 455 456 457 458 459 460 
59 1 2 3 33 36 37 54 55 59 73 128 129 130 147 189 190 191 195 200 201 202 204 208 209 210 211 212 213 214 221 222 223 225 236 237 238 239 240 241 245 248 249 258 261 262 269 294 333 357 392 393 395 396 397 398 461 462 463 538 
31 152 161 176 184 186 304 305 308 309 464 465 466 467 468 469 470 471 472 473 474 475 527 528 529 530 531 532 533 535 536 537 
44 5 82 83 84 96 108 205 215 242 283 284 285 340 341 342 363 369 372 385 391 399 401 402 405 408 409 412 427 433 436 441 445 451 476 477 478 479 482 484 485 486 493 511 519 
23 6 29 30 40 91 105 115 116 123 125 132 200 206 208 216 243 395 473 480 481 503 522 526 
6 207 373 413 437 448 496 
65 48 60 103 107 108 131 136 196 202 203 205 207 212 215 226 239 242 270 299 300 363 369 370 371 372 373 384 385 403 405 408 409 410 411 412 413 425 427 433 434 435 436 437 440 441 445 446 447 448 451 452 482 483 484 485 486 493 494 495 496 499 500 510 511 512 
40 19 41 43 44 61 133 148 252 271 295 362 367 368 374 376 379 380 381 383 403 404 406 407 414 425 426 431 432 438 440 444 449 474 487 488 491 497 506 507 509 
32 18 19 43 44 45 46 47 48 57 58 60 61 72 74 170 292 293 295 296 334 358 489 490 491 492 493 494 495 496 497 498 517 
7 121 208 374 414 438 449 497 
25 15 107 108 131 149 192 196 202 203 205 207 212 215 224 226 239 242 253 264 270 272 335 359 499 500 
8 20 42 62 106 227 254 273 475 
19 1 6 21 49 63 97 98 101 105 159 171 185 286 297 336 360 501 502 503 
37 67 69 70 71 72 167 168 169 172 260 263 266 267 268 270 271 273 279 316 328 330 331 332 352 354 355 356 423 504 505 506 507 508 509 510 511 512 
18 30 77 78 79 85 116 125 283 284 343 375 399 439 450 451 480 498 513 
9 310 311 315 453 458 514 515 516 517 
13 0 4 5 22 57 160 173 292 298 337 361 518 519 
18 161 186 464 465 466 469 470 473 520 521 522 523 524 525 526 528 529 530 
24 152 153 156 158 161 176 177 179 181 183 184 186 527 528 529 530 531 532 533 534 535 536 537 538 
