142:1283
6 2 102 312 386 388 757 
30 0 1 269 313 325 341 391 401 411 423 700 774 792 808 839 965 981 986 997 1000 1012 1034 1039 1082 1223 1228 1261 1263 1275 1276 
53 1 154 169 269 270 313 314 325 326 341 342 391 395 401 402 411 423 424 580 725 750 792 793 808 809 822 831 839 840 865 965 981 982 986 987 1001 1012 1013 1026 1034 1035 1039 1082 1083 1189 1198 1223 1224 1261 1263 1264 1276 1277 
21 3 131 271 315 327 337 340 389 392 403 701 724 775 794 998 1036 1084 1225 1246 1278 1280 
54 2 3 4 5 103 131 132 133 155 159 160 170 208 315 317 321 322 327 328 336 343 403 405 409 410 425 508 581 601 726 731 732 794 795 797 804 805 810 866 884 988 1084 1085 1087 1091 1092 1195 1246 1247 1248 1265 1280 1281 1282 
39 3 4 5 44 103 106 208 209 211 327 328 330 336 353 413 425 428 469 508 510 601 603 726 731 732 794 795 797 798 804 805 810 813 853 905 931 988 990 1095 
36 104 155 171 272 316 317 329 338 339 344 390 393 404 405 426 456 582 702 726 776 796 797 811 823 832 841 867 885 989 1014 1027 1038 1086 1087 1187 1266 
147 6 7 8 9 10 11 12 13 14 15 16 17 18 19 20 21 22 23 24 25 44 45 46 48 49 50 51 52 54 57 58 59 60 61 62 63 64 66 69 70 71 73 134 135 136 138 139 140 141 142 143 145 146 147 149 150 151 152 181 182 255 256 300 551 552 553 555 556 557 558 559 561 562 563 566 567 653 654 656 657 658 659 662 664 688 692 699 703 704 706 707 708 709 713 714 717 718 719 720 721 758 1055 1059 1060 1063 1068 1078 1080 1081 1116 1117 1118 1119 1120 1121 1122 1123 1124 1126 1127 1128 1130 1135 1140 1141 1144 1148 1149 1157 1160 1162 1164 1171 1178 1182 1185 1186 1207 1208 1210 1211 1213 1214 1218 1220 1230 1231 
19 25 26 27 28 29 30 31 32 33 34 35 36 37 38 39 40 41 42 43 
49 6 105 131 158 172 196 210 236 313 315 320 325 327 335 341 345 354 401 403 408 411 423 427 437 509 583 602 619 724 730 792 794 803 808 812 821 868 886 986 996 1082 1084 1090 1096 1194 1246 1263 1267 1280 
139 25 26 28 29 32 43 44 45 46 47 48 49 50 51 52 53 54 55 56 57 58 59 60 61 62 63 64 65 66 67 68 69 70 71 72 73 300 301 302 304 309 566 567 568 569 571 573 574 575 577 579 653 654 655 656 657 658 659 660 661 662 663 664 665 666 688 690 691 692 694 697 699 758 760 761 763 768 1126 1127 1128 1129 1130 1131 1133 1134 1135 1136 1138 1139 1140 1141 1142 1144 1145 1146 1147 1148 1149 1157 1160 1161 1162 1163 1164 1165 1168 1170 1171 1172 1174 1178 1180 1182 1183 1184 1185 1186 1207 1208 1209 1210 1211 1212 1213 1214 1215 1216 1217 1218 1219 1220 1221 1222 1230 1231 1232 1233 1235 1245 
8 0 1 162 387 700 723 1150 1275 
18 4 132 155 317 338 339 390 393 405 456 726 776 797 1038 1087 1187 1247 1281 
46 74 75 76 77 78 79 80 81 82 83 84 85 86 87 88 89 90 91 92 93 94 95 96 97 98 99 100 101 256 259 260 261 262 263 264 265 266 267 306 308 311 759 765 767 769 771 
22 3 4 5 102 106 211 327 330 336 428 510 603 726 731 732 794 797 798 804 805 813 990 
10 4 132 339 390 393 776 1038 1187 1247 1281 
56 74 84 85 97 103 104 105 106 107 108 109 110 111 112 113 114 115 116 117 118 122 123 130 275 284 285 294 469 470 472 473 474 475 478 479 483 484 485 487 490 491 494 495 496 497 501 505 506 527 536 537 545 759 899 1056 1158 
15 118 119 120 121 122 123 124 125 126 127 128 129 130 759 769 
99 6 45 103 105 107 131 132 133 155 158 159 160 170 172 173 196 208 210 212 213 236 237 313 315 317 320 321 322 325 327 328 331 335 336 341 343 345 346 354 355 401 403 405 408 409 410 411 414 437 438 470 508 509 511 581 583 584 601 602 604 619 620 735 808 810 812 814 821 854 866 868 869 884 886 887 906 932 966 986 988 991 996 1002 1082 1084 1085 1087 1090 1091 1092 1096 1097 1098 1194 1195 1263 1265 1267 1268 
84 25 27 29 30 40 43 134 135 136 137 138 139 140 141 142 143 144 145 146 147 148 149 150 151 152 153 566 567 569 570 574 575 576 577 578 579 688 689 690 692 693 698 699 1125 1126 1127 1128 1129 1130 1135 1136 1138 1139 1140 1141 1142 1143 1144 1145 1148 1149 1157 1159 1160 1162 1163 1164 1171 1172 1174 1176 1178 1180 1181 1182 1183 1185 1186 1230 1231 1233 1234 1242 1245 
36 74 103 104 105 107 109 110 111 112 114 116 118 154 155 156 157 158 159 160 161 275 470 472 474 475 478 479 483 487 490 491 494 496 497 501 527 
69 107 131 158 160 165 167 173 213 237 315 320 322 327 331 335 346 403 408 410 429 438 511 584 604 620 724 730 732 772 773 791 794 799 803 805 814 821 824 833 842 848 849 869 887 983 985 991 996 998 999 1015 1020 1022 1028 1084 1090 1092 1098 1153 1155 1194 1195 1202 1203 1225 1226 1246 1268 1280 
11 107 108 162 164 165 167 168 1152 1153 1155 1156 
6 163 164 165 166 167 168 
20 7 46 214 220 231 238 439 471 492 512 588 597 605 630 701 736 907 952 1225 1249 
74 75 80 120 138 140 169 170 171 172 173 174 175 176 177 178 179 180 276 281 375 378 379 381 383 384 385 496 498 500 503 528 532 656 689 706 735 738 740 741 743 744 745 746 749 932 935 938 941 943 945 946 947 949 951 955 958 960 962 963 964 966 969 971 972 974 975 976 978 980 1042 1057 1115 1125 1159 
14 181 182 183 184 185 186 187 188 189 190 191 192 193 194 
3 193 194 195 
60 45 50 52 53 54 55 57 59 64 65 70 72 73 137 138 139 141 147 148 153 196 197 198 199 200 201 202 203 204 205 206 207 301 554 555 562 574 575 655 656 660 690 705 706 710 712 716 722 760 1058 1069 1071 1136 1139 1172 1174 1209 1210 1215 1217 
219 6 7 8 9 10 11 12 14 15 17 18 20 21 22 23 24 44 45 46 48 49 50 51 52 54 57 59 60 61 63 64 66 70 73 77 78 80 85 91 92 97 100 134 135 136 138 139 141 142 143 145 146 147 149 152 182 208 209 210 211 212 213 214 215 216 217 218 219 220 221 222 223 224 225 226 227 228 229 230 231 232 233 234 235 236 237 238 239 240 241 242 243 245 246 247 248 250 251 252 253 254 256 278 279 281 285 289 290 294 298 551 552 553 555 557 558 561 562 563 567 630 632 633 634 635 636 638 639 640 641 643 644 645 646 650 653 654 656 658 662 664 668 669 670 671 673 674 675 676 678 679 680 681 703 704 706 708 713 714 717 721 778 779 780 781 783 784 787 788 789 905 906 907 909 910 911 912 913 916 917 918 919 921 922 923 927 930 1059 1081 1116 1120 1121 1124 1126 1127 1140 1141 1149 1160 1178 1186 1207 1208 1210 1213 1218 1220 1231 1249 1250 1251 1252 1253 1254 1255 1257 1258 1259 1260 
150 28 44 45 46 48 49 50 51 52 54 57 59 60 61 62 63 64 66 69 70 71 73 236 237 238 239 240 241 242 243 244 245 246 247 248 249 250 251 252 253 254 256 257 302 551 552 553 555 557 558 559 561 562 563 567 568 630 632 633 634 635 636 638 639 640 641 642 643 644 645 646 649 650 651 653 654 656 657 658 659 662 664 668 669 670 671 673 674 675 676 678 679 680 681 685 686 691 761 905 906 907 909 910 911 912 913 916 917 918 919 920 921 922 923 926 927 928 930 1116 1118 1119 1120 1121 1122 1124 1126 1127 1130 1135 1140 1141 1144 1149 1160 1161 1164 1171 1178 1182 1186 1207 1208 1210 1211 1213 1214 1218 1220 1231 1232 
14 255 256 257 258 259 260 261 262 263 264 265 266 267 268 
49 47 55 76 269 270 271 272 273 274 277 442 444 474 477 496 499 515 517 529 580 582 585 586 587 588 597 598 606 608 610 631 667 738 739 831 832 834 835 836 885 888 889 890 898 908 914 955 957 1040 
87 33 34 39 42 182 186 187 188 191 194 275 276 277 278 279 280 281 282 283 284 285 286 287 288 289 290 291 292 293 294 295 296 297 298 299 305 306 308 311 759 764 765 767 769 771 1056 1057 1059 1060 1064 1065 1066 1067 1069 1070 1071 1072 1074 1075 1076 1077 1080 1081 1158 1159 1160 1162 1166 1168 1169 1172 1173 1174 1175 1177 1178 1179 1180 1181 1185 1186 1231 1236 1237 1239 1241 1244 
12 300 301 302 303 304 305 306 307 308 309 310 311 
68 104 109 155 159 171 174 215 272 274 312 316 317 321 329 332 336 344 347 388 390 393 394 396 404 405 409 426 430 582 585 606 726 727 731 751 776 777 796 797 800 804 811 815 823 825 832 834 867 870 885 888 989 992 1003 1014 1016 1027 1029 1037 1086 1087 1091 1187 1188 1190 1266 1269 1279 
162 6 10 11 12 14 22 23 24 45 48 52 57 70 73 77 119 134 139 208 210 212 213 215 217 218 219 220 221 222 223 228 229 230 231 232 233 235 236 237 241 242 243 245 252 253 254 278 313 314 315 316 317 318 319 320 321 322 323 324 325 326 327 328 329 331 332 333 334 335 336 437 438 442 443 445 447 453 454 455 470 474 475 478 483 486 487 490 493 496 497 508 509 511 515 516 518 519 524 525 526 530 551 580 581 582 583 584 585 586 587 588 589 590 591 594 595 596 597 598 599 601 602 604 606 608 609 611 612 616 617 618 632 635 638 650 653 668 673 703 778 906 909 912 916 923 927 930 986 987 988 989 991 992 993 994 995 996 1207 1250 1253 1254 1260 
159 6 10 11 12 14 17 22 23 24 44 45 48 49 52 54 57 59 70 73 77 78 80 134 135 138 139 141 208 209 210 211 212 213 215 217 218 219 220 221 222 223 225 228 229 230 231 232 233 235 236 237 241 242 243 245 247 252 253 254 278 279 281 325 326 327 328 329 330 331 332 333 334 335 336 437 438 442 443 445 447 449 453 454 455 493 496 497 498 501 508 509 510 511 515 516 518 519 521 524 525 526 551 552 555 601 602 603 604 606 608 609 611 612 614 616 617 618 632 633 635 636 638 639 650 653 654 656 668 669 671 673 674 703 704 706 778 779 781 905 906 909 912 913 916 917 923 927 930 1116 1127 1207 1208 1210 1250 1253 1254 1255 1257 1260 
61 8 50 104 155 157 197 216 220 231 239 337 338 339 340 356 373 398 399 426 440 472 494 513 582 588 597 607 621 701 702 726 729 733 737 753 754 794 796 797 802 806 811 832 841 843 850 885 910 933 953 967 989 1084 1086 1087 1089 1093 1099 1199 1204 1251 
68 8 9 50 51 104 136 216 220 231 234 239 240 340 356 357 373 374 415 421 423 426 440 441 472 473 494 495 513 514 553 607 634 670 753 754 756 780 792 794 796 797 802 806 808 811 839 841 843 850 852 855 899 910 911 933 934 953 954 967 968 986 989 1041 1099 1100 1113 1251 1252 
105 6 10 12 14 16 19 22 23 24 45 54 58 62 70 73 79 80 138 140 280 281 341 342 343 344 345 346 347 348 349 350 351 352 354 355 358 360 363 365 367 368 369 371 372 375 378 379 381 383 384 385 414 419 420 421 422 462 496 498 500 503 531 532 555 556 656 692 706 781 782 854 859 861 864 932 935 938 941 943 945 946 947 949 951 955 958 960 962 963 964 966 969 971 972 974 975 976 978 980 1042 1060 1117 1128 1162 1210 
161 29 44 45 50 51 52 54 57 58 59 61 62 64 66 69 70 71 72 73 136 138 139 140 141 143 144 147 149 150 151 153 183 258 353 354 355 356 357 358 359 360 361 362 363 364 365 366 367 368 369 370 371 372 373 374 375 376 378 379 380 381 382 383 384 385 462 463 464 465 466 467 468 531 532 533 537 538 540 542 545 546 548 550 569 577 656 657 658 659 661 663 664 692 699 706 707 708 709 711 715 717 718 719 720 722 953 954 955 956 958 959 960 961 962 963 964 1041 1042 1044 1045 1047 1048 1050 1051 1052 1054 1060 1061 1063 1068 1076 1078 1080 1117 1118 1119 1122 1123 1128 1129 1130 1135 1138 1142 1144 1148 1162 1163 1164 1171 1180 1182 1185 1210 1211 1213 1214 1216 1219 1220 1233 
129 29 30 43 136 138 139 140 141 143 144 147 148 149 150 151 152 153 183 184 192 303 373 374 375 376 377 378 379 380 381 382 383 384 385 528 531 532 533 537 538 540 542 543 544 545 546 548 549 550 569 570 577 578 579 656 657 658 659 661 663 664 689 692 693 698 699 706 707 708 709 711 715 716 717 718 719 720 721 722 762 1041 1042 1044 1045 1047 1048 1049 1050 1051 1052 1053 1054 1057 1060 1061 1063 1068 1076 1077 1078 1079 1080 1081 1125 1128 1129 1130 1135 1138 1142 1143 1144 1145 1148 1149 1159 1162 1163 1164 1171 1180 1181 1182 1183 1185 1186 1233 1234 1245 
53 110 155 156 159 175 217 273 274 317 321 333 336 348 386 387 388 390 391 393 394 397 405 409 411 431 586 726 728 731 752 776 777 797 801 804 816 826 835 871 889 993 1004 1017 1030 1037 1087 1088 1091 1187 1188 1191 1270 1279 
182 10 104 109 110 111 154 155 156 159 161 169 171 174 175 198 215 217 218 232 241 269 270 271 272 273 274 313 314 315 316 317 321 323 325 326 327 329 332 333 336 341 342 344 347 348 358 375 388 389 390 391 392 393 394 395 396 397 400 401 402 403 404 405 409 411 423 424 426 430 431 442 457 474 496 515 580 582 585 586 587 598 606 608 622 725 726 727 728 731 734 738 750 751 752 755 775 776 777 792 793 794 796 797 800 801 804 807 808 809 811 815 816 822 823 825 826 829 831 832 834 835 836 865 867 870 871 872 881 885 888 889 890 935 955 969 986 987 989 992 993 1001 1003 1004 1009 1012 1013 1014 1016 1017 1023 1026 1027 1029 1030 1031 1034 1035 1036 1037 1082 1083 1084 1086 1087 1088 1091 1094 1101 1189 1190 1191 1196 1253 1263 1264 1266 1269 1270 1276 1277 1278 1279 
148 10 11 22 52 104 109 110 111 112 116 154 155 156 157 159 161 198 199 205 215 217 218 219 220 228 231 232 241 242 252 313 314 315 316 317 321 323 325 326 327 329 332 333 336 358 359 367 375 376 383 392 393 394 395 396 397 398 399 400 416 423 424 426 430 431 442 443 453 474 475 483 496 497 515 516 524 580 582 585 586 587 588 594 597 598 606 608 609 616 635 725 726 727 728 729 731 733 734 750 751 752 753 754 755 792 793 794 796 797 800 801 802 804 806 807 808 809 811 815 816 856 912 935 936 945 955 956 962 986 987 989 992 993 1082 1083 1084 1086 1087 1088 1089 1091 1093 1094 1101 1102 1110 1253 1254 
28 45 50 52 53 57 59 70 73 137 139 141 196 197 198 199 202 203 205 395 396 397 398 399 400 554 655 705 1209 
272 6 10 12 14 22 23 24 45 54 70 73 80 120 138 169 170 171 172 173 174 175 176 177 178 179 180 196 198 201 202 205 206 207 208 210 212 213 215 217 218 221 223 228 229 230 232 233 235 236 237 241 243 245 252 253 254 281 325 326 327 328 329 331 332 333 334 335 336 341 342 343 344 345 346 347 348 349 350 351 352 354 355 358 360 367 368 369 371 372 375 378 383 384 385 401 402 403 404 405 406 407 408 409 410 411 412 414 419 420 422 437 438 442 445 447 453 454 455 457 458 461 462 470 474 476 483 486 487 490 496 498 508 509 511 515 518 519 524 525 526 532 555 580 581 582 583 584 585 586 587 589 590 591 594 595 596 598 599 601 602 604 606 608 611 612 616 617 618 636 650 656 671 706 735 738 743 744 745 746 749 781 854 859 861 864 865 866 867 868 869 870 871 872 874 875 876 877 878 879 881 882 884 885 886 887 888 889 890 891 892 895 896 897 906 913 923 927 930 932 935 938 945 946 947 949 951 955 962 963 964 966 969 974 975 976 978 980 986 987 988 989 991 992 993 994 995 996 1001 1002 1003 1004 1006 1007 1009 1011 1042 1210 1253 1255 1260 1263 1264 1265 1266 1267 1268 1269 1270 1271 1272 1273 1274 
36 31 185 413 414 415 416 417 418 419 420 421 422 462 463 464 465 466 467 468 692 699 780 781 782 784 785 786 788 789 1060 1062 1063 1068 1076 1078 1080 
169 6 8 9 10 11 12 13 14 17 22 23 44 50 51 52 57 59 61 69 71 81 85 136 139 141 143 150 151 236 237 239 240 241 242 243 244 245 247 252 253 353 354 356 357 358 359 360 361 362 364 367 368 370 373 374 375 376 378 380 383 384 413 415 416 417 418 421 423 424 425 426 427 428 429 430 431 432 433 434 435 436 463 464 533 537 553 558 634 635 638 639 641 649 651 657 658 670 673 674 676 685 686 707 708 719 720 780 784 853 855 856 857 858 860 862 905 910 911 912 916 917 919 926 928 931 933 934 935 936 938 939 940 942 945 946 948 950 953 954 955 956 959 962 963 1041 1044 1051 1052 1063 1095 1096 1098 1099 1100 1101 1102 1103 1104 1105 1106 1107 1110 1111 1113 1118 1130 1164 1211 1213 
148 32 44 45 46 47 48 49 50 51 52 54 55 56 57 59 60 61 63 64 66 68 69 70 71 73 304 437 438 439 440 441 442 443 444 445 446 447 448 449 450 451 452 453 454 455 551 552 553 555 557 558 559 561 562 563 571 573 630 631 632 633 634 635 636 637 638 639 640 641 643 644 645 646 648 649 650 651 653 654 656 658 659 662 664 667 668 669 670 671 672 673 674 675 676 678 679 680 681 684 685 686 694 763 905 906 907 908 909 910 911 912 913 914 915 916 917 918 919 921 922 923 925 926 927 928 930 1127 1131 1133 1135 1140 1141 1147 1149 1165 1168 1171 1178 1186 1207 1208 1210 1212 1213 1214 1218 1220 1235 
25 157 220 271 315 327 337 340 392 398 588 701 729 753 775 794 802 827 843 873 1005 1036 1084 1089 1199 1225 
35 55 200 271 272 377 444 456 459 477 499 517 582 588 597 610 701 702 739 823 827 828 832 867 873 880 885 914 937 957 970 1005 1008 1027 1036 1256 
22 281 286 288 292 293 296 299 305 457 458 459 460 461 764 1064 1069 1071 1076 1166 1172 1174 1180 
24 29 31 43 183 185 192 193 462 463 464 465 466 467 468 1060 1061 1062 1063 1068 1076 1078 1079 1080 1081 
124 33 74 76 77 80 82 83 84 85 86 87 89 90 94 95 96 97 98 101 118 119 120 121 122 123 124 125 126 127 128 129 130 186 259 261 264 265 275 277 278 281 282 283 284 285 286 288 292 293 294 295 296 299 469 470 471 472 473 474 475 476 477 478 479 480 481 482 483 484 485 486 487 488 489 490 491 492 493 494 495 496 497 498 499 501 502 504 505 506 527 529 530 532 534 535 536 537 539 541 542 543 544 545 547 550 759 769 1056 1065 1069 1070 1071 1072 1076 1077 1158 1168 1172 1173 1174 1175 1180 1181 1236 
118 33 34 39 42 74 75 76 77 78 79 80 82 83 84 85 86 87 88 89 90 92 94 95 96 97 98 99 101 186 187 188 191 194 259 260 261 262 263 264 265 267 275 276 277 278 279 280 281 282 283 284 285 286 287 288 290 292 293 294 295 296 297 299 306 308 491 492 493 494 495 496 497 498 499 500 501 502 503 504 505 506 759 765 767 769 1056 1057 1060 1065 1066 1067 1069 1070 1071 1072 1074 1076 1077 1080 1158 1159 1162 1168 1169 1172 1173 1174 1175 1177 1178 1180 1181 1185 1236 1237 1239 1241 1244 
1 507 
92 307 508 509 510 511 512 513 514 515 516 517 518 519 520 521 522 523 524 525 526 551 552 553 555 557 561 562 563 572 573 630 631 632 633 634 635 636 637 638 639 640 643 644 645 646 648 650 653 654 656 662 664 695 766 905 906 907 908 909 910 911 912 913 914 915 916 917 918 921 922 923 925 927 930 1127 1132 1133 1140 1141 1147 1149 1167 1168 1178 1186 1207 1208 1210 1212 1218 1220 1238 
66 29 30 33 39 40 41 42 43 183 184 186 188 189 190 191 192 303 310 527 528 529 530 531 532 533 534 535 536 537 538 539 540 541 542 543 544 545 546 547 548 549 550 759 762 769 770 1056 1057 1060 1061 1063 1065 1067 1068 1069 1070 1071 1072 1073 1074 1076 1077 1078 1079 1080 1081 
24 551 552 553 554 555 556 557 558 559 560 561 562 563 564 565 688 690 691 692 694 695 696 697 699 
14 566 567 568 569 570 571 572 573 574 575 576 577 578 579 
181 45 46 47 48 50 52 54 55 56 57 60 64 68 70 73 76 77 80 82 83 98 119 120 121 261 277 278 281 282 283 295 437 438 439 440 442 443 444 445 447 448 450 451 452 453 454 455 470 471 472 474 475 476 477 478 480 481 483 486 487 490 492 493 494 496 497 498 499 502 504 508 509 511 512 513 515 516 517 518 519 520 522 523 524 525 526 529 530 532 534 535 547 551 555 557 562 573 580 581 582 583 584 585 586 587 588 589 590 591 592 593 594 595 596 597 598 599 600 601 602 604 605 606 607 608 609 610 611 612 613 615 616 617 618 630 631 632 635 636 637 638 640 645 648 650 653 656 667 668 671 672 673 675 680 684 898 900 902 906 907 908 909 910 912 913 914 915 916 918 921 923 925 927 930 1065 1133 1147 1168 1207 1210 1212 
75 76 77 78 80 82 83 89 92 96 97 98 101 261 262 277 278 279 281 282 283 288 290 293 294 295 299 308 492 493 494 495 496 497 498 499 501 502 504 505 551 552 553 555 557 561 562 563 601 602 603 604 605 606 607 608 609 610 611 612 613 614 615 616 617 618 696 767 1065 1066 1071 1168 1169 1174 1178 1239 
59 45 50 64 67 69 70 71 72 309 562 564 565 577 619 620 621 622 623 624 625 626 627 628 629 645 647 649 650 651 652 663 665 666 680 682 683 685 686 687 697 768 906 910 921 923 924 926 927 928 929 1134 1142 1146 1170 1180 1184 1219 1221 1222 
100 28 32 35 302 304 307 309 567 568 571 572 573 577 630 631 632 633 634 635 636 637 638 639 640 641 642 643 644 645 646 647 648 649 650 651 652 653 654 656 657 658 659 662 663 664 665 666 691 694 695 697 761 763 766 768 1126 1127 1130 1131 1132 1133 1134 1135 1140 1141 1142 1144 1146 1147 1149 1160 1161 1164 1165 1167 1168 1170 1171 1178 1180 1182 1184 1186 1207 1208 1210 1211 1212 1213 1214 1218 1219 1220 1221 1222 1231 1232 1235 1238 1240 
80 25 26 28 29 30 32 35 36 43 195 507 653 654 655 656 657 658 659 660 661 662 663 664 665 666 1125 1126 1127 1128 1129 1130 1131 1132 1133 1134 1135 1136 1138 1139 1140 1141 1142 1143 1144 1145 1146 1147 1148 1149 1157 1159 1160 1161 1162 1163 1164 1165 1167 1168 1170 1171 1172 1174 1178 1180 1181 1182 1183 1184 1185 1186 1230 1231 1232 1233 1234 1235 1238 1240 1245 
67 28 32 37 43 567 568 571 573 577 579 667 668 669 670 671 672 673 674 675 676 677 678 679 680 681 682 683 684 685 686 687 691 694 697 1126 1127 1130 1131 1133 1134 1135 1138 1140 1141 1142 1144 1145 1146 1147 1149 1160 1161 1164 1165 1168 1170 1171 1178 1180 1182 1183 1184 1186 1231 1232 1235 1245 
12 688 689 690 691 692 693 694 695 696 697 698 699 
11 163 318 406 589 844 874 1006 1018 1151 1192 1200 
69 12 113 163 164 168 176 177 201 221 243 313 318 319 324 325 334 341 349 350 360 378 401 406 407 411 412 423 432 434 445 518 589 590 599 611 623 700 808 817 819 839 844 845 847 851 874 875 876 882 891 938 986 994 1006 1103 1151 1152 1156 1192 1193 1197 1200 1201 1205 1228 1229 1263 1271 1272 
21 13 244 361 423 433 434 446 624 808 818 819 839 846 847 851 939 1104 1201 1205 1228 1229 
44 46 50 55 56 83 283 439 440 444 471 472 477 492 494 499 512 513 517 535 582 588 597 605 607 610 630 637 672 701 702 736 737 739 832 885 900 907 910 914 915 952 953 957 1043 
80 25 29 30 38 40 42 43 181 182 183 184 189 191 192 300 301 303 703 704 705 706 707 708 709 710 711 712 713 714 715 716 717 718 719 720 721 722 1055 1057 1058 1059 1060 1061 1063 1068 1069 1071 1073 1074 1076 1077 1078 1079 1080 1081 1157 1159 1160 1162 1163 1164 1171 1172 1174 1176 1177 1178 1180 1181 1182 1183 1185 1186 1230 1231 1233 1234 1242 1244 1245 
23 162 164 177 319 334 350 407 411 434 700 723 819 847 876 994 1019 1150 1152 1193 1201 1229 1262 1272 
76 6 14 57 105 107 114 139 158 160 196 202 210 213 222 223 236 237 245 313 315 320 322 325 327 331 335 354 362 417 423 427 429 435 437 438 447 478 509 511 519 583 584 591 602 604 612 638 673 724 730 732 792 794 799 803 805 808 812 814 820 821 857 916 940 986 991 995 996 1082 1084 1090 1092 1096 1098 1105 1106 
47 14 114 158 178 202 223 245 313 315 320 325 327 335 341 351 401 403 408 411 423 435 447 519 591 612 625 724 730 792 794 803 808 820 821 877 892 986 995 996 1082 1084 1090 1106 1194 1246 1263 1273 
36 84 103 104 105 106 107 109 110 111 112 114 116 122 284 469 472 474 475 478 479 483 494 496 497 501 536 725 726 727 728 729 730 731 732 733 734 
92 39 75 76 80 83 86 87 89 94 95 96 101 120 124 125 126 128 129 188 263 264 276 277 281 283 286 288 292 293 296 299 492 494 496 498 499 500 503 504 528 529 532 535 539 541 542 543 544 550 735 736 737 738 739 740 741 742 743 744 745 746 747 748 749 1040 1042 1043 1046 1048 1049 1052 1054 1057 1067 1069 1070 1071 1076 1077 1125 1136 1137 1139 1142 1143 1159 1172 1173 1174 1180 1181 1241 
7 750 751 752 753 754 755 756 
23 15 115 165 166 167 224 246 448 520 592 613 757 790 791 893 984 985 1153 1154 1155 1225 1226 1227 
29 131 158 165 315 320 327 335 403 408 724 730 772 794 803 821 848 985 996 998 1020 1084 1090 1153 1194 1202 1225 1226 1246 1280 
14 758 759 760 761 762 763 764 765 766 767 768 769 770 771 
19 16 58 140 173 341 346 363 379 421 500 556 740 772 773 774 782 941 958 971 
119 10 17 59 104 109 110 111 141 154 155 156 157 159 161 198 203 215 217 218 220 225 231 232 241 247 325 326 327 329 332 333 336 358 364 375 380 395 396 397 398 399 400 418 423 424 426 430 431 442 449 474 479 496 501 515 521 606 608 614 639 674 725 726 727 728 729 731 733 734 750 751 752 753 754 755 775 776 777 792 793 794 796 797 800 801 802 804 806 807 808 809 811 815 816 858 917 935 942 955 959 986 987 989 992 993 1082 1083 1084 1086 1087 1088 1089 1091 1093 1094 1101 1107 1253 1257 
14 692 699 778 779 780 781 782 783 784 785 786 787 788 789 
36 15 18 60 142 213 224 237 246 248 438 448 450 480 502 511 520 557 584 592 604 613 640 675 783 790 791 887 893 918 983 984 985 1225 1226 1227 1258 
204 6 8 9 10 11 14 17 22 44 50 51 52 57 59 61 85 103 104 105 106 107 109 110 111 112 114 116 123 136 139 141 143 208 209 210 211 213 215 216 217 218 219 220 222 223 225 228 231 232 234 236 237 239 240 241 242 245 247 252 285 353 354 356 357 358 359 362 364 367 373 374 375 376 380 383 413 415 416 417 418 421 423 424 425 426 427 428 429 430 431 435 437 438 440 441 442 443 447 449 453 464 469 472 473 474 475 478 479 483 494 495 496 497 501 537 553 558 634 635 638 639 641 658 670 673 674 676 708 780 784 792 793 794 795 796 797 798 799 800 801 802 803 804 805 806 807 808 809 810 811 812 813 814 815 816 820 821 853 855 856 857 858 899 905 910 911 912 916 917 919 931 933 934 935 936 940 942 945 953 954 955 956 959 962 1041 1044 1095 1096 1098 1099 1100 1101 1102 1105 1106 1107 1110 1113 1213 1251 1252 1253 1254 1257 
201 6 8 9 10 11 12 13 14 17 22 23 44 45 50 51 52 57 59 61 66 69 70 71 73 136 139 141 143 149 150 151 236 237 239 240 241 242 243 244 245 247 252 253 353 354 355 356 357 358 359 360 361 362 364 367 368 370 371 372 373 374 375 376 378 380 383 384 413 414 415 416 417 418 420 421 422 437 438 440 441 442 443 445 446 447 449 453 454 464 465 468 537 538 545 553 558 559 563 634 635 638 639 641 646 649 650 651 658 659 664 670 673 674 676 681 685 686 708 709 717 719 720 780 784 785 789 808 809 810 811 812 813 814 815 816 817 818 819 820 821 853 854 855 856 857 858 860 861 862 864 905 906 910 911 912 916 917 919 922 926 927 928 930 953 954 955 956 959 962 963 1041 1044 1045 1050 1051 1052 1068 1095 1096 1097 1098 1099 1100 1101 1102 1103 1104 1105 1106 1107 1110 1111 1112 1113 1114 1119 1135 1171 1213 1214 1220 
79 55 64 65 72 86 96 101 124 147 148 153 198 200 204 286 293 299 457 459 460 474 477 481 482 489 496 499 504 539 544 550 562 574 660 710 716 722 738 739 742 748 822 823 824 825 826 827 828 829 830 831 832 833 834 835 836 885 887 888 889 890 901 904 935 937 944 955 957 961 969 970 973 1046 1049 1054 1069 1136 1172 1215 
83 76 83 86 87 94 96 101 124 125 128 264 277 283 286 292 293 296 299 471 472 474 477 481 482 483 488 489 492 494 496 499 504 529 535 539 542 544 550 736 737 738 739 742 743 744 747 748 831 832 833 834 835 836 837 838 898 900 901 903 904 952 953 955 957 961 962 963 1040 1043 1046 1048 1049 1052 1054 1069 1070 1076 1136 1137 1142 1172 1173 1180 
107 50 51 64 69 71 88 136 144 147 150 151 287 296 356 357 360 361 366 367 368 370 373 374 378 382 383 384 415 421 466 494 495 504 540 553 560 562 661 670 677 680 685 686 711 719 720 780 786 788 839 840 841 842 843 844 845 846 847 848 849 850 851 852 855 860 862 910 911 921 926 928 933 934 938 939 944 945 946 948 950 953 954 961 962 963 967 968 973 974 975 977 979 1041 1047 1051 1052 1098 1099 1100 1103 1104 1109 1110 1111 1113 1138 1216 
19 853 854 855 856 857 858 859 860 861 862 863 864 1210 1211 1213 1214 1216 1219 1220 
134 45 54 55 64 65 70 72 73 80 89 96 101 120 126 138 147 148 153 196 198 200 201 202 204 205 206 207 281 288 293 299 457 458 459 460 461 470 474 476 477 481 482 483 486 487 489 490 496 498 499 504 532 541 544 550 555 562 575 601 602 604 606 608 610 611 612 616 617 618 656 706 712 716 722 735 738 739 742 743 744 745 746 748 749 865 866 867 868 869 870 871 872 873 874 875 876 877 878 879 880 881 882 883 884 885 886 887 888 889 890 891 892 895 896 897 901 904 966 969 970 973 974 975 976 978 980 1042 1049 1054 1071 1139 1174 1210 1217 
77 76 80 83 86 89 90 96 98 101 120 124 126 127 265 277 281 283 286 288 293 295 299 470 471 472 474 476 477 480 481 482 483 486 487 489 490 492 494 496 498 499 502 504 529 532 535 539 541 544 547 550 769 884 885 886 887 888 889 890 891 892 893 894 895 896 897 898 900 901 902 904 1069 1071 1072 1172 1174 1175 
7 898 899 900 901 902 903 904 
27 2 5 102 133 159 166 274 312 321 336 386 388 394 409 731 757 777 790 804 1037 1091 1154 1188 1227 1248 1279 1282 
13 19 62 249 365 381 503 642 741 920 943 960 972 1108 
64 302 304 307 309 551 552 553 555 557 558 559 560 561 562 563 564 565 691 694 695 697 761 763 766 768 905 906 907 908 909 910 911 912 913 914 915 916 917 918 919 920 921 922 923 924 925 926 927 928 929 930 1207 1208 1210 1211 1212 1213 1214 1216 1218 1219 1220 1221 1222 
122 40 75 79 80 81 85 86 88 94 96 99 101 136 138 139 140 141 143 144 147 148 150 151 153 189 266 528 531 532 533 537 539 540 542 544 548 550 574 576 577 689 692 699 706 707 708 710 711 715 716 719 720 722 931 932 933 934 935 936 937 938 939 940 941 942 943 944 945 946 947 948 949 950 951 953 954 955 956 957 958 959 960 961 962 963 964 1041 1042 1044 1046 1047 1048 1049 1051 1052 1054 1057 1060 1063 1069 1073 1076 1080 1115 1117 1118 1123 1125 1128 1130 1136 1138 1142 1148 1159 1162 1164 1172 1176 1180 1185 1242 
102 29 40 41 43 183 189 190 192 310 528 529 531 532 533 535 537 538 539 540 542 543 544 545 546 548 549 550 770 952 953 954 955 956 957 958 959 960 961 962 963 964 1040 1041 1042 1043 1044 1045 1046 1047 1048 1049 1050 1051 1052 1053 1054 1057 1060 1061 1063 1068 1069 1070 1073 1076 1077 1078 1079 1080 1081 1125 1128 1129 1130 1135 1136 1137 1138 1142 1143 1144 1145 1148 1149 1159 1162 1163 1164 1171 1172 1173 1176 1180 1181 1182 1183 1185 1186 1233 1242 1243 1245 
16 20 226 250 451 522 580 589 593 599 615 894 965 981 982 1223 1224 
102 42 75 79 80 86 88 89 94 95 96 99 101 191 267 276 280 281 286 287 288 292 293 296 297 299 494 495 496 498 499 500 503 504 528 531 532 539 540 541 542 543 544 548 550 706 710 711 712 715 716 719 720 722 966 967 968 969 970 971 972 973 974 975 976 977 978 979 980 1041 1042 1046 1047 1048 1049 1051 1052 1054 1057 1060 1069 1071 1074 1076 1077 1080 1125 1128 1136 1138 1139 1142 1143 1148 1159 1162 1172 1174 1177 1180 1181 1185 1244 
64 7 15 18 20 21 46 60 63 64 91 142 145 147 213 214 220 224 226 227 231 234 237 238 246 248 250 251 289 438 439 448 450 451 452 511 512 520 522 523 557 562 630 640 643 645 675 678 680 713 783 788 907 918 921 981 982 983 984 985 1120 1140 1249 1258 1259 
195 6 8 9 10 11 12 14 17 22 23 24 44 45 48 50 51 52 54 57 59 66 70 73 77 80 92 97 134 136 138 139 141 146 149 208 209 210 211 212 213 215 216 217 218 219 220 221 222 223 225 228 229 230 231 232 233 234 235 236 237 239 240 241 242 243 245 247 252 253 254 278 281 290 294 437 438 440 441 442 443 445 447 449 453 454 455 493 494 495 496 497 498 501 505 508 509 510 511 513 514 515 516 518 519 521 524 525 526 551 553 555 561 563 601 602 603 604 606 607 608 609 611 612 614 616 617 618 632 634 635 636 638 639 644 646 650 653 656 662 664 668 670 671 673 674 679 681 703 706 714 717 778 780 781 787 789 905 906 909 910 911 912 913 916 917 922 923 927 930 986 987 988 989 990 991 992 993 994 995 996 1121 1141 1178 1207 1210 1218 1220 1250 1251 1252 1253 1254 1255 1257 1260 
68 21 64 147 204 213 227 234 237 251 366 382 421 438 452 460 481 504 511 523 562 584 600 604 620 626 645 680 742 788 824 830 833 839 842 848 849 852 869 883 887 921 944 961 973 981 983 985 997 998 999 1000 1010 1012 1015 1020 1022 1025 1028 1098 1109 1113 1202 1203 1206 1223 1225 1226 1259 
26 80 93 96 101 281 291 293 299 1001 1002 1003 1004 1005 1006 1007 1008 1009 1010 1011 1075 1179 1253 1255 1256 1259 1260 
115 64 71 72 94 101 128 147 151 153 292 296 299 358 366 367 368 375 382 383 384 421 457 460 467 474 481 483 488 489 496 504 542 550 562 577 620 622 626 627 628 645 651 652 663 680 686 687 715 720 722 738 742 743 744 747 748 788 831 832 833 834 835 836 837 838 862 863 903 904 921 928 929 935 944 945 946 950 955 961 962 963 969 973 974 975 979 1012 1013 1014 1015 1016 1017 1018 1019 1020 1021 1022 1023 1024 1025 1026 1027 1028 1029 1030 1031 1032 1033 1048 1052 1054 1076 1142 1180 1219 
80 94 95 96 101 128 129 147 148 151 153 292 293 296 299 375 377 382 383 384 474 477 481 482 483 488 489 496 499 504 542 543 544 550 577 578 663 698 715 716 720 722 738 739 742 743 744 747 748 901 903 904 955 957 961 962 963 969 970 973 974 975 979 1026 1027 1028 1029 1030 1031 1032 1033 1048 1049 1052 1054 1076 1077 1142 1143 1180 1181 
72 55 65 96 148 198 200 293 375 377 457 459 474 477 482 496 499 544 606 608 610 716 738 739 822 823 825 826 827 828 829 831 832 834 835 836 865 867 870 871 872 873 880 881 885 888 889 890 901 935 937 955 957 969 970 1001 1003 1004 1005 1008 1009 1026 1027 1029 1030 1031 1034 1035 1036 1037 1049 1253 1256 
89 22 104 116 154 155 169 171 179 205 228 252 313 314 316 317 325 326 329 341 342 344 367 383 393 395 401 402 404 405 411 423 424 426 453 483 524 580 582 594 616 627 725 726 743 750 792 793 796 797 808 809 811 831 832 837 839 840 841 865 867 878 885 895 945 962 974 986 987 989 1001 1012 1013 1014 1026 1027 1032 1038 1039 1082 1083 1086 1087 1110 1189 1198 1261 1263 1264 1266 
84 29 30 39 40 41 42 43 183 184 188 189 190 191 192 1040 1041 1042 1043 1044 1045 1046 1047 1048 1049 1050 1051 1052 1053 1054 1057 1060 1061 1063 1067 1068 1069 1070 1071 1073 1074 1076 1077 1078 1079 1080 1081 1125 1128 1129 1130 1135 1136 1137 1138 1139 1142 1143 1144 1145 1148 1149 1159 1162 1163 1164 1171 1172 1173 1174 1176 1177 1180 1181 1182 1183 1185 1186 1233 1234 1241 1242 1243 1244 1245 
53 25 29 30 31 33 34 38 39 40 41 42 43 181 182 183 184 185 186 187 188 189 190 191 192 193 194 1055 1056 1057 1058 1059 1060 1061 1062 1063 1064 1065 1066 1067 1068 1069 1070 1071 1072 1073 1074 1075 1076 1077 1078 1079 1080 1081 
202 6 8 10 11 14 17 22 45 50 52 57 59 66 70 73 97 103 104 105 107 109 110 111 112 114 116 130 139 141 149 208 210 212 213 215 216 217 218 219 220 222 223 225 228 231 232 233 235 236 237 239 241 242 245 247 252 294 354 355 356 358 359 362 364 367 371 372 373 375 376 380 383 414 416 417 418 420 422 437 438 440 442 443 447 449 453 468 470 472 474 475 478 479 483 487 490 494 496 497 501 505 508 509 511 513 515 516 519 521 524 545 563 601 602 604 606 607 608 609 612 614 616 635 638 639 646 650 664 673 674 681 717 789 808 809 810 811 812 814 815 816 820 821 854 856 857 858 861 864 906 910 912 916 917 922 927 930 953 955 956 959 962 986 987 988 989 991 992 993 995 996 1050 1082 1083 1084 1085 1086 1087 1088 1089 1090 1091 1092 1093 1094 1096 1097 1098 1099 1101 1102 1105 1106 1107 1110 1112 1114 1220 1251 1253 1254 1257 
15 19 62 249 365 381 546 642 718 920 960 1078 1108 1122 1144 1182 
164 43 44 45 50 51 52 57 59 61 62 64 66 69 70 71 73 136 139 141 143 144 147 149 150 151 152 192 268 373 374 375 376 378 380 381 382 383 384 463 464 465 466 468 533 537 538 540 545 546 549 553 558 559 560 562 563 579 657 658 659 661 664 670 673 674 676 677 680 681 685 686 707 708 709 711 717 718 719 720 721 780 784 785 786 788 789 905 906 910 911 912 916 917 919 920 921 922 926 927 928 930 953 954 955 956 959 960 961 962 963 1041 1044 1045 1047 1050 1051 1052 1053 1063 1068 1078 1079 1081 1095 1096 1097 1098 1099 1100 1101 1102 1103 1104 1105 1106 1107 1108 1109 1110 1111 1112 1113 1114 1118 1119 1122 1124 1130 1135 1138 1144 1145 1149 1164 1171 1182 1183 1186 1211 1213 1214 1216 1220 1245 
16 255 256 257 258 266 268 1115 1116 1117 1118 1119 1120 1121 1122 1123 1124 
40 195 507 1125 1126 1127 1128 1129 1130 1131 1132 1133 1134 1135 1136 1137 1138 1139 1140 1141 1142 1143 1144 1145 1146 1147 1148 1149 1230 1231 1232 1233 1234 1235 1238 1240 1241 1242 1243 1244 1245 
9 107 117 484 1150 1151 1152 1153 1155 1156 
14 107 108 113 115 117 484 485 506 1151 1152 1153 1154 1155 1156 
67 25 26 27 28 29 30 32 33 34 35 36 37 38 39 40 41 42 43 194 195 507 1157 1158 1159 1160 1161 1162 1163 1164 1165 1166 1167 1168 1169 1170 1171 1172 1173 1174 1175 1176 1177 1178 1179 1180 1181 1182 1183 1184 1185 1186 1230 1231 1232 1233 1234 1235 1236 1237 1238 1239 1240 1241 1242 1243 1244 1245 
71 23 177 180 206 229 253 313 318 319 324 325 334 341 350 352 368 384 401 406 407 411 412 423 434 436 454 525 589 595 599 617 628 744 808 819 838 839 844 847 851 874 876 879 882 896 946 963 975 986 994 1006 1012 1018 1019 1021 1024 1033 1111 1192 1193 1197 1200 1201 1205 1228 1229 1261 1262 1263 1272 1274 
147 12 23 24 169 171 174 175 176 177 180 201 206 207 215 217 221 229 230 232 243 253 254 313 314 315 316 317 318 319 321 323 324 325 326 327 329 332 333 334 336 341 342 344 347 348 349 350 352 360 368 369 378 384 385 401 402 403 404 405 406 407 409 411 412 419 445 454 455 461 486 518 525 526 580 582 585 586 589 590 595 596 598 599 606 611 617 618 623 628 629 744 745 859 865 867 870 871 874 875 876 879 881 882 885 888 889 891 896 897 923 938 946 947 963 964 975 976 986 987 989 992 993 994 1001 1003 1004 1006 1007 1009 1187 1188 1189 1190 1191 1192 1193 1196 1197 1260 1263 1264 1266 1269 1270 1271 1272 1274 
30 45 67 70 564 619 620 622 623 625 627 628 629 647 650 665 682 906 923 924 927 1189 1190 1191 1192 1193 1194 1195 1196 1197 1221 
37 50 64 69 71 562 565 620 621 623 624 626 627 628 645 649 651 666 680 683 685 686 910 921 926 928 1146 1184 1198 1199 1200 1201 1202 1203 1204 1205 1206 1222 
15 160 167 322 410 732 773 791 805 849 999 1022 1092 1155 1195 1203 
12 231 399 597 733 754 806 828 850 880 1008 1093 1204 
14 0 1 162 387 391 411 700 723 774 965 1000 1039 1150 1275 
28 300 301 302 304 307 309 758 760 761 763 766 768 1207 1208 1209 1210 1211 1212 1213 1214 1215 1216 1217 1218 1219 1220 1221 1222 
25 161 232 271 315 323 327 389 392 400 403 598 734 755 775 794 807 829 881 1009 1023 1036 1084 1094 1196 1278 
60 46 60 64 68 98 295 438 439 448 450 451 452 471 480 481 492 502 504 511 512 520 522 523 547 557 562 580 584 588 589 592 593 597 599 600 604 605 613 615 630 640 645 648 675 680 684 887 893 894 902 907 918 921 925 1147 1223 1224 1225 1226 1227 
56 12 13 23 69 150 243 244 253 360 361 368 370 378 384 423 432 433 434 436 445 446 454 623 624 628 649 685 719 808 817 818 819 839 844 845 846 847 851 860 926 938 939 946 948 963 975 977 1051 1103 1104 1111 1200 1201 1205 1228 1229 
19 194 195 507 1230 1231 1232 1233 1234 1235 1236 1237 1238 1239 1240 1241 1242 1243 1244 1245 
117 6 14 70 103 105 107 114 155 158 159 160 170 172 173 178 196 202 208 210 213 223 233 236 237 245 313 315 317 320 321 322 325 327 328 331 335 336 341 343 345 346 351 354 371 401 403 405 408 409 410 411 420 437 438 447 487 508 509 511 519 581 583 584 591 601 602 604 612 619 620 625 650 746 808 810 812 814 820 821 861 866 868 869 877 884 886 887 892 927 949 978 986 988 991 995 996 1082 1084 1085 1087 1090 1091 1092 1096 1098 1106 1112 1194 1195 1246 1247 1248 1263 1265 1267 1268 1273 
10 168 324 412 599 851 882 1024 1156 1197 1205 
46 77 78 80 85 91 92 93 96 97 100 101 182 256 278 279 281 285 289 290 291 293 294 298 299 311 771 1059 1075 1081 1160 1178 1179 1186 1231 1249 1250 1251 1252 1253 1254 1255 1256 1257 1258 1259 1260 
73 22 23 71 151 252 253 296 367 368 383 384 423 424 426 434 436 453 454 483 488 627 628 651 686 720 743 744 747 808 809 811 819 831 832 837 838 839 840 841 844 847 851 862 903 928 945 946 950 962 963 974 975 979 1012 1013 1014 1018 1019 1021 1024 1026 1027 1032 1033 1052 1110 1111 1198 1200 1201 1205 1261 1262 
93 6 10 12 14 19 22 23 24 45 54 62 70 73 80 99 138 281 297 354 355 358 360 365 367 368 369 371 372 375 378 381 383 384 385 414 419 420 422 462 496 498 503 532 548 555 656 699 706 781 854 859 861 864 932 935 938 943 945 946 947 949 951 955 960 962 963 964 966 969 972 974 975 976 978 980 1042 1080 1123 1148 1185 1210 1263 1264 1265 1266 1267 1268 1269 1270 1271 1272 1273 1274 
24 234 341 421 423 600 756 774 792 808 830 839 852 883 981 986 997 1000 1010 1012 1025 1113 1206 1223 1275 
10 100 152 298 549 721 1053 1081 1124 1149 1186 
67 72 101 153 198 299 358 375 457 474 489 496 550 606 608 622 652 687 722 738 748 822 823 825 826 829 831 832 834 835 836 863 865 867 870 871 872 881 885 888 889 890 904 929 935 955 969 1001 1003 1004 1009 1012 1013 1014 1016 1017 1023 1026 1027 1029 1030 1031 1054 1253 1276 1277 1278 1279 
95 6 73 103 105 107 155 158 159 160 170 172 173 196 208 210 213 235 236 237 313 315 317 320 321 322 325 327 328 331 335 336 341 343 345 346 354 372 401 403 405 408 409 410 411 422 437 438 490 508 509 511 581 583 584 601 602 604 749 808 810 812 814 821 864 866 868 869 884 886 887 930 951 980 986 988 991 996 1011 1082 1084 1085 1087 1090 1091 1092 1096 1098 1114 1263 1265 1267 1268 1280 1281 1282 
