180:2235
24 263 500 510 555 577 604 691 706 710 1177 1220 1257 1321 1323 1326 1367 1381 1511 1535 1568 1738 1850 1879 2108 
45 0 49 266 497 499 511 524 576 581 585 593 605 688 690 707 1175 1217 1219 1251 1253 1269 1325 1332 1338 1382 1398 1505 1507 1536 1553 1710 1739 1772 1811 1841 1853 1855 1857 1861 2101 2120 2121 2191 2195 2197 
74 0 264 265 266 290 497 499 501 511 512 514 524 525 576 578 581 582 584 585 593 594 605 606 607 695 707 708 714 1178 1179 1190 1217 1219 1221 1258 1259 1368 1382 1383 1385 1398 1399 1512 1536 1537 1553 1554 1569 1657 1710 1711 1739 1740 1755 1770 1771 1772 1811 1812 1841 1842 1853 1855 1861 1862 1880 2101 2102 2109 2120 2121 2195 2197 2212 
83 0 3 33 82 337 366 497 498 499 501 508 509 557 605 606 607 622 623 630 657 658 686 687 695 702 703 860 1029 1217 1218 1219 1221 1231 1232 1270 1368 1376 1377 1398 1399 1512 1513 1530 1531 1536 1537 1551 1552 1553 1554 1589 1640 1669 1710 1711 1739 1740 1753 1754 1755 1756 1811 1812 1823 1824 1854 1855 1861 1862 1954 1961 1998 2066 2109 2118 2119 2141 2163 2195 2196 2197 2198 2225 
31 48 232 498 513 526 553 575 583 595 624 689 709 1140 1187 1218 1252 1320 1324 1378 1384 1506 1532 1700 1843 1849 1854 1856 1874 2103 2190 2196 
27 1 188 189 233 236 265 514 554 556 578 584 607 704 705 1179 1259 1322 1327 1330 1331 1337 1379 1385 1607 1771 2102 2189 
14 1 2 4 29 34 336 338 362 558 798 861 1641 1887 1999 
284 3 4 5 6 7 8 9 10 11 12 13 14 15 16 17 18 19 20 21 22 23 24 25 26 27 28 29 30 31 32 33 34 35 36 37 39 40 41 42 43 44 45 46 47 52 53 56 58 59 60 62 64 66 68 69 70 71 73 75 76 79 80 81 93 98 99 101 102 103 104 107 108 111 112 139 141 146 154 155 157 162 163 167 303 304 309 316 317 319 323 324 327 391 396 398 399 400 401 404 405 408 456 459 461 468 469 471 475 480 557 558 559 561 562 563 565 566 569 570 572 573 574 659 666 667 668 670 727 731 741 748 749 754 882 883 885 887 895 897 898 900 904 905 912 945 948 950 952 953 954 955 956 957 958 961 964 966 1049 1050 1052 1054 1055 1057 1059 1062 1064 1065 1066 1067 1069 1070 1071 1073 1074 1077 1078 1079 1080 1084 1086 1088 1091 1092 1094 1096 1102 1106 1109 1112 1113 1114 1115 1116 1118 1119 1122 1124 1125 1126 1127 1133 1134 1137 1139 1148 1150 1152 1159 1160 1162 1165 1171 1343 1344 1348 1353 1355 1358 1359 1362 1429 1433 1444 1460 1463 1465 1467 1468 1469 1470 1471 1473 1474 1478 1481 1483 1608 1609 1612 1613 1614 1615 1618 1622 1623 1624 1625 1626 1628 1629 1631 1632 1635 1636 1637 1638 1639 1968 1970 1972 1974 1976 1978 1979 1981 1983 1984 1986 1987 1988 1993 1994 1997 2026 2028 2033 2045 2047 2052 2053 2057 2080 2090 2173 
268 33 34 35 36 37 38 39 40 41 42 43 44 45 46 47 52 53 54 55 56 57 58 59 60 61 62 63 64 65 66 67 68 69 70 71 73 74 75 76 77 79 80 81 93 94 95 96 97 98 99 100 101 102 103 104 106 107 108 109 110 111 112 113 115 119 139 141 142 144 145 146 147 151 154 155 157 158 162 163 167 170 172 207 273 303 304 305 307 308 309 310 313 316 317 319 320 323 324 327 331 391 392 393 394 395 396 397 398 399 400 401 403 404 405 406 407 408 482 727 728 731 732 734 741 743 748 749 754 760 945 946 948 949 950 951 952 953 954 955 956 957 958 961 962 964 966 967 968 969 973 978 1080 1081 1084 1085 1086 1087 1088 1091 1092 1094 1095 1096 1102 1103 1145 1148 1149 1150 1151 1152 1159 1160 1162 1163 1165 1171 1172 1233 1343 1344 1345 1347 1348 1349 1352 1353 1355 1356 1358 1359 1362 1365 1429 1430 1433 1434 1436 1444 1446 1457 1460 1461 1463 1464 1465 1466 1467 1468 1469 1470 1471 1472 1473 1474 1478 1479 1481 1483 1484 1485 1488 1496 1968 1969 1970 1971 1972 1973 1974 1975 1976 1977 1978 1979 1980 1981 1983 1984 1986 1987 1988 1992 1993 1994 1995 1997 2026 2028 2029 2031 2032 2033 2034 2040 2045 2047 2048 2052 2053 2057 2063 2080 2081 2082 2085 2090 2092 
25 0 49 266 499 576 585 690 1175 1219 1251 1253 1269 1325 1332 1338 1507 1772 1853 1855 1857 2101 2120 2121 2191 2197 
22 50 289 555 577 586 691 706 710 1176 1251 1254 1269 1321 1323 1326 1508 1844 1850 1858 1875 2104 2192 
113 5 8 15 40 48 49 50 51 52 266 267 268 269 270 271 294 295 298 339 343 344 352 511 513 516 517 518 519 520 522 524 526 529 530 532 534 537 581 583 585 586 588 589 590 591 592 593 595 599 600 602 631 636 637 644 672 763 863 864 870 917 1032 1033 1039 1049 1206 1207 1211 1260 1261 1262 1264 1265 1271 1411 1574 1575 1577 1579 1580 1593 1594 1598 1608 1661 1662 1665 1670 1710 1714 1715 1717 1718 1722 1825 1861 1865 1866 1868 1869 1881 1882 2000 2003 2011 2067 2074 2144 2145 2150 2216 2217 2220 
215 52 53 54 55 56 57 58 59 60 61 62 63 64 65 66 67 68 69 70 71 72 73 74 75 76 77 78 79 80 81 112 113 115 119 134 135 137 139 141 142 143 144 145 146 147 151 154 155 156 157 158 162 163 164 166 167 168 170 172 207 208 227 228 273 284 286 303 304 305 306 307 308 309 310 313 316 317 318 319 320 323 324 325 326 327 328 329 331 727 728 731 732 733 734 741 742 743 748 749 751 753 754 757 758 760 761 966 967 968 969 972 973 976 977 978 979 1008 1080 1081 1083 1084 1085 1086 1087 1088 1091 1092 1093 1094 1095 1096 1097 1100 1102 1103 1104 1105 1233 1246 1248 1343 1344 1345 1346 1347 1348 1349 1352 1353 1354 1355 1356 1358 1359 1360 1361 1362 1363 1364 1365 1366 1460 1461 1462 1463 1464 1465 1466 1467 1468 1469 1470 1471 1472 1473 1474 1475 1476 1478 1479 1480 1481 1482 1483 1484 1485 1486 1488 1495 1496 1503 1504 1938 2026 2028 2029 2030 2031 2032 2033 2034 2040 2045 2046 2047 2048 2052 2053 2054 2056 2057 2060 2061 2063 2064 
60 82 83 84 85 86 87 88 89 90 91 92 94 98 101 106 107 109 111 173 209 274 483 729 733 742 753 980 1110 1111 1115 1118 1121 1123 1130 1132 1133 1135 1136 1137 1139 1147 1158 1161 1169 1172 1173 1234 1431 1445 1486 1495 1503 2030 2044 2046 2056 2083 2089 2091 2098 
44 93 94 95 96 97 98 99 100 101 102 103 104 105 106 107 108 109 110 111 207 209 210 211 224 225 230 1009 2080 2081 2082 2083 2084 2085 2089 2090 2091 2092 2093 2095 2096 2097 2098 2099 2100 
34 112 113 114 115 116 117 118 119 120 121 122 123 124 125 126 127 128 129 130 131 132 133 134 135 136 137 138 1938 1939 1941 1942 1943 1944 1951 
73 112 113 115 119 121 122 123 124 126 128 129 134 135 136 137 139 140 141 142 143 144 145 146 147 148 149 150 151 152 153 154 155 156 157 158 159 160 161 162 163 164 165 166 167 168 169 170 171 207 208 212 213 214 219 222 227 228 1008 1013 1014 1017 1025 1233 1238 1239 1240 1246 1247 1248 1938 1939 1944 1951 
15 172 173 174 175 176 177 178 179 180 181 182 183 184 185 186 
64 187 188 189 192 232 233 234 236 240 265 270 291 332 513 514 515 520 526 527 534 583 584 587 591 595 596 602 632 1030 1203 1227 1259 1264 1378 1379 1380 1400 1514 1532 1534 1538 1545 1555 1570 1590 1658 1700 1701 1712 1741 1757 1771 1774 1813 1843 1845 1848 1863 1874 1877 2142 2157 2189 2213 
54 6 188 189 192 236 240 291 293 332 334 340 632 633 673 715 764 1030 1203 1205 1272 1412 1514 1516 1555 1557 1570 1571 1573 1590 1592 1658 1660 1671 1700 1701 1703 1723 1757 1759 1771 1774 1813 1815 1843 1845 1846 1848 1874 1877 2001 2157 2159 2213 2215 
73 6 8 26 30 45 53 189 190 191 192 193 194 332 333 334 335 336 340 341 344 360 363 559 572 632 633 634 637 649 652 655 673 681 684 799 862 864 876 918 945 1030 1031 1033 1043 1046 1050 1080 1106 1412 1425 1460 1609 1642 1700 1701 1702 1703 1704 1705 1706 1723 1733 1735 1776 1888 1900 1968 2001 2003 2020 2023 2122 2199 
88 114 119 120 125 174 194 195 196 197 198 199 200 201 202 203 204 205 206 424 425 426 427 429 430 431 432 433 435 436 439 444 445 450 454 456 457 459 460 462 463 465 468 475 479 484 826 827 829 831 832 833 834 835 836 838 839 843 850 851 855 981 1235 1436 1437 1438 1441 1776 1781 1782 1783 1784 1786 1787 1788 1789 1790 1791 1793 1794 1797 1802 1803 1807 1810 2176 2177 2178 2182 
39 207 208 209 210 211 212 213 214 215 216 217 218 219 220 221 222 223 224 225 226 227 228 229 230 1008 1009 1013 1014 1017 1018 1019 1020 1021 1022 1023 1024 1025 1027 1028 
83 191 192 193 231 232 234 239 240 241 269 270 271 292 333 341 513 519 520 522 526 528 532 534 583 590 591 592 595 597 600 602 634 862 1031 1204 1225 1227 1229 1262 1264 1265 1378 1380 1401 1515 1532 1533 1534 1539 1543 1545 1549 1556 1572 1591 1659 1700 1702 1705 1713 1718 1742 1747 1752 1758 1773 1774 1775 1814 1822 1843 1847 1848 1864 1869 1874 1876 1877 2113 2116 2143 2158 2214 
90 7 232 233 234 265 269 270 271 291 292 300 341 342 513 514 515 519 520 521 522 526 527 528 532 534 535 538 583 584 587 590 591 592 595 596 597 600 602 603 632 634 635 649 674 716 765 862 1030 1031 1043 1191 1203 1204 1214 1259 1262 1264 1265 1273 1413 1570 1572 1583 1590 1591 1601 1658 1659 1667 1672 1712 1713 1718 1720 1724 1843 1845 1847 1848 1863 1864 1869 1871 2002 2142 2143 2153 2213 2214 2222 
12 188 233 556 578 704 1322 1327 1330 1379 1607 2102 2189 
27 188 189 192 235 236 240 293 334 598 602 1205 1516 1557 1573 1592 1660 1703 1759 1771 1774 1815 1846 1848 1877 2159 2189 2215 
49 45 54 236 237 238 239 240 241 291 292 293 295 300 302 420 560 572 800 879 946 1081 1107 1145 1272 1274 1295 1298 1302 1461 1610 1643 1671 1673 1693 1696 1777 1901 1969 2001 2003 2020 2023 2123 2157 2158 2159 2160 2161 2162 
37 175 242 243 244 245 246 247 248 249 250 251 252 253 254 255 256 257 258 259 260 261 367 982 986 994 1013 1432 1442 1443 1445 1447 1448 1449 1451 1452 1456 1458 
62 48 51 262 269 270 294 343 513 516 519 520 526 529 532 534 583 590 591 595 599 600 602 608 614 616 636 863 1032 1182 1183 1206 1252 1255 1256 1262 1264 1384 1386 1390 1392 1402 1506 1509 1510 1517 1558 1574 1593 1661 1714 1718 1760 1856 1859 1860 1865 1869 2144 2190 2193 2194 2216 
101 242 263 264 265 266 267 268 269 270 271 272 290 291 292 294 295 297 298 299 300 421 455 562 565 573 763 765 766 770 777 779 783 792 797 801 805 812 822 880 1082 1108 1146 1203 1204 1206 1207 1208 1210 1211 1212 1213 1214 1216 1271 1273 1277 1282 1283 1287 1296 1301 1303 1306 1311 1318 1645 1648 1655 1657 1658 1659 1661 1662 1664 1665 1666 1667 1670 1672 1676 1681 1682 1686 1694 1699 1778 1825 1827 1831 1902 2124 2212 2213 2214 2216 2217 2219 2220 2221 2222 2224 
25 273 274 275 276 277 278 279 280 281 282 283 284 285 286 287 288 1938 1944 1946 1947 1948 1950 1951 1952 1953 
116 8 48 50 190 191 193 237 239 241 267 269 271 289 295 335 344 504 513 517 519 522 526 530 532 583 586 588 590 592 595 600 609 611 614 620 637 864 1033 1180 1182 1184 1187 1188 1207 1252 1254 1255 1260 1262 1265 1333 1334 1336 1339 1340 1342 1371 1384 1387 1388 1390 1394 1403 1506 1508 1509 1518 1520 1559 1575 1577 1594 1662 1700 1704 1705 1708 1709 1715 1718 1743 1746 1747 1752 1761 1816 1817 1822 1843 1844 1847 1856 1858 1859 1866 1869 1874 1875 1876 1881 2003 2067 2103 2104 2105 2107 2112 2113 2116 2145 2160 2164 2190 2192 2193 2217 
116 140 242 245 259 290 291 292 293 294 295 296 297 298 299 300 301 302 420 421 422 426 448 455 459 560 562 565 568 572 573 730 800 801 805 806 812 815 818 822 823 879 880 881 885 908 1081 1082 1086 1099 1107 1108 1113 1129 1145 1146 1150 1168 1271 1272 1273 1274 1277 1282 1283 1286 1287 1290 1295 1296 1298 1301 1302 1303 1306 1307 1311 1314 1315 1318 1432 1643 1645 1648 1651 1652 1655 1670 1671 1672 1673 1676 1681 1682 1685 1686 1693 1694 1696 1699 1777 1778 1779 1783 1805 1825 1827 1831 1901 1902 1907 1928 2027 2123 2124 2127 2137 
53 207 208 212 214 216 222 227 228 303 304 305 306 307 308 309 310 311 312 313 314 315 316 317 318 319 320 321 322 323 324 325 326 327 328 329 330 331 1008 1013 1017 1019 1025 1233 1239 1240 1246 1247 1248 1938 1940 1944 1946 1951 
65 4 6 8 26 29 30 34 45 53 93 141 304 332 333 334 335 336 338 340 341 344 360 362 363 391 423 558 559 572 659 731 798 799 824 861 862 864 876 882 918 945 1050 1080 1106 1109 1344 1412 1425 1433 1460 1609 1641 1642 1887 1888 1900 1903 1968 1970 1999 2001 2003 2020 2023 2028 
287 33 34 35 36 37 38 39 40 41 42 43 44 45 46 47 52 53 56 57 58 59 60 62 63 64 65 66 68 69 70 71 73 75 76 79 80 93 95 97 98 99 101 103 104 107 108 115 141 142 144 146 154 162 163 167 304 305 307 309 316 323 324 327 337 338 339 340 341 342 343 344 345 346 347 348 349 350 351 352 353 354 355 356 357 358 359 360 361 362 363 364 365 366 391 393 395 396 398 400 401 404 405 423 424 425 426 428 429 436 439 444 445 452 456 457 459 461 468 475 480 659 660 662 667 668 670 731 732 748 749 754 824 825 826 827 830 831 843 850 851 857 917 918 919 920 921 922 924 925 926 927 930 931 932 933 934 936 939 940 942 943 944 945 948 949 950 952 953 954 957 958 961 964 968 1049 1050 1052 1053 1054 1055 1057 1058 1059 1062 1064 1065 1066 1067 1070 1071 1073 1074 1077 1078 1080 1084 1085 1086 1088 1091 1096 1102 1148 1149 1150 1152 1159 1165 1171 1344 1345 1347 1348 1358 1359 1362 1433 1434 1460 1463 1464 1465 1467 1468 1469 1473 1474 1478 1481 1485 1608 1609 1612 1613 1614 1615 1617 1618 1619 1622 1623 1624 1625 1626 1629 1631 1632 1635 1636 1637 1639 1887 1888 1889 1890 1891 1892 1894 1895 1896 1897 1898 1899 1968 1970 1972 1973 1974 1976 1977 1978 1979 1981 1983 1987 1988 1993 1994 2028 2029 2031 2033 2052 2053 2057 2082 2174 
8 367 368 369 370 371 372 373 374 
16 375 376 377 378 379 380 381 382 383 384 385 386 387 388 389 390 
18 391 392 393 394 395 396 397 398 399 400 401 402 403 404 405 406 407 408 
45 116 125 176 409 410 411 412 413 414 415 416 417 418 419 424 425 426 427 431 432 433 435 450 456 457 459 460 463 465 479 485 826 827 829 835 836 838 839 855 983 1236 1438 1441 2178 2182 
113 114 115 116 117 119 120 121 125 126 127 128 131 132 136 174 176 180 183 373 420 421 422 423 424 425 426 427 428 429 430 431 432 433 434 435 436 437 438 439 440 441 442 443 444 445 446 447 448 449 450 451 452 453 454 455 456 457 458 459 460 461 462 463 464 465 466 467 468 470 471 472 473 474 475 476 477 478 479 480 484 485 490 492 981 983 986 994 995 999 1002 1010 1013 1023 1432 1433 1434 1435 1436 1437 1438 1441 1442 1443 1445 1446 1447 1448 1449 1450 1452 1456 1458 1941 
97 174 176 177 178 180 182 183 185 368 369 373 455 456 457 458 459 460 461 462 463 464 465 466 467 468 469 470 471 472 473 474 475 476 477 478 479 480 481 484 485 486 487 488 489 490 491 492 493 495 981 983 984 986 987 988 994 995 998 999 1000 1002 1003 1006 1010 1011 1013 1014 1016 1023 1026 1027 1429 1432 1433 1434 1435 1436 1437 1438 1439 1440 1441 1442 1443 1444 1445 1446 1447 1448 1449 1450 1452 1453 1455 1456 1457 1458 
15 482 483 484 485 486 487 488 489 490 491 492 493 494 495 496 
64 33 44 55 82 88 94 375 392 497 498 499 501 508 509 557 570 767 1051 1110 1270 1275 1291 1512 1513 1527 1530 1531 1553 1554 1566 1589 1602 1611 1640 1653 1669 1674 1690 1739 1740 1753 1754 1755 1756 1768 1780 1811 1812 1821 1823 1824 1826 1904 1961 1965 1971 1998 2018 2066 2076 2163 2170 2225 2231 
73 55 58 64 68 79 81 82 83 85 88 92 94 98 101 111 143 306 500 501 502 503 504 505 506 507 508 509 733 947 953 964 1051 1059 1064 1077 1079 1083 1110 1111 1115 1118 1137 1139 1147 1346 1462 1468 1481 1486 1611 1613 1618 1623 1628 1636 1638 2030 2066 2067 2068 2070 2071 2076 2079 2083 2163 2164 2165 2166 2167 2169 2170 2172 
293 5 7 8 10 13 14 15 16 18 19 27 29 32 36 39 40 41 46 52 56 59 69 195 197 201 205 243 339 341 342 343 344 346 350 351 352 353 354 355 361 362 365 366 409 411 415 424 456 510 511 512 513 514 515 516 517 518 519 520 521 522 523 524 525 526 527 528 529 530 532 533 534 535 537 538 539 542 543 547 548 551 552 562 565 573 631 632 634 635 636 637 639 643 644 645 646 647 649 653 654 656 657 658 672 674 677 678 682 683 685 686 687 714 716 718 719 722 723 725 726 763 765 768 770 777 779 783 792 797 802 805 812 826 862 863 864 866 869 870 871 873 877 883 917 919 921 932 944 948 1030 1031 1032 1033 1035 1038 1039 1040 1042 1043 1047 1049 1052 1054 1065 1084 1112 1148 1190 1191 1194 1195 1198 1199 1201 1202 1203 1204 1206 1207 1208 1210 1211 1212 1213 1214 1216 1271 1273 1277 1282 1283 1287 1296 1301 1304 1306 1311 1318 1411 1413 1414 1418 1420 1424 1428 1463 1608 1612 1614 1624 1635 1639 1645 1648 1655 1657 1658 1659 1661 1662 1664 1665 1666 1667 1670 1672 1676 1681 1682 1686 1694 1699 1710 1711 1712 1713 1714 1715 1717 1718 1719 1720 1722 1724 1725 1727 1729 1734 1737 1781 1825 1827 1831 1861 1862 1863 1864 1865 1866 1868 1869 1870 1871 1889 1891 1896 1905 1972 2000 2002 2003 2005 2009 2010 2011 2012 2014 2021 2025 2125 2201 2205 2210 2212 2213 2214 2216 2217 2219 2220 2221 2222 2224 
251 36 39 40 41 42 46 52 56 57 59 60 66 69 70 76 80 95 99 144 195 197 198 201 202 205 243 244 245 307 339 341 342 343 344 346 347 348 350 351 352 353 354 355 357 359 361 362 364 365 366 376 393 409 411 412 415 416 424 425 426 456 457 459 524 525 526 527 528 529 530 531 532 533 534 535 536 537 538 539 540 541 542 543 545 546 547 548 550 551 552 631 632 634 635 636 637 639 640 641 643 644 645 646 647 649 650 653 654 656 657 658 660 672 674 675 676 677 678 680 682 683 685 686 687 802 803 805 806 812 813 826 827 862 863 864 866 867 869 870 871 872 873 874 877 883 884 885 917 919 921 922 930 932 933 940 943 944 948 949 950 1030 1031 1032 1033 1035 1036 1038 1039 1040 1041 1042 1043 1044 1047 1049 1052 1053 1054 1055 1062 1065 1066 1074 1078 1084 1085 1086 1148 1149 1150 1190 1191 1192 1193 1194 1195 1197 1198 1199 1201 1202 1347 1463 1464 1465 1608 1612 1614 1615 1622 1624 1625 1632 1635 1637 1639 1722 1724 1725 1726 1727 1728 1729 1732 1734 1736 1737 1781 1782 1783 1889 1891 1892 1896 1897 1905 1906 1907 1972 1973 1974 1979 2031 2125 2126 2127 2201 2202 2205 2206 2210 
49 117 424 425 426 427 433 435 439 456 457 458 459 460 468 537 538 539 540 541 542 543 544 545 546 547 548 549 550 551 552 826 827 828 829 836 838 843 1435 1889 1890 1891 1892 1893 1895 1896 1897 1898 1899 2175 
159 9 12 18 35 58 83 196 345 348 354 410 500 503 504 505 541 542 553 554 555 556 561 604 607 611 614 615 616 617 620 624 625 626 627 628 629 638 641 646 649 676 677 689 691 692 693 697 698 717 718 769 804 865 867 873 920 1034 1036 1042 1043 1140 1141 1142 1143 1144 1177 1179 1180 1182 1183 1184 1193 1194 1209 1213 1214 1220 1223 1224 1225 1226 1227 1229 1276 1305 1367 1370 1371 1372 1381 1384 1385 1388 1390 1391 1392 1393 1394 1404 1407 1408 1535 1541 1542 1543 1544 1545 1546 1549 1560 1563 1564 1596 1600 1601 1613 1644 1663 1666 1667 1675 1738 1745 1746 1747 1748 1750 1752 1762 1765 1766 1867 1869 1870 1871 1890 1955 1962 2004 2007 2068 2071 2108 2111 2112 2113 2114 2116 2146 2148 2152 2153 2165 2167 2200 2218 2221 2222 2226 
192 93 94 98 99 101 102 103 104 106 107 108 109 110 111 112 118 134 177 211 275 281 455 456 459 461 464 468 469 471 472 475 476 477 480 486 557 558 559 560 561 562 563 564 565 566 567 568 569 570 571 572 573 574 727 730 731 741 743 746 748 749 751 752 754 757 760 762 879 880 881 882 883 885 887 893 895 897 898 900 901 903 904 905 906 907 908 911 912 913 915 916 984 1080 1081 1082 1084 1086 1088 1089 1091 1092 1094 1095 1096 1097 1098 1099 1102 1103 1106 1107 1108 1109 1110 1112 1113 1114 1115 1116 1117 1118 1119 1120 1122 1123 1124 1125 1126 1127 1128 1129 1132 1133 1134 1135 1137 1139 1145 1146 1148 1150 1152 1155 1159 1160 1162 1163 1165 1166 1167 1168 1171 1172 1237 1429 1432 1433 1444 1446 1449 1452 1455 1457 1458 1483 1487 1496 1502 1504 2026 2027 2028 2033 2045 2047 2048 2051 2052 2053 2054 2055 2057 2060 2063 2065 2080 2084 2090 2092 2096 2097 2099 
145 10 18 29 36 59 84 197 263 264 265 266 269 270 272 290 299 346 354 362 366 411 510 511 512 513 514 519 520 523 524 525 526 532 533 534 539 542 548 552 562 575 576 577 578 579 580 593 594 595 600 601 602 639 646 654 657 658 677 683 686 687 714 718 723 725 726 770 805 866 873 921 1035 1042 1054 1177 1178 1179 1182 1183 1185 1186 1190 1194 1199 1201 1202 1208 1213 1257 1258 1259 1262 1263 1264 1266 1267 1268 1277 1306 1381 1382 1383 1384 1385 1390 1391 1392 1395 1396 1397 1398 1399 1407 1414 1595 1600 1614 1645 1657 1666 1676 1710 1711 1718 1719 1725 1827 1861 1862 1869 1870 1879 1880 1883 1884 1885 1886 1891 2005 2069 2147 2152 2201 2212 2221 
227 5 7 8 15 19 27 29 32 40 46 52 60 198 205 245 290 291 292 294 295 298 300 339 341 342 343 344 352 355 361 362 365 366 412 426 459 524 525 526 527 528 529 530 532 534 535 537 538 543 547 548 551 552 573 581 582 583 584 585 586 587 588 589 590 591 592 593 594 595 596 597 599 600 602 603 631 632 634 635 636 637 644 647 649 653 654 656 657 658 672 674 678 682 683 685 686 687 714 716 719 722 723 725 726 763 765 771 783 792 797 806 862 863 864 870 877 885 917 922 944 950 1030 1031 1032 1033 1039 1043 1047 1049 1055 1086 1113 1150 1190 1191 1195 1198 1199 1201 1202 1203 1204 1206 1207 1211 1214 1216 1271 1273 1287 1296 1301 1307 1318 1411 1413 1420 1424 1428 1465 1569 1570 1572 1574 1575 1577 1579 1580 1583 1585 1587 1588 1590 1591 1593 1594 1598 1601 1604 1608 1615 1635 1639 1655 1657 1658 1659 1661 1662 1665 1667 1670 1672 1686 1694 1699 1710 1711 1712 1713 1714 1715 1717 1718 1720 1722 1724 1729 1734 1737 1783 1825 1892 1907 1974 2127 2202 2210 2212 2213 2214 2216 2217 2220 2222 2224 2233 
188 36 39 40 46 52 59 60 61 69 80 96 145 197 198 205 245 246 308 377 394 411 412 413 426 427 459 460 537 538 539 542 543 547 548 549 550 551 552 593 594 595 596 597 598 599 600 601 602 603 631 632 634 635 636 637 639 643 644 646 647 649 653 654 655 656 657 658 661 672 674 677 678 682 683 684 685 686 687 763 765 770 771 777 783 792 794 795 797 805 806 807 829 862 863 864 866 869 870 873 877 885 886 917 921 922 923 932 943 944 950 951 1030 1031 1032 1033 1035 1038 1039 1042 1043 1047 1049 1054 1055 1056 1065 1078 1086 1087 1150 1151 1190 1191 1194 1195 1198 1199 1200 1201 1202 1306 1307 1318 1465 1466 1590 1591 1592 1593 1594 1595 1597 1598 1600 1601 1604 1608 1614 1615 1616 1624 1635 1637 1639 1722 1724 1725 1727 1729 1734 1735 1736 1737 1783 1784 1891 1892 1893 1907 1908 1974 1975 2032 2127 2128 2201 2202 2210 
215 3 8 9 11 12 13 15 16 17 18 20 22 24 25 29 33 35 37 39 40 41 42 44 58 62 64 66 70 75 76 98 99 107 146 247 309 337 343 344 345 347 348 350 352 353 354 356 357 358 359 362 366 379 388 396 404 428 461 557 561 563 565 566 570 604 605 606 607 608 609 610 611 612 613 614 615 616 617 618 619 620 621 622 623 769 772 775 779 780 789 790 804 808 812 813 830 887 920 924 926 930 933 939 940 952 953 1057 1059 1062 1066 1073 1074 1088 1114 1115 1116 1119 1133 1152 1305 1308 1311 1312 1348 1415 1416 1419 1422 1423 1467 1468 1553 1554 1558 1559 1560 1561 1562 1563 1564 1565 1566 1613 1618 1622 1625 1631 1632 1640 1644 1646 1648 1649 1653 1669 1675 1677 1679 1682 1683 1687 1690 1691 1692 1785 1787 1828 1829 1832 1836 1837 1890 1894 1896 1897 1909 1911 1932 1954 1955 1956 1957 1958 1959 1976 1978 1979 1993 1998 2003 2004 2006 2007 2008 2009 2011 2012 2013 2015 2017 2018 2019 2033 2141 2144 2145 2146 2148 2149 2150 2151 2152 2153 2154 2155 
68 35 38 41 58 63 65 97 196 200 201 345 348 349 353 354 362 378 395 429 624 625 626 627 628 629 638 641 642 645 646 649 654 662 676 677 683 804 809 812 831 865 867 868 871 873 888 920 925 927 1034 1036 1037 1040 1042 1043 1058 1613 1617 1619 1786 1890 1895 1896 1910 1977 2200 2204 2205 
313 33 35 36 38 39 40 41 42 43 44 45 46 47 52 53 56 57 58 59 60 61 63 65 66 67 69 70 71 73 75 76 79 80 95 96 97 99 100 103 104 107 119 144 145 147 151 154 162 163 194 195 196 197 198 200 201 202 203 205 206 307 308 310 313 316 323 324 376 377 378 382 384 385 388 393 394 395 397 400 401 404 424 425 426 427 429 435 439 444 445 456 457 459 460 468 475 630 631 632 633 634 635 636 637 638 639 640 641 642 643 644 645 646 647 648 649 650 651 652 653 654 655 656 657 658 660 661 662 665 667 668 734 748 749 826 827 829 831 832 838 843 850 851 883 884 885 886 888 894 897 904 905 917 918 919 920 921 922 923 925 927 930 932 933 934 936 939 940 942 943 944 945 948 949 950 951 954 957 958 964 969 1049 1050 1052 1053 1054 1055 1056 1058 1062 1063 1065 1066 1067 1070 1071 1073 1074 1077 1078 1080 1084 1085 1086 1087 1091 1096 1148 1149 1150 1151 1159 1165 1347 1349 1352 1358 1359 1436 1460 1463 1464 1465 1466 1469 1473 1474 1481 1488 1608 1609 1612 1613 1614 1615 1616 1617 1619 1622 1624 1625 1626 1629 1631 1632 1635 1636 1637 1639 1776 1781 1782 1783 1784 1786 1793 1797 1802 1803 1888 1889 1890 1891 1892 1893 1895 1896 1897 1898 1899 1900 1905 1906 1907 1908 1910 1916 1920 1925 1926 1932 1968 1972 1973 1974 1975 1977 1979 1980 1983 1987 1988 1993 2031 2032 2034 2040 2052 2053 2085 2176 2198 2199 2200 2201 2202 2204 2205 2206 2207 2209 2210 2211 
19 659 660 661 662 663 664 665 666 667 668 669 670 671 985 1012 2173 2174 2176 2180 
124 120 194 195 196 197 198 200 201 202 203 205 206 424 425 426 427 429 435 439 444 445 456 457 459 460 468 475 672 673 674 675 676 677 678 679 680 681 682 683 684 685 686 687 735 748 749 826 827 829 831 833 838 843 850 851 883 884 885 886 888 894 897 904 905 1148 1149 1150 1151 1159 1165 1437 1489 1776 1781 1782 1783 1784 1786 1793 1797 1802 1803 1888 1889 1890 1891 1892 1893 1895 1896 1897 1898 1899 1900 1905 1906 1907 1908 1910 1916 1920 1925 1926 1932 2031 2032 2035 2040 2052 2053 2086 2177 2198 2199 2200 2201 2202 2204 2205 2206 2207 2209 2210 2211 
29 11 347 502 524 540 605 610 640 675 688 690 696 1192 1222 1325 1332 1338 1369 1382 1398 1536 1540 1553 1710 1739 1744 1861 2006 2110 
182 9 11 12 18 20 22 35 37 58 64 83 85 98 196 199 345 347 348 354 356 357 379 396 500 502 503 504 505 506 507 561 563 604 605 607 610 611 614 615 616 617 618 619 620 688 689 690 691 692 693 694 696 697 698 699 700 769 772 804 808 865 867 873 874 920 926 953 1059 1115 1220 1222 1223 1224 1225 1226 1227 1228 1229 1276 1278 1305 1308 1367 1369 1370 1371 1372 1373 1374 1398 1404 1407 1408 1409 1410 1415 1468 1535 1536 1540 1541 1542 1543 1544 1545 1546 1547 1548 1549 1553 1560 1563 1564 1565 1613 1618 1644 1646 1675 1677 1687 1738 1739 1744 1745 1746 1747 1748 1749 1750 1751 1752 1762 1765 1766 1767 1787 1828 1861 1867 1869 1870 1871 1872 1873 1890 1894 1911 1955 1956 1962 1963 1978 2004 2006 2007 2015 2017 2068 2070 2071 2108 2110 2111 2112 2113 2114 2115 2116 2146 2148 2152 2153 2154 2165 2166 2167 2169 2200 2203 2226 2227 
35 196 199 201 430 436 454 462 695 696 697 698 699 700 701 702 703 834 889 895 1153 1787 1788 1794 1810 1911 1912 1917 1932 1937 2036 2198 2200 2203 2205 2209 
131 12 296 300 348 503 504 526 531 532 534 535 541 553 554 555 556 607 611 614 616 617 620 624 625 626 628 629 641 649 676 689 691 692 693 697 704 705 706 709 710 711 712 713 717 867 1036 1043 1140 1141 1143 1144 1179 1180 1182 1183 1184 1193 1209 1214 1223 1224 1225 1227 1229 1324 1326 1327 1328 1329 1337 1339 1340 1341 1342 1370 1371 1384 1385 1388 1390 1392 1393 1394 1404 1408 1519 1520 1526 1541 1542 1543 1545 1546 1549 1560 1564 1576 1577 1583 1596 1601 1663 1667 1716 1718 1720 1745 1746 1747 1750 1752 1762 1766 1849 1850 1851 1852 1867 1869 1871 2007 2071 2111 2112 2113 2116 2148 2153 2167 2218 2222 
82 38 65 86 200 348 349 354 414 541 542 564 624 625 626 627 628 629 641 642 646 649 676 677 705 706 709 710 711 712 713 717 718 773 809 867 868 873 927 1036 1037 1042 1043 1140 1141 1142 1143 1144 1193 1194 1279 1309 1511 1519 1520 1524 1526 1560 1563 1564 1568 1576 1577 1581 1583 1596 1600 1601 1619 1647 1678 1762 1765 1766 1849 1850 1851 1852 1895 2071 2072 2204 2228 
52 200 201 380 414 415 431 663 707 708 709 710 711 712 713 714 717 718 723 726 773 774 779 809 812 867 868 871 873 878 890 927 928 1036 1037 1040 1042 1043 1048 1060 1309 1311 1596 1599 1600 1601 1605 1619 1620 1789 1913 2204 2205 
79 195 196 197 198 200 201 204 205 206 409 410 411 412 414 415 418 419 424 426 431 432 433 450 456 459 463 479 714 715 716 717 718 719 720 721 722 723 724 725 726 736 826 835 836 855 883 885 890 891 892 910 1148 1150 1154 1170 1438 1490 1781 1783 1789 1790 1791 1807 1905 1907 1913 1914 1930 2037 2087 2178 2200 2201 2202 2204 2205 2208 2210 2211 
98 172 173 177 179 180 181 182 184 185 186 207 208 209 211 214 216 217 218 219 220 221 222 223 224 225 226 227 228 229 230 370 372 374 727 728 729 730 731 732 733 734 735 736 737 738 739 740 741 742 743 744 745 746 747 748 749 750 751 752 753 754 755 756 757 758 759 760 761 762 978 979 980 984 989 991 992 993 994 995 996 997 998 999 1003 1004 1005 1006 1007 1008 1017 1019 1020 1021 1023 1024 1025 1027 1028 
172 121 128 136 145 146 149 150 152 153 154 156 159 160 169 212 242 243 245 246 247 248 249 250 251 252 254 255 259 261 308 309 314 315 316 318 321 322 330 421 424 426 427 428 431 433 434 436 437 438 439 440 443 448 450 451 453 454 455 456 459 460 461 464 466 467 468 470 473 474 479 763 764 765 766 767 768 769 770 771 772 773 774 775 776 777 778 779 780 781 782 783 784 785 786 787 788 789 790 791 792 793 794 795 796 797 801 802 804 805 806 807 808 809 810 811 812 813 814 815 816 818 819 820 821 822 826 829 830 836 837 840 841 842 843 844 847 848 855 856 858 986 1013 1247 1442 1445 1447 1448 1456 1778 1780 1781 1783 1784 1785 1787 1789 1791 1792 1794 1795 1796 1797 1798 1801 1805 1807 1808 1809 1810 2179 2185 2186 
142 121 122 124 126 128 136 140 141 144 145 146 148 149 150 151 152 153 154 156 157 159 160 161 162 163 164 165 166 167 169 171 178 212 213 219 369 455 456 457 459 460 461 464 466 467 468 470 471 473 474 475 476 477 478 479 480 487 488 489 798 799 800 801 802 803 804 805 806 807 808 809 810 811 812 813 814 815 816 817 818 819 820 821 822 823 824 826 827 829 830 831 836 837 838 840 841 842 843 844 845 847 848 849 850 851 852 853 854 855 856 857 858 859 986 987 994 1013 1014 1238 1239 1240 1247 1432 1433 1439 1440 1442 1443 1445 1447 1448 1449 1452 1456 1458 2179 2180 2181 2183 2185 2186 2188 
97 114 115 116 117 119 120 121 122 124 125 126 127 128 131 132 136 174 176 178 180 183 369 373 822 823 824 825 826 827 828 829 830 831 832 833 834 835 836 837 838 839 840 841 842 843 844 845 846 847 848 849 850 851 852 853 854 855 856 857 858 859 981 983 986 987 994 995 999 1002 1013 1014 1015 1023 1235 1236 1238 1239 1240 1241 1243 1247 1942 2174 2175 2176 2177 2178 2179 2180 2181 2182 2183 2184 2185 2186 2187 2188 
209 122 141 144 145 149 151 154 162 163 167 276 304 307 308 311 313 316 323 324 327 456 457 459 460 468 475 480 488 659 660 661 662 663 664 665 667 668 670 731 737 748 749 754 798 799 802 803 804 805 806 807 808 809 812 813 816 817 821 824 826 827 829 831 836 838 843 850 851 857 860 861 862 863 864 865 866 867 868 869 870 871 872 873 874 875 876 877 878 917 918 919 920 921 922 923 925 926 927 928 929 930 931 932 933 934 936 939 940 942 943 944 945 948 949 950 951 953 954 957 958 961 964 970 1049 1050 1052 1053 1054 1055 1056 1058 1059 1060 1061 1062 1063 1064 1065 1066 1067 1070 1071 1073 1074 1077 1078 1080 1084 1085 1086 1087 1091 1096 1102 1239 1344 1347 1350 1352 1358 1359 1362 1433 1439 1460 1463 1464 1465 1466 1468 1469 1473 1474 1478 1481 1491 1608 1609 1612 1613 1614 1615 1616 1617 1618 1619 1620 1621 1622 1623 1624 1625 1626 1629 1631 1632 1635 1636 1637 1639 2028 2031 2032 2038 2040 2052 2053 2057 2180 
107 112 118 119 120 125 126 130 131 133 134 138 177 182 185 455 456 457 459 460 461 462 463 464 465 466 468 469 470 471 472 473 475 476 477 478 479 480 481 486 491 493 495 879 880 881 882 883 884 885 886 887 888 889 890 891 892 893 894 895 896 897 898 899 900 901 902 903 904 905 906 907 908 909 910 911 912 913 914 915 916 984 988 994 998 999 1006 1016 1429 1432 1433 1436 1437 1438 1441 1443 1444 1445 1446 1447 1449 1450 1452 1453 1455 1457 1458 1943 
152 115 119 122 123 124 141 142 144 145 146 147 148 149 151 154 159 162 163 167 214 276 277 304 305 307 308 309 310 311 312 313 316 321 323 324 327 731 732 734 737 738 744 748 749 754 917 918 919 920 921 922 923 924 925 926 927 928 929 930 931 932 933 934 935 936 937 938 939 940 941 942 943 944 945 948 949 950 951 952 953 954 957 958 960 961 962 964 968 969 970 971 974 989 1017 1080 1084 1085 1086 1087 1088 1091 1096 1101 1102 1103 1239 1240 1344 1345 1347 1348 1349 1350 1351 1352 1357 1358 1359 1362 1460 1463 1464 1465 1466 1467 1468 1469 1473 1474 1477 1478 1479 1481 1485 1488 1491 1492 1497 1944 2028 2029 2031 2032 2033 2034 2038 2039 2040 2049 2052 2053 2057 
78 207 214 215 222 227 228 945 946 947 948 949 950 951 952 953 954 955 956 957 958 959 960 961 962 963 964 965 978 989 990 997 1017 1018 1025 1233 1239 1240 1246 1248 1343 1344 1345 1346 1347 1348 1349 1350 1351 1352 1353 1354 1355 1356 1357 1358 1359 1360 1361 1362 1363 1364 1365 1366 1483 1484 1485 1486 1488 1491 1492 1495 1496 1497 1503 1504 1944 1945 1951 
20 966 967 968 969 970 971 972 973 974 975 976 977 978 979 989 991 1001 1008 1017 1019 
50 978 979 980 981 982 983 984 985 986 987 988 989 990 991 992 993 994 995 996 997 998 999 1000 1001 1002 1003 1004 1005 1006 1007 1008 1010 1011 1012 1013 1014 1015 1016 1017 1018 1019 1020 1021 1022 1023 1024 1025 1026 1027 1028 
21 1008 1009 1010 1011 1012 1013 1014 1015 1016 1017 1018 1019 1020 1021 1022 1023 1024 1025 1026 1027 1028 
160 124 144 145 148 149 151 159 162 163 277 307 308 312 313 321 323 324 376 377 378 380 381 382 384 385 386 387 388 389 456 457 459 460 473 475 479 489 738 744 748 749 799 802 803 804 805 806 807 809 812 813 817 819 820 821 826 827 829 831 836 838 847 850 851 855 856 917 918 919 920 921 922 923 925 927 928 929 930 932 933 935 936 937 938 939 940 941 942 943 944 945 948 949 950 951 957 958 960 962 964 971 974 1029 1030 1031 1032 1033 1034 1035 1036 1037 1038 1039 1040 1041 1042 1043 1044 1045 1046 1047 1048 1080 1084 1085 1086 1087 1096 1101 1103 1240 1347 1351 1352 1357 1358 1359 1440 1447 1460 1463 1464 1465 1466 1473 1474 1477 1479 1481 1492 1497 2031 2032 2039 2040 2049 2052 2053 2181 2185 
148 216 227 228 276 284 286 303 304 305 306 307 308 309 310 311 313 316 317 318 319 323 324 325 326 327 329 727 731 732 733 734 737 741 742 748 749 751 753 754 758 761 966 968 969 970 972 976 991 1019 1049 1050 1051 1052 1053 1054 1055 1056 1057 1058 1059 1060 1061 1062 1063 1064 1065 1066 1067 1068 1069 1070 1071 1072 1073 1074 1075 1076 1077 1078 1079 1080 1083 1084 1085 1086 1087 1088 1091 1092 1093 1094 1096 1097 1100 1102 1103 1104 1105 1239 1246 1248 1343 1344 1345 1346 1347 1348 1349 1350 1352 1353 1354 1355 1358 1359 1360 1361 1362 1364 1366 1483 1485 1486 1488 1491 1495 1503 1946 2026 2028 2029 2030 2031 2032 2033 2034 2038 2040 2045 2046 2047 2052 2053 2054 2056 2057 2061 2064 
144 172 177 179 186 207 208 211 214 216 217 225 227 228 230 273 275 276 277 281 283 284 286 288 370 727 728 730 731 732 733 734 737 738 741 742 743 744 746 748 749 751 752 753 754 756 757 758 760 761 762 978 979 984 989 991 992 1007 1008 1017 1019 1020 1080 1081 1082 1083 1084 1085 1086 1087 1088 1089 1090 1091 1092 1093 1094 1095 1096 1097 1098 1099 1100 1101 1102 1103 1104 1105 1233 1237 1239 1240 1245 1246 1248 1250 1483 1484 1485 1486 1487 1488 1491 1492 1495 1496 1497 1502 1503 1504 1938 1944 1946 1947 2026 2027 2028 2029 2030 2031 2032 2033 2034 2038 2039 2040 2044 2045 2046 2047 2048 2049 2051 2052 2053 2054 2055 2056 2057 2059 2060 2061 2063 2064 2065 
178 173 177 182 186 209 211 218 223 224 225 230 274 275 280 281 283 288 483 486 491 494 496 727 729 730 731 733 741 742 743 744 746 747 748 749 751 752 753 754 756 757 760 762 980 984 993 998 999 1007 1021 1106 1107 1108 1109 1110 1111 1112 1113 1114 1115 1116 1117 1118 1119 1120 1121 1122 1123 1124 1125 1126 1127 1128 1129 1130 1131 1132 1133 1134 1135 1136 1137 1138 1139 1145 1146 1147 1148 1150 1152 1155 1158 1159 1160 1161 1162 1163 1164 1165 1166 1167 1168 1169 1170 1171 1172 1173 1174 1234 1237 1242 1245 1250 1429 1431 1432 1433 1444 1445 1446 1447 1449 1450 1452 1454 1455 1457 1458 1459 1483 1486 1487 1495 1496 1497 1499 1500 1502 1503 1504 1948 2026 2027 2028 2030 2033 2044 2045 2046 2047 2048 2049 2051 2052 2053 2054 2055 2056 2057 2059 2060 2061 2063 2065 2080 2083 2084 2089 2090 2091 2092 2093 2095 2096 2097 2098 2099 2100 
52 149 196 200 381 410 414 433 541 542 664 717 718 769 773 804 809 836 865 867 868 873 892 920 927 929 1034 1036 1037 1042 1043 1061 1140 1141 1142 1143 1144 1193 1194 1305 1309 1596 1600 1601 1613 1619 1621 1791 1890 1895 1914 2200 2204 
122 172 173 177 180 182 185 186 207 209 211 218 219 220 223 224 225 226 229 230 371 482 483 486 490 491 493 494 495 496 978 980 984 993 994 995 998 999 1003 1004 1006 1007 1021 1022 1023 1027 1028 1145 1146 1147 1148 1149 1150 1151 1152 1153 1154 1155 1156 1157 1158 1159 1160 1161 1162 1163 1164 1165 1166 1167 1168 1169 1170 1171 1172 1173 1174 1429 1430 1431 1432 1433 1434 1436 1437 1438 1441 1442 1443 1444 1445 1446 1447 1448 1449 1450 1452 1453 1454 1455 1456 1457 1458 1459 1483 1484 1485 1486 1487 1488 1489 1490 1493 1494 1495 1496 1497 1498 1499 1500 1502 1503 1504 
39 13 39 66 99 350 524 605 612 643 775 869 930 1038 1062 1116 1175 1176 1181 1210 1280 1382 1389 1398 1405 1416 1553 1561 1622 1664 1679 1710 1726 1829 1861 1979 2008 2009 2149 2219 
100 99 150 248 434 464 561 562 565 566 769 770 775 777 779 780 790 795 804 805 810 812 813 837 893 1089 1116 1117 1119 1155 1177 1178 1179 1180 1181 1182 1183 1184 1185 1186 1206 1207 1208 1209 1210 1211 1212 1213 1214 1215 1276 1277 1280 1282 1283 1284 1293 1299 1305 1306 1311 1312 1644 1645 1648 1649 1657 1661 1662 1663 1664 1665 1666 1667 1668 1675 1676 1679 1681 1682 1683 1692 1697 1792 1827 1829 1831 1832 1837 1839 1915 2129 2212 2216 2217 2218 2219 2220 2221 2222 2223 
51 43 47 67 73 79 100 151 203 206 313 382 397 417 419 435 544 637 648 665 679 817 821 838 864 894 936 942 957 964 1033 1063 1070 1077 1187 1188 1189 1196 1352 1473 1481 1629 1636 1730 1793 1898 1899 1916 1980 2040 2207 2211 
91 125 195 196 197 198 200 201 202 203 205 206 409 410 411 412 413 414 415 416 417 419 424 425 426 427 433 435 456 457 459 460 465 739 826 827 829 836 838 839 883 884 885 886 892 894 1148 1149 1150 1151 1190 1191 1192 1193 1194 1195 1196 1197 1198 1199 1200 1201 1202 1441 1493 1781 1782 1783 1784 1791 1793 1905 1906 1907 1908 1914 1916 2031 2032 2040 2041 2088 2182 2200 2201 2202 2204 2205 2206 2207 2210 2211 
96 150 152 242 243 245 248 259 314 421 424 426 434 448 455 456 459 464 740 763 764 765 766 768 769 770 771 775 777 779 780 781 782 783 786 790 792 794 795 797 801 802 804 805 806 810 812 813 814 815 818 822 826 837 840 1146 1148 1150 1155 1168 1203 1204 1205 1206 1207 1208 1209 1210 1211 1212 1213 1214 1215 1216 1303 1304 1305 1306 1307 1311 1312 1313 1314 1315 1318 1442 1778 1781 1783 1792 1805 1902 1905 1907 1915 1928 2042 
38 50 190 237 267 289 504 517 555 586 588 611 691 706 710 1180 1224 1254 1260 1269 1326 1333 1339 1371 1388 1508 1520 1542 1577 1746 1817 1844 1850 1858 1875 1881 2104 2112 2192 
89 3 24 33 44 68 82 88 101 337 358 366 383 398 436 501 508 509 557 570 695 702 703 776 860 875 895 931 1064 1118 1217 1218 1219 1221 1231 1232 1270 1281 1291 1368 1376 1377 1398 1399 1417 1536 1537 1551 1552 1553 1554 1566 1623 1640 1653 1669 1680 1690 1739 1740 1753 1754 1755 1756 1768 1794 1830 1861 1862 1917 1954 1959 1961 1965 1981 1998 2018 2066 2076 2109 2118 2119 2141 2155 2163 2170 2198 2209 2225 2231 
66 153 249 315 379 383 388 390 436 437 454 466 769 772 776 779 785 789 796 804 808 812 841 895 896 1156 1220 1221 1222 1223 1224 1225 1226 1227 1228 1229 1230 1231 1232 1305 1308 1311 1787 1794 1795 1810 1911 1917 1918 1932 1937 1954 1955 1956 1957 1959 2043 2141 2142 2143 2146 2148 2151 2152 2153 2154 2155 
32 1233 1234 1235 1236 1237 1238 1239 1240 1241 1242 1243 1244 1245 1246 1247 1248 1249 1250 1938 1939 1940 1942 1944 1945 1946 1947 1948 1949 1950 1951 1952 1953 
51 13 39 266 268 297 350 511 518 524 593 605 612 643 869 1038 1175 1176 1181 1210 1251 1253 1254 1261 1382 1389 1398 1405 1505 1507 1508 1521 1522 1553 1561 1578 1579 1597 1664 1710 1763 1857 1858 1861 1882 2009 2073 2149 2191 2192 2219 2229 
130 8 13 14 15 39 40 69 266 267 268 269 270 271 294 295 297 298 343 344 350 351 352 511 513 516 517 518 519 520 522 524 526 529 530 532 534 593 595 599 600 602 636 637 643 644 777 863 864 869 870 932 1032 1033 1038 1039 1065 1180 1181 1182 1183 1184 1206 1207 1210 1211 1252 1253 1254 1255 1256 1260 1261 1262 1264 1265 1282 1382 1384 1386 1387 1388 1389 1390 1392 1394 1398 1402 1403 1405 1406 1418 1593 1594 1597 1598 1624 1661 1662 1664 1665 1681 1710 1714 1715 1717 1718 1727 1831 1861 1865 1866 1868 1869 1881 1882 2003 2009 2010 2011 2067 2073 2074 2144 2145 2149 2150 2216 2217 2219 2220 
46 250 438 467 763 765 770 777 778 779 783 792 797 805 811 812 842 1157 1257 1258 1259 1260 1261 1262 1263 1264 1265 1266 1267 1268 1306 1310 1311 1318 1796 1919 2142 2143 2144 2145 2147 2149 2150 2151 2152 2153 2156 
23 50 238 268 518 586 589 612 1176 1181 1251 1254 1261 1269 1389 1508 1522 1579 1818 1844 1858 1875 1882 2192 
77 15 40 48 49 50 266 267 268 298 352 511 513 517 518 524 526 581 583 585 586 588 589 593 595 605 611 612 613 644 870 1039 1180 1181 1211 1252 1253 1254 1260 1261 1269 1382 1384 1388 1389 1398 1406 1505 1506 1507 1508 1520 1522 1523 1553 1562 1577 1579 1580 1598 1665 1710 1717 1764 1856 1857 1858 1861 1868 1881 1882 2011 2074 2150 2190 2191 2192 2220 
257 126 140 150 156 157 159 161 164 165 166 171 219 242 243 245 248 252 253 254 257 258 259 260 261 281 420 421 422 424 426 434 436 440 441 443 446 447 448 449 450 451 453 454 455 456 459 464 470 471 473 476 477 478 479 730 742 744 746 751 752 753 762 800 801 802 804 805 806 808 809 810 812 813 814 815 818 819 820 821 822 823 826 837 844 845 847 849 852 853 854 855 856 859 879 880 881 883 885 893 895 899 900 902 903 906 907 908 909 910 911 913 916 994 1145 1146 1148 1150 1155 1161 1162 1164 1166 1167 1168 1169 1170 1172 1270 1271 1272 1273 1274 1275 1276 1277 1278 1279 1280 1281 1282 1283 1284 1285 1286 1287 1288 1289 1290 1291 1292 1293 1294 1295 1296 1297 1298 1299 1300 1301 1302 1303 1304 1305 1306 1307 1308 1309 1311 1312 1313 1314 1315 1316 1317 1318 1319 1432 1443 1445 1447 1449 1452 1458 1494 1495 1497 1502 1503 1777 1778 1779 1780 1781 1783 1787 1792 1794 1798 1799 1801 1804 1805 1806 1807 1808 1809 1810 1901 1902 1904 1905 1907 1911 1915 1917 1922 1923 1924 1927 1928 1929 1930 1931 1932 1934 1937 2027 2046 2047 2049 2051 2054 2055 2056 2065 2091 2093 2096 2097 2098 2123 2124 2125 2127 2129 2131 2132 2133 2135 2136 2137 2138 2139 2140 2183 2185 2188 
242 126 127 128 131 136 180 219 220 224 278 279 281 285 420 421 422 424 426 427 428 431 433 434 436 437 438 439 440 441 442 443 446 447 448 449 450 451 453 454 455 456 459 460 461 464 466 467 468 470 471 472 473 474 476 477 478 479 490 730 740 742 743 744 745 746 747 751 752 753 759 762 822 823 826 829 830 836 837 840 841 842 843 844 845 846 847 848 849 852 853 854 855 856 858 859 994 995 999 1023 1145 1146 1148 1150 1151 1152 1155 1156 1157 1159 1161 1162 1163 1164 1166 1167 1168 1169 1170 1172 1241 1247 1302 1303 1304 1305 1306 1307 1308 1309 1310 1311 1312 1313 1314 1315 1316 1317 1318 1319 1432 1442 1443 1445 1446 1447 1448 1449 1450 1452 1456 1458 1494 1495 1496 1497 1498 1500 1502 1503 1777 1778 1779 1780 1781 1783 1784 1785 1787 1789 1791 1792 1794 1795 1796 1797 1798 1799 1800 1801 1804 1805 1806 1807 1808 1809 1810 1901 1902 1904 1905 1907 1908 1909 1911 1913 1914 1915 1917 1918 1919 1920 1922 1923 1924 1927 1928 1929 1930 1931 1932 1934 1937 2027 2032 2033 2042 2043 2046 2047 2048 2049 2050 2051 2054 2055 2056 2062 2065 2091 2092 2093 2094 2095 2096 2097 2098 2183 2184 2185 2186 2187 2188 
163 16 18 29 41 87 201 263 265 269 270 299 300 353 354 362 415 510 513 514 519 520 521 526 532 533 534 535 542 548 565 604 607 614 615 616 617 621 624 626 627 628 629 645 646 649 654 677 683 698 701 709 710 711 712 713 718 723 779 812 871 873 1040 1042 1043 1177 1179 1182 1183 1194 1199 1212 1213 1214 1220 1225 1226 1227 1230 1257 1259 1262 1263 1264 1266 1283 1311 1320 1321 1322 1323 1324 1326 1327 1328 1329 1367 1372 1375 1381 1384 1385 1390 1391 1392 1393 1395 1407 1408 1511 1524 1526 1529 1535 1543 1544 1545 1546 1550 1563 1564 1568 1581 1583 1585 1599 1600 1601 1648 1666 1667 1682 1718 1719 1720 1765 1766 1849 1850 1851 1852 1869 1870 1871 1879 1883 1884 1896 1957 1964 2012 2075 2108 2113 2114 2117 2151 2152 2153 2168 2205 2221 2222 2230 
168 11 12 16 17 18 22 29 41 42 70 201 202 347 348 353 354 357 362 415 416 524 526 531 532 533 534 535 536 540 541 542 545 548 565 566 604 605 607 610 611 614 615 616 617 618 620 621 640 641 645 646 649 650 654 675 676 677 680 683 779 780 812 813 867 871 872 873 874 933 1036 1040 1041 1042 1043 1044 1066 1119 1177 1179 1180 1182 1183 1184 1192 1193 1194 1197 1199 1209 1212 1213 1214 1215 1283 1284 1311 1312 1324 1325 1326 1327 1328 1329 1381 1382 1384 1385 1388 1390 1391 1392 1393 1394 1395 1398 1404 1407 1408 1409 1419 1553 1560 1563 1564 1565 1625 1648 1649 1663 1666 1667 1668 1682 1683 1710 1716 1718 1719 1720 1721 1728 1832 1861 1867 1869 1870 1871 1872 1896 1897 1957 1958 2006 2007 2012 2013 2017 2148 2151 2152 2153 2154 2205 2206 2218 2221 2222 2223 
38 191 239 269 519 532 579 590 600 614 626 692 711 1141 1182 1188 1225 1255 1262 1328 1334 1340 1390 1509 1533 1543 1705 1708 1718 1747 1773 1847 1851 1859 1869 1876 2105 2113 2193 
90 18 265 269 270 299 354 505 514 519 520 532 533 534 542 554 556 578 579 580 600 601 602 607 614 615 616 626 627 628 646 677 692 693 698 705 706 711 712 718 873 1042 1141 1142 1143 1179 1182 1183 1194 1213 1225 1226 1227 1259 1262 1263 1264 1322 1323 1327 1328 1329 1330 1372 1385 1390 1391 1392 1407 1524 1543 1544 1545 1563 1581 1600 1666 1718 1719 1747 1748 1765 1851 1852 1869 1870 1883 2113 2114 2152 2221 
24 567 781 814 1120 1207 1214 1215 1285 1313 1331 1332 1333 1334 1335 1336 1650 1662 1667 1668 1684 1687 2217 2222 2223 
21 295 296 300 301 568 782 815 1207 1209 1214 1215 1286 1314 1337 1338 1339 1340 1341 1342 1651 1685 
66 207 208 214 215 216 222 227 228 978 979 989 990 991 997 1008 1017 1018 1019 1025 1233 1239 1240 1246 1248 1343 1344 1345 1346 1347 1348 1349 1350 1351 1352 1353 1354 1355 1356 1357 1358 1359 1360 1361 1362 1363 1364 1365 1366 1483 1484 1485 1486 1488 1491 1492 1495 1496 1497 1503 1504 1938 1944 1945 1946 1949 1951 
46 82 83 85 87 88 92 98 101 107 111 396 398 404 408 1090 1115 1118 1121 1133 1137 1139 1158 1367 1368 1369 1370 1371 1372 1373 1374 1375 1376 1377 1978 1981 1982 1993 1997 2044 2089 2225 2226 2227 2230 2231 2234 
90 19 265 269 270 271 291 292 300 341 355 513 514 515 519 520 521 522 526 527 528 532 534 535 543 583 584 587 590 591 592 595 596 597 600 602 603 632 634 647 649 678 719 783 862 1030 1031 1043 1195 1203 1204 1214 1259 1262 1264 1265 1287 1378 1379 1380 1420 1570 1572 1583 1590 1591 1601 1658 1659 1667 1686 1712 1713 1718 1720 1729 1843 1845 1847 1848 1863 1864 1869 1871 2014 2142 2143 2153 2213 2214 2222 
26 20 356 506 544 619 648 679 694 699 720 1189 1196 1373 1410 1525 1548 1582 1687 1707 1730 1749 1819 1873 1878 2015 2106 
241 8 9 10 11 12 13 14 15 16 17 18 22 25 29 31 35 36 39 40 41 42 58 59 66 69 70 71 76 80 99 154 196 197 201 202 251 316 343 344 345 346 347 348 350 351 352 353 354 357 359 362 364 366 439 468 539 540 541 542 545 546 548 550 552 561 562 565 566 636 637 638 639 640 641 643 644 645 646 649 650 654 657 658 675 676 677 680 683 686 687 769 770 775 777 779 780 790 795 804 805 812 813 816 843 863 864 865 866 867 869 870 871 872 873 874 897 920 921 930 932 933 934 940 943 954 1054 1062 1065 1066 1067 1074 1078 1091 1116 1119 1122 1159 1305 1306 1311 1312 1381 1382 1383 1384 1385 1386 1387 1388 1389 1390 1391 1392 1393 1394 1395 1396 1397 1398 1399 1402 1403 1404 1405 1406 1407 1408 1409 1414 1416 1418 1419 1423 1426 1469 1613 1614 1622 1624 1625 1626 1632 1637 1644 1645 1648 1649 1725 1726 1727 1728 1732 1736 1797 1861 1862 1865 1866 1867 1868 1869 1870 1871 1872 1890 1891 1896 1897 1920 1979 1983 2003 2004 2005 2006 2007 2008 2009 2010 2011 2012 2013 2017 2019 2024 2130 2144 2145 2146 2147 2148 2149 2150 2151 2152 2153 2154 2200 2201 2205 2206 
176 3 8 9 10 11 12 13 14 15 16 17 18 20 21 22 24 25 29 31 33 35 36 37 39 40 41 42 44 58 59 64 66 68 69 70 71 75 76 80 81 98 99 101 102 107 111 154 155 316 317 396 398 399 404 408 468 469 557 561 562 563 565 566 570 666 741 895 897 898 953 954 955 1054 1059 1062 1064 1065 1066 1067 1073 1074 1078 1079 1091 1092 1115 1116 1118 1119 1122 1133 1139 1159 1160 1353 1398 1399 1400 1401 1402 1403 1404 1405 1406 1407 1408 1409 1410 1414 1415 1416 1417 1418 1419 1421 1422 1423 1426 1427 1444 1468 1469 1470 1613 1614 1618 1622 1623 1624 1625 1626 1628 1631 1632 1637 1638 1640 1644 1645 1646 1648 1649 1653 1911 1917 1920 1921 1932 1937 1978 1979 1981 1983 1984 1993 1997 1998 2003 2004 2005 2006 2007 2008 2009 2010 2011 2012 2013 2015 2016 2017 2018 2019 2024 2045 2090 
18 1411 1412 1413 1414 1415 1416 1417 1418 1419 1420 1421 1422 1423 1424 1425 1426 1427 1428 
79 172 173 174 175 176 177 178 180 182 183 185 186 367 368 369 371 373 978 980 981 982 983 984 986 987 988 993 994 995 998 999 1000 1002 1003 1004 1006 1007 1010 1011 1013 1014 1016 1021 1022 1023 1026 1027 1028 1429 1430 1431 1432 1433 1434 1435 1436 1437 1438 1439 1440 1441 1442 1443 1444 1445 1446 1447 1448 1449 1450 1451 1452 1453 1454 1455 1456 1457 1458 1459 
114 172 181 207 208 214 221 222 227 228 273 276 277 284 286 372 727 728 731 732 733 734 737 738 741 742 743 744 748 749 751 753 754 757 758 760 761 978 979 989 996 997 1008 1017 1024 1025 1233 1239 1240 1246 1248 1460 1461 1462 1463 1464 1465 1466 1467 1468 1469 1470 1471 1472 1473 1474 1475 1476 1477 1478 1479 1480 1481 1482 1483 1484 1485 1486 1488 1491 1492 1495 1496 1497 1503 1504 1938 1944 1950 1951 2026 2028 2029 2030 2031 2032 2033 2034 2038 2039 2040 2045 2046 2047 2048 2049 2052 2053 2054 2056 2057 2060 2061 2063 2064 
75 207 208 209 211 214 215 216 217 218 219 220 221 222 223 224 225 226 227 228 229 230 978 979 980 984 989 990 991 992 993 994 995 996 997 998 999 1003 1004 1005 1006 1007 1008 1017 1018 1019 1020 1021 1022 1023 1024 1025 1027 1028 1483 1484 1485 1486 1487 1488 1489 1490 1491 1492 1493 1494 1495 1496 1497 1498 1499 1500 1501 1502 1503 1504 
43 72 784 935 1032 1033 1038 1039 1068 1123 1288 1505 1506 1507 1508 1509 1510 1517 1518 1520 1521 1522 1523 1574 1575 1577 1578 1579 1580 1593 1594 1597 1598 1627 1688 1760 1761 1763 1764 1833 2067 2073 2074 2229 
176 55 65 72 74 77 79 82 86 87 88 89 90 92 94 106 109 156 252 318 375 387 389 392 403 406 440 451 453 470 669 671 742 764 767 773 779 784 788 791 793 794 809 812 820 821 844 856 899 911 913 962 964 972 1051 1068 1072 1075 1077 1093 1103 1110 1123 1132 1135 1137 1161 1172 1270 1272 1275 1279 1283 1288 1291 1294 1295 1297 1298 1309 1311 1317 1319 1354 1445 1479 1481 1495 1511 1512 1513 1514 1515 1516 1517 1518 1519 1520 1521 1522 1523 1524 1525 1526 1527 1528 1529 1530 1531 1589 1590 1591 1592 1593 1594 1596 1597 1598 1599 1600 1601 1602 1603 1611 1619 1627 1630 1633 1636 1669 1671 1674 1678 1682 1687 1688 1690 1693 1695 1696 1780 1798 1808 1809 1826 1833 1835 1838 1904 1922 1931 1934 1971 1985 1992 1995 2046 2066 2067 2071 2072 2073 2074 2075 2076 2077 2079 2091 2131 2140 2225 2228 2229 2230 2231 2232 2234 
38 21 785 1225 1227 1229 1289 1400 1401 1408 1421 1532 1533 1534 1538 1539 1543 1545 1546 1549 1555 1556 1564 1628 1689 1741 1742 1747 1750 1752 1757 1758 1766 2016 2113 2116 2142 2143 2153 
184 3 9 11 12 16 18 20 21 22 24 29 33 35 37 41 44 58 64 68 75 81 98 101 107 111 157 253 319 396 398 404 408 436 441 454 471 557 561 563 565 570 804 808 812 845 895 900 953 956 1059 1064 1069 1073 1079 1094 1115 1118 1124 1133 1139 1162 1270 1276 1278 1281 1283 1289 1291 1292 1300 1305 1308 1311 1355 1415 1417 1421 1422 1427 1468 1471 1535 1536 1537 1538 1539 1540 1541 1542 1543 1544 1545 1546 1547 1548 1549 1550 1551 1552 1553 1554 1555 1556 1560 1563 1564 1565 1566 1613 1618 1623 1628 1631 1638 1640 1644 1646 1648 1653 1669 1675 1677 1680 1682 1687 1689 1690 1691 1698 1755 1756 1757 1758 1762 1765 1766 1767 1768 1787 1794 1799 1810 1828 1830 1836 1840 1911 1917 1923 1932 1937 1954 1955 1956 1957 1959 1961 1962 1963 1964 1965 1978 1981 1986 1993 1997 1998 2004 2006 2007 2012 2015 2016 2017 2018 2047 2132 2163 2165 2166 2167 2168 2169 2170 
206 33 35 37 38 39 40 41 42 44 45 47 55 58 62 64 65 66 68 70 74 75 76 77 79 81 94 98 99 101 106 107 109 111 146 157 158 309 319 320 392 396 398 403 404 406 408 428 436 441 442 451 453 454 461 471 472 557 561 563 564 565 566 570 571 572 574 743 830 845 846 856 887 895 900 901 911 913 952 953 956 962 964 973 1088 1094 1095 1103 1110 1114 1115 1116 1118 1119 1124 1132 1133 1135 1137 1139 1152 1162 1163 1172 1305 1308 1309 1311 1312 1317 1319 1348 1355 1356 1446 1467 1468 1471 1472 1479 1481 1496 1553 1554 1555 1556 1557 1558 1559 1560 1561 1562 1563 1564 1565 1566 1567 1640 1644 1646 1647 1648 1649 1653 1654 1656 1669 1671 1674 1675 1677 1678 1679 1680 1682 1683 1687 1689 1690 1691 1692 1693 1695 1696 1698 1780 1785 1787 1794 1799 1800 1808 1809 1810 1826 1828 1829 1830 1832 1835 1836 1837 1838 1840 1904 1909 1911 1917 1923 1931 1932 1934 1937 1971 1976 1978 1979 1981 1986 1992 1993 1995 1997 2033 2047 2048 2092 
198 105 106 109 159 245 254 261 321 386 387 389 402 403 406 426 443 450 451 453 459 473 479 744 763 764 765 771 773 779 783 784 787 788 791 792 793 794 797 806 809 812 819 820 821 847 855 856 885 902 910 911 913 917 922 927 935 937 938 941 942 944 950 960 962 964 974 1030 1031 1032 1033 1036 1037 1038 1039 1040 1042 1043 1046 1047 1086 1101 1103 1113 1123 1131 1132 1135 1137 1150 1164 1170 1172 1271 1272 1273 1279 1283 1287 1288 1294 1295 1296 1297 1298 1301 1307 1309 1311 1316 1317 1318 1319 1357 1447 1465 1477 1479 1481 1497 1568 1569 1570 1571 1572 1573 1574 1575 1576 1577 1578 1579 1580 1581 1582 1583 1584 1585 1586 1587 1588 1590 1591 1592 1593 1594 1596 1597 1598 1599 1600 1601 1603 1604 1670 1671 1672 1678 1682 1686 1687 1688 1693 1694 1695 1696 1699 1783 1801 1807 1808 1809 1825 1833 1834 1835 1838 1907 1924 1930 1931 1934 1974 1991 1992 1995 2049 2093 2127 2133 2139 2140 2185 2228 2229 2230 2232 2233 2234 
146 128 145 149 156 159 160 245 246 252 254 255 261 279 308 318 321 322 375 377 380 381 386 387 389 426 427 431 433 440 443 450 451 453 459 460 470 473 474 479 742 744 745 763 764 765 767 769 770 771 773 774 777 779 783 784 787 788 791 792 793 794 795 797 804 805 806 807 809 812 819 820 821 829 836 844 847 848 855 856 1150 1151 1161 1164 1170 1172 1305 1306 1307 1309 1311 1316 1317 1318 1319 1445 1447 1448 1495 1497 1498 1589 1590 1591 1592 1593 1594 1595 1596 1597 1598 1599 1600 1601 1602 1603 1604 1605 1780 1783 1784 1789 1791 1798 1801 1807 1808 1809 1904 1907 1908 1913 1914 1922 1924 1930 1931 1934 2032 2046 2049 2050 2091 2093 2094 2185 2186 
41 2 51 187 192 231 234 235 240 262 270 520 534 580 591 602 616 628 693 706 712 1143 1183 1227 1256 1264 1323 1329 1335 1341 1380 1392 1510 1534 1545 1606 1774 1848 1852 1860 1877 2194 
102 1 2 189 192 232 233 234 236 240 265 270 300 336 513 514 520 521 526 534 535 553 554 556 583 584 591 595 602 603 607 616 617 624 628 629 649 689 693 704 705 706 709 712 713 1043 1140 1143 1144 1179 1183 1214 1227 1259 1264 1320 1322 1323 1324 1327 1329 1331 1335 1337 1341 1378 1379 1380 1384 1385 1392 1393 1408 1526 1532 1534 1545 1546 1564 1583 1601 1606 1607 1667 1700 1706 1720 1750 1766 1771 1774 1820 1843 1848 1849 1852 1871 1874 1877 2153 2161 2189 2222 
90 22 300 301 357 507 526 532 534 535 536 545 607 614 616 617 618 620 649 650 680 689 692 693 700 874 1043 1044 1179 1182 1183 1184 1197 1214 1215 1225 1227 1228 1229 1324 1327 1328 1329 1331 1334 1335 1336 1337 1340 1341 1342 1374 1384 1385 1390 1392 1393 1394 1408 1409 1543 1545 1546 1547 1549 1564 1565 1607 1667 1668 1718 1720 1721 1747 1750 1751 1752 1766 1767 1869 1871 1872 2017 2113 2115 2116 2153 2154 2169 2222 2223 
204 112 115 119 122 129 134 135 137 139 141 142 143 144 145 146 147 149 151 154 155 156 157 162 163 164 166 167 168 170 222 227 228 276 284 286 303 304 305 306 307 308 309 310 311 313 316 317 318 319 323 324 325 326 327 328 329 331 727 731 732 733 734 737 741 742 748 749 751 753 754 757 758 760 761 945 946 947 948 949 950 951 952 953 954 955 956 957 958 959 961 962 963 964 965 997 1025 1239 1246 1248 1343 1344 1345 1346 1347 1348 1349 1350 1352 1353 1354 1355 1358 1359 1360 1361 1362 1363 1364 1365 1366 1460 1461 1462 1463 1464 1465 1466 1467 1468 1469 1470 1471 1473 1474 1475 1476 1478 1479 1480 1481 1482 1483 1485 1486 1488 1491 1495 1503 1504 1608 1609 1610 1611 1612 1613 1614 1615 1616 1617 1618 1619 1620 1621 1622 1623 1624 1625 1626 1627 1628 1629 1630 1631 1632 1633 1634 1635 1636 1637 1638 1639 1951 2026 2028 2029 2030 2031 2032 2033 2034 2038 2040 2045 2046 2047 2052 2053 2054 2056 2057 2060 2061 2063 2064 
164 130 134 182 223 280 281 455 456 459 461 464 468 469 471 472 476 477 480 491 730 731 741 743 746 751 752 754 757 760 762 879 880 881 882 883 885 887 893 895 897 898 900 901 903 906 907 908 911 912 913 915 916 998 1106 1107 1108 1109 1110 1112 1113 1114 1115 1116 1117 1118 1119 1120 1122 1123 1124 1128 1129 1132 1133 1134 1135 1137 1139 1145 1146 1148 1150 1152 1155 1159 1160 1162 1163 1166 1167 1168 1171 1172 1242 1432 1433 1444 1446 1449 1452 1455 1457 1458 1496 1499 1502 1504 1640 1641 1642 1643 1644 1645 1646 1647 1648 1649 1650 1651 1652 1653 1654 1655 1656 1900 1901 1902 1903 1904 1905 1907 1909 1911 1915 1917 1920 1921 1923 1927 1928 1931 1932 1933 1934 1936 1937 2027 2028 2033 2045 2047 2048 2051 2054 2055 2057 2060 2063 2065 2090 2092 2096 2097 2099 
150 99 150 161 242 243 245 248 259 281 421 424 426 434 448 455 456 459 464 561 562 565 566 567 573 746 801 802 804 805 806 810 812 813 814 818 822 826 837 849 880 883 885 893 903 908 1082 1084 1086 1089 1099 1108 1112 1113 1116 1117 1119 1120 1129 1146 1148 1150 1155 1168 1271 1272 1273 1276 1277 1280 1282 1283 1284 1285 1287 1290 1293 1296 1298 1299 1301 1303 1304 1305 1306 1307 1311 1312 1313 1315 1318 1449 1644 1645 1648 1649 1650 1652 1655 1657 1658 1659 1660 1661 1662 1663 1664 1665 1666 1667 1668 1670 1671 1672 1675 1676 1679 1681 1682 1683 1684 1686 1687 1692 1694 1696 1697 1699 1778 1781 1783 1792 1805 1825 1827 1829 1831 1832 1837 1839 1902 1905 1907 1915 1928 2051 2124 2125 2127 2129 2137 
256 94 98 99 101 105 106 107 109 111 131 224 281 420 421 422 424 426 428 434 436 440 441 442 443 446 447 448 449 450 451 453 454 455 456 459 461 464 470 471 472 473 476 477 478 479 730 742 743 744 746 747 751 752 753 762 822 823 826 830 837 844 845 846 847 849 852 853 854 855 856 859 879 880 881 883 885 887 893 895 899 900 901 902 903 906 907 908 909 910 911 913 916 999 1107 1108 1110 1112 1113 1114 1115 1116 1117 1118 1119 1120 1123 1124 1128 1129 1130 1131 1132 1133 1135 1137 1139 1145 1146 1148 1150 1152 1155 1161 1162 1163 1164 1166 1167 1168 1169 1170 1172 1302 1303 1304 1305 1306 1307 1308 1309 1311 1312 1313 1314 1315 1316 1317 1318 1319 1432 1445 1446 1447 1449 1450 1452 1458 1495 1496 1497 1500 1502 1503 1669 1670 1671 1672 1673 1674 1675 1676 1677 1678 1679 1680 1681 1682 1683 1684 1685 1686 1687 1688 1689 1690 1691 1692 1693 1694 1695 1696 1697 1698 1699 1777 1778 1779 1780 1781 1783 1785 1787 1792 1794 1798 1799 1800 1801 1804 1805 1806 1807 1808 1809 1810 1901 1902 1904 1905 1907 1909 1911 1915 1917 1922 1923 1924 1927 1928 1929 1930 1931 1932 1934 1937 2027 2033 2046 2047 2048 2049 2051 2054 2055 2056 2065 2091 2092 2093 2095 2096 2097 2098 2185 2187 2188 
106 6 8 20 23 26 28 30 43 45 47 53 73 79 103 162 194 203 206 323 340 341 344 356 360 363 384 400 444 559 569 572 574 632 633 634 637 648 649 652 655 667 673 679 681 684 748 799 817 821 850 862 864 876 904 918 936 942 945 957 964 1030 1031 1033 1043 1046 1050 1070 1077 1080 1106 1125 1126 1137 1358 1460 1473 1481 1609 1629 1636 1700 1701 1702 1703 1704 1705 1706 1707 1723 1730 1733 1735 1776 1802 1888 1898 1899 1900 1925 1968 1987 2052 2122 2199 2207 2211 
36 8 20 23 43 73 203 344 356 417 544 569 637 648 679 817 864 936 957 1033 1070 1126 1187 1188 1189 1196 1473 1629 1700 1704 1705 1707 1708 1709 1730 1898 2207 
286 3 5 7 8 10 11 12 13 14 15 16 17 18 19 22 24 25 27 29 31 32 33 36 39 40 41 42 44 46 52 56 59 60 66 69 70 75 76 80 99 104 107 163 195 197 198 201 202 205 243 245 256 324 337 339 341 342 343 344 346 347 348 350 351 352 353 354 355 357 358 359 361 362 364 365 366 385 388 401 404 424 426 445 456 459 475 557 562 565 566 570 573 630 631 632 634 635 636 637 639 640 641 643 644 645 646 647 649 650 651 653 654 656 657 658 668 672 674 675 676 677 678 680 682 683 685 686 687 749 802 805 806 812 813 826 851 860 862 863 864 866 867 869 870 871 872 873 874 875 877 883 885 905 917 919 921 922 930 932 933 939 940 943 944 948 950 958 1029 1030 1031 1032 1033 1035 1036 1038 1039 1040 1041 1042 1043 1044 1045 1047 1049 1052 1054 1055 1062 1065 1066 1071 1073 1074 1078 1084 1086 1096 1112 1113 1116 1119 1127 1133 1148 1150 1165 1359 1411 1413 1414 1416 1418 1419 1420 1422 1423 1424 1426 1428 1463 1465 1474 1608 1612 1614 1615 1622 1624 1625 1631 1632 1635 1637 1639 1710 1711 1712 1713 1714 1715 1716 1717 1718 1719 1720 1721 1722 1724 1725 1726 1727 1728 1729 1731 1732 1734 1736 1737 1781 1783 1803 1889 1891 1892 1896 1897 1905 1907 1926 1932 1972 1974 1979 1988 1993 2053 2125 2127 2134 2198 2201 2202 2205 2206 2209 2210 
34 243 244 245 246 251 256 748 749 750 1451 1501 1722 1723 1724 1725 1726 1727 1728 1729 1730 1731 1732 1733 1734 1735 1736 1737 2122 2125 2126 2127 2128 2130 2134 
166 55 58 64 68 79 81 94 98 101 111 164 257 325 392 396 398 408 436 446 454 476 557 561 563 570 574 751 804 808 821 852 895 906 953 959 964 1051 1059 1064 1077 1079 1097 1110 1115 1118 1128 1137 1139 1166 1270 1275 1276 1278 1281 1289 1291 1297 1300 1305 1308 1319 1360 1468 1475 1481 1611 1613 1618 1623 1628 1636 1638 1640 1644 1646 1653 1656 1669 1674 1675 1677 1680 1687 1689 1690 1695 1698 1738 1739 1740 1741 1742 1743 1744 1745 1746 1747 1748 1749 1750 1751 1752 1753 1754 1755 1756 1757 1758 1761 1762 1765 1766 1767 1768 1780 1787 1794 1804 1810 1826 1828 1830 1840 1904 1911 1917 1927 1937 1961 1962 1963 1965 1967 1971 1978 1981 1989 1997 1998 2003 2004 2006 2007 2015 2016 2017 2018 2022 2054 2066 2067 2068 2070 2071 2076 2079 2096 2135 2163 2164 2165 2166 2167 2169 2170 2172 
170 94 98 101 106 107 109 111 157 164 165 253 257 258 436 441 446 447 451 453 454 471 476 477 557 561 563 564 565 570 571 572 574 751 752 804 808 809 812 820 821 845 852 853 856 895 900 906 907 911 913 975 1094 1097 1098 1103 1110 1115 1118 1123 1124 1128 1132 1133 1135 1137 1139 1162 1166 1167 1172 1270 1272 1275 1276 1278 1279 1281 1283 1288 1289 1291 1292 1294 1295 1297 1298 1300 1305 1308 1309 1311 1317 1319 1452 1502 1640 1644 1646 1647 1648 1653 1654 1656 1669 1671 1674 1675 1677 1678 1680 1682 1687 1688 1689 1690 1691 1693 1695 1696 1698 1755 1756 1757 1758 1759 1760 1761 1762 1763 1764 1765 1766 1767 1768 1769 1780 1787 1794 1799 1804 1808 1809 1810 1826 1828 1830 1833 1835 1836 1838 1840 1904 1911 1917 1923 1927 1931 1932 1934 1937 2047 2054 2055 2096 2097 2132 2135 2136 2140 2188 
56 259 290 291 292 293 300 448 573 764 786 792 794 797 818 908 1099 1129 1168 1203 1204 1205 1214 1216 1272 1290 1296 1298 1301 1315 1318 1652 1655 1657 1658 1659 1660 1667 1671 1694 1696 1699 1770 1771 1772 1773 1774 1775 1805 1928 2137 2212 2213 2214 2215 2222 2224 
90 174 180 185 455 456 457 459 460 461 462 463 464 465 466 467 468 470 471 472 473 474 475 476 477 478 479 484 490 495 981 986 994 995 999 1000 1006 1013 1023 1026 1432 1436 1437 1438 1441 1442 1443 1445 1446 1447 1448 1449 1450 1452 1456 1458 1776 1777 1778 1779 1780 1781 1782 1783 1784 1785 1786 1787 1788 1789 1790 1791 1792 1793 1794 1795 1796 1797 1798 1799 1800 1801 1802 1803 1804 1805 1806 1807 1808 1809 1810 
121 55 77 79 81 82 88 89 90 92 94 109 111 166 260 326 392 406 408 449 453 454 478 671 753 820 821 854 909 913 962 964 976 1051 1075 1077 1079 1100 1103 1110 1130 1135 1137 1139 1169 1172 1270 1272 1275 1291 1294 1295 1297 1298 1300 1317 1319 1361 1476 1479 1481 1503 1611 1633 1636 1638 1669 1671 1674 1687 1690 1693 1695 1696 1698 1780 1806 1809 1810 1811 1812 1813 1814 1815 1816 1817 1818 1819 1820 1821 1822 1823 1824 1826 1838 1840 1904 1929 1934 1937 1961 1965 1966 1967 1971 1990 1995 1997 2056 2066 2067 2076 2077 2079 2098 2138 2140 2163 2164 2170 2171 2172 
22 972 973 974 975 976 1001 1825 1826 1827 1828 1829 1830 1831 1832 1833 1834 1835 1836 1837 1838 1839 1840 
96 105 204 205 261 386 402 418 450 479 714 715 716 719 721 722 723 724 725 726 764 765 783 787 792 794 797 819 855 910 937 944 960 1030 1031 1033 1043 1046 1047 1101 1131 1170 1272 1273 1287 1295 1296 1298 1301 1316 1318 1477 1569 1570 1571 1572 1573 1575 1577 1579 1583 1584 1585 1586 1587 1588 1590 1591 1592 1594 1601 1603 1604 1671 1672 1686 1693 1694 1696 1699 1807 1834 1841 1842 1843 1844 1845 1846 1847 1848 1930 1991 2139 2208 2210 2232 2233 
74 38 41 65 74 86 87 106 387 403 451 564 565 669 773 779 788 809 812 856 911 927 938 1036 1037 1040 1042 1043 1072 1132 1279 1283 1309 1311 1511 1519 1520 1524 1526 1529 1560 1563 1564 1568 1576 1577 1581 1583 1585 1596 1599 1600 1601 1619 1630 1647 1648 1678 1682 1762 1765 1766 1808 1835 1849 1850 1851 1852 1931 1992 2071 2072 2075 2228 2230 
85 24 44 88 358 366 497 498 499 501 508 509 570 605 606 607 622 623 651 657 658 686 687 695 702 703 875 1045 1217 1218 1219 1221 1231 1232 1291 1368 1376 1377 1398 1399 1512 1527 1530 1531 1536 1537 1551 1552 1553 1554 1566 1602 1653 1690 1710 1711 1739 1740 1753 1754 1755 1768 1811 1812 1821 1823 1824 1853 1854 1855 1861 1862 1959 1965 2018 2076 2109 2118 2119 2155 2170 2195 2196 2197 2209 2231 
92 3 24 33 44 75 82 88 107 337 358 366 388 404 557 570 605 606 607 622 623 630 651 657 658 686 687 695 702 703 789 860 875 939 1029 1045 1073 1133 1221 1231 1232 1270 1291 1292 1368 1376 1377 1398 1399 1422 1536 1537 1551 1552 1553 1554 1566 1631 1640 1653 1669 1690 1691 1710 1711 1731 1755 1756 1768 1836 1854 1855 1861 1862 1932 1954 1959 1961 1965 1993 1998 2018 2109 2118 2119 2141 2155 2163 2170 2198 2209 2225 2231 
108 8 13 15 25 39 40 76 343 344 350 352 359 524 526 529 530 532 534 546 605 608 609 611 612 613 614 616 620 636 637 643 644 790 863 864 869 870 940 1032 1033 1038 1039 1074 1180 1181 1182 1183 1184 1206 1207 1210 1211 1293 1382 1384 1386 1387 1388 1389 1390 1392 1394 1398 1402 1403 1405 1406 1423 1553 1558 1559 1561 1562 1632 1661 1662 1664 1665 1692 1710 1714 1715 1717 1718 1732 1837 1856 1857 1858 1859 1860 1861 1865 1866 1868 1869 2003 2009 2011 2019 2144 2145 2149 2150 2216 2217 2219 2220 
271 3 5 7 8 9 10 11 12 13 14 15 16 17 18 19 20 22 24 25 27 29 31 32 33 35 36 37 39 40 41 42 44 46 52 56 58 59 64 66 68 69 70 71 75 76 80 98 99 101 107 108 154 167 316 327 337 339 341 342 343 344 345 346 347 348 350 351 352 353 354 355 356 357 358 359 361 362 364 365 366 396 398 404 405 424 436 439 452 456 468 480 557 561 562 563 565 566 570 573 670 754 802 804 805 808 812 813 816 826 843 857 860 862 863 864 865 866 867 869 870 871 872 873 874 875 877 883 895 897 912 917 919 920 921 926 930 931 932 933 934 939 940 943 944 948 953 954 961 1049 1052 1054 1059 1062 1064 1065 1066 1067 1073 1074 1078 1084 1091 1102 1112 1115 1116 1118 1119 1122 1133 1134 1148 1159 1171 1362 1411 1413 1414 1415 1416 1417 1418 1419 1420 1422 1423 1424 1426 1428 1463 1468 1469 1478 1608 1612 1613 1614 1618 1622 1623 1624 1625 1626 1631 1632 1635 1637 1639 1640 1644 1645 1646 1648 1649 1653 1655 1861 1862 1863 1864 1865 1866 1867 1868 1869 1870 1871 1872 1873 1889 1890 1891 1894 1896 1897 1905 1911 1917 1920 1932 1933 1972 1978 1979 1981 1983 1993 1994 1998 2000 2002 2003 2004 2005 2006 2007 2008 2009 2010 2011 2012 2013 2014 2015 2017 2018 2019 2021 2024 2025 2057 
9 619 694 1189 1410 1548 1707 1873 1878 2106 
122 45 47 77 79 89 90 92 109 389 406 453 571 572 574 671 764 791 793 794 820 821 913 941 942 962 964 1030 1031 1033 1043 1046 1075 1077 1103 1135 1137 1172 1272 1294 1295 1297 1298 1317 1319 1479 1481 1514 1515 1516 1518 1520 1522 1525 1526 1528 1555 1556 1557 1559 1564 1567 1570 1571 1572 1573 1575 1577 1579 1582 1583 1584 1586 1590 1591 1592 1594 1601 1603 1633 1636 1654 1656 1671 1687 1693 1695 1696 1757 1758 1759 1761 1766 1769 1809 1813 1814 1815 1816 1817 1818 1819 1820 1822 1838 1874 1875 1876 1877 1878 1934 1966 1967 1995 2067 2077 2079 2140 2164 2171 2172 2232 2234 
36 52 59 69 78 84 87 91 963 1049 1054 1065 1076 1104 1136 1173 1480 1608 1614 1624 1634 1635 1639 1879 1880 1881 1882 1883 1884 1885 1886 2067 2069 2073 2074 2075 2078 
71 115 117 119 120 132 183 373 423 424 425 426 427 428 429 433 435 436 439 444 445 452 456 457 458 459 460 461 468 475 480 492 824 825 826 827 828 829 830 831 832 833 836 838 843 850 851 857 1002 1243 1433 1434 1435 1436 1437 1887 1888 1889 1890 1891 1892 1893 1894 1895 1896 1897 1898 1899 2174 2175 2176 2177 
231 180 182 185 219 220 223 224 229 278 279 280 281 282 285 287 455 456 457 459 460 461 462 463 464 465 466 467 468 469 470 471 472 473 474 475 476 477 478 479 480 481 490 491 493 495 730 731 734 735 736 739 740 741 742 743 744 745 746 747 748 749 751 752 753 754 755 757 759 760 762 994 995 998 999 1003 1006 1023 1027 1145 1146 1148 1149 1150 1151 1152 1153 1154 1155 1156 1157 1159 1160 1161 1162 1163 1164 1165 1166 1167 1168 1169 1170 1171 1172 1174 1241 1242 1244 1247 1249 1432 1433 1436 1437 1438 1441 1442 1443 1444 1445 1446 1447 1448 1449 1450 1452 1453 1455 1456 1457 1458 1488 1489 1490 1493 1494 1495 1496 1497 1498 1499 1500 1502 1503 1504 1900 1901 1902 1903 1904 1905 1906 1907 1908 1909 1910 1911 1912 1913 1914 1915 1916 1917 1918 1919 1920 1921 1922 1923 1924 1925 1926 1927 1928 1929 1930 1931 1932 1933 1934 1935 1936 1937 1952 2027 2028 2031 2032 2033 2034 2035 2036 2037 2040 2041 2042 2043 2045 2046 2047 2048 2049 2050 2051 2052 2053 2054 2055 2056 2057 2058 2060 2061 2062 2063 2065 2085 2086 2087 2088 2090 2091 2092 2093 2094 2095 2096 2097 2098 2099 2100 
16 1938 1939 1940 1941 1942 1943 1944 1945 1946 1947 1948 1949 1950 1951 1952 1953 
40 133 282 461 466 471 481 493 755 887 895 896 900 914 1152 1156 1162 1174 1244 1453 1909 1911 1917 1918 1923 1932 1935 1937 1954 1955 1956 1957 1958 1959 1960 2033 2043 2047 2058 2061 2100 
67 94 98 101 107 109 111 225 283 392 396 398 404 406 408 494 751 753 756 1094 1097 1100 1103 1105 1110 1115 1118 1124 1128 1130 1133 1135 1137 1138 1139 1162 1166 1169 1172 1174 1245 1454 1503 1961 1962 1963 1964 1965 1966 1967 1971 1978 1981 1986 1989 1990 1993 1995 1996 1997 2047 2054 2056 2059 2061 2096 2098 2100 
145 172 186 207 225 226 230 273 283 288 482 494 496 727 728 731 732 734 741 742 743 744 748 749 751 753 754 756 757 760 978 1004 1007 1028 1145 1148 1149 1150 1151 1152 1158 1159 1160 1161 1162 1163 1164 1165 1166 1169 1170 1171 1172 1174 1233 1245 1250 1429 1430 1433 1434 1436 1444 1445 1446 1447 1454 1455 1457 1459 1483 1484 1485 1488 1495 1496 1497 1503 1504 1953 1968 1969 1970 1971 1972 1973 1974 1975 1976 1977 1978 1979 1980 1981 1982 1983 1984 1985 1986 1987 1988 1989 1990 1991 1992 1993 1994 1995 1996 1997 2026 2028 2029 2031 2032 2033 2034 2040 2044 2045 2046 2047 2048 2049 2052 2053 2054 2056 2057 2059 2060 2061 2063 2080 2081 2082 2085 2089 2090 2091 2092 2093 2096 2098 2099 2100 
267 52 53 54 55 56 58 59 62 64 66 68 69 70 71 75 76 79 80 81 93 94 98 99 101 102 107 108 110 111 134 141 146 154 155 157 164 167 170 304 309 316 317 319 325 327 328 331 391 392 396 398 399 404 405 407 408 456 461 468 469 471 476 480 557 558 559 560 561 562 563 565 566 570 572 573 574 731 741 751 754 757 760 879 882 883 887 895 897 898 900 906 912 915 945 946 948 952 953 954 955 956 959 961 964 977 1080 1081 1084 1088 1091 1092 1094 1097 1102 1106 1107 1109 1110 1112 1114 1115 1116 1118 1119 1122 1124 1128 1133 1134 1137 1139 1145 1148 1152 1159 1160 1162 1166 1171 1344 1348 1353 1355 1360 1362 1363 1365 1433 1444 1455 1457 1460 1461 1463 1467 1468 1469 1470 1471 1475 1478 1481 1504 1608 1609 1610 1611 1612 1613 1614 1618 1622 1623 1624 1625 1626 1628 1631 1632 1635 1636 1637 1638 1639 1640 1641 1642 1643 1644 1645 1646 1648 1649 1653 1655 1656 1900 1901 1903 1904 1905 1909 1911 1917 1920 1921 1923 1927 1932 1933 1936 1937 1968 1969 1970 1971 1972 1976 1978 1979 1981 1983 1984 1986 1989 1993 1994 1997 1998 1999 2000 2001 2002 2003 2004 2005 2006 2007 2008 2009 2010 2011 2012 2013 2014 2015 2016 2017 2018 2019 2020 2021 2022 2023 2024 2025 2028 2033 2045 2047 2054 2057 2060 2063 2090 2096 2099 
132 207 208 209 211 214 216 217 218 219 220 221 222 223 224 225 226 227 228 229 230 978 979 980 984 989 991 992 993 994 995 996 997 998 999 1003 1004 1006 1007 1008 1017 1019 1020 1021 1023 1024 1025 1027 1028 1233 1234 1237 1239 1240 1241 1242 1244 1245 1246 1247 1248 1249 1250 1483 1484 1485 1486 1487 1488 1489 1490 1491 1492 1493 1494 1495 1496 1497 1498 1499 1500 1502 1503 1504 1938 1944 1946 1947 1948 1950 1951 1952 1953 2026 2027 2028 2029 2030 2031 2032 2033 2034 2035 2036 2037 2038 2039 2040 2041 2042 2043 2044 2045 2046 2047 2048 2049 2050 2051 2052 2053 2054 2055 2056 2057 2058 2059 2060 2061 2062 2063 2064 2065 
108 52 55 58 59 64 65 68 69 72 74 77 78 79 81 135 143 156 164 166 227 284 306 318 325 326 669 671 733 742 751 753 758 947 953 959 962 963 964 972 976 1049 1051 1054 1059 1064 1065 1068 1072 1075 1076 1077 1079 1083 1093 1097 1100 1103 1104 1246 1346 1354 1360 1361 1462 1468 1475 1476 1479 1480 1481 1486 1495 1503 1608 1611 1613 1614 1618 1619 1623 1624 1627 1628 1630 1633 1634 1635 1636 1638 1639 2030 2046 2054 2056 2066 2067 2068 2069 2070 2071 2072 2073 2074 2075 2076 2077 2078 2079 
39 207 209 210 211 218 219 220 223 224 225 226 229 230 1009 1021 1023 1027 1028 2080 2081 2082 2083 2084 2085 2086 2087 2088 2089 2090 2091 2092 2093 2094 2095 2096 2097 2098 2099 2100 
65 8 26 45 90 190 191 193 237 238 239 241 295 302 335 344 360 572 637 652 681 721 864 876 1033 1046 1295 1518 1520 1522 1528 1559 1567 1575 1577 1579 1584 1594 1603 1693 1700 1704 1705 1733 1761 1769 1816 1817 1818 1822 1843 1844 1847 1874 1875 1876 1966 2003 2020 2067 2077 2160 2162 2164 2171 2232 
96 27 29 46 91 205 264 265 266 272 290 361 362 366 511 512 513 514 523 524 525 526 547 548 552 573 581 582 583 584 585 593 594 595 653 654 657 658 682 683 686 687 714 722 723 725 726 792 877 1047 1190 1198 1199 1201 1202 1216 1258 1259 1266 1267 1268 1296 1318 1424 1569 1585 1587 1588 1604 1635 1655 1657 1694 1710 1711 1734 1770 1771 1772 1841 1842 1843 1861 1862 1880 1884 1885 1886 2021 2078 2101 2102 2156 2210 2212 2224 2233 
86 8 20 28 47 79 92 206 344 356 419 504 506 544 574 637 648 679 720 793 821 864 942 964 1033 1077 1137 1187 1188 1189 1196 1297 1319 1371 1373 1481 1518 1520 1525 1559 1575 1577 1582 1594 1636 1656 1687 1695 1700 1704 1705 1707 1730 1743 1746 1747 1749 1752 1761 1816 1817 1819 1822 1874 1875 1876 1878 1899 1960 1967 2003 2015 2022 2067 2079 2103 2104 2105 2106 2107 2112 2113 2116 2164 2172 2211 2234 
91 58 64 68 75 79 81 98 101 107 111 168 329 396 398 404 408 481 895 914 953 964 965 1059 1064 1073 1077 1079 1105 1115 1118 1133 1137 1138 1139 1174 1364 1468 1481 1482 1613 1618 1623 1628 1631 1636 1638 1911 1917 1932 1935 1937 1954 1955 1956 1957 1959 1960 1961 1962 1963 1964 1965 1967 1978 1981 1993 1996 1997 2061 2100 2108 2109 2110 2111 2112 2113 2114 2115 2116 2117 2118 2119 2163 2164 2165 2166 2167 2168 2169 2170 2172 
10 707 708 709 714 726 878 1048 1605 2120 2121 
13 0 187 231 235 262 289 706 1251 1269 1323 1606 1853 2121 
19 193 241 271 522 592 620 1184 1229 1265 1336 1342 1394 1549 1709 1752 1775 1822 2107 2116 
42 184 219 281 374 730 742 744 746 748 749 750 751 752 753 762 994 1005 1494 1495 1497 1501 1502 1503 2122 2123 2124 2125 2126 2127 2128 2129 2130 2131 2132 2133 2134 2135 2136 2137 2138 2139 2140 
107 136 146 153 154 169 247 249 250 251 285 309 315 316 330 379 383 388 390 428 436 437 438 439 454 461 466 467 468 759 763 765 769 770 772 775 776 777 778 779 780 783 785 789 790 792 795 796 797 804 805 808 811 812 813 816 830 841 842 843 858 1152 1156 1157 1159 1247 1305 1306 1308 1310 1311 1312 1318 1456 1785 1787 1794 1795 1796 1797 1810 1909 1911 1917 1918 1919 1920 1932 1937 2033 2043 2062 2141 2142 2143 2144 2145 2146 2147 2148 2149 2150 2151 2152 2153 2154 2155 2156 
18 29 362 548 621 654 683 701 723 1199 1230 1266 1375 1395 1529 1550 1585 1884 2117 
34 45 54 110 170 331 407 560 572 760 879 915 946 1081 1107 1145 1365 1457 1461 1610 1643 1901 1936 1969 2001 2003 2020 2023 2063 2157 2158 2159 2160 2161 2162 
90 55 58 64 68 75 77 79 81 137 143 157 164 166 168 228 286 306 319 325 326 329 671 733 751 753 761 947 953 956 959 962 964 965 976 1051 1059 1064 1069 1073 1075 1077 1079 1083 1094 1097 1100 1103 1105 1248 1346 1355 1360 1361 1364 1366 1462 1468 1471 1475 1476 1479 1481 1482 1486 1503 1611 1613 1618 1623 1628 1631 1633 1636 1638 2030 2047 2054 2056 2061 2064 2163 2164 2165 2166 2167 2168 2169 2170 2171 2172 
37 174 176 178 180 183 369 373 981 983 985 986 987 994 995 999 1002 1012 1013 1014 1015 1023 2173 2174 2175 2176 2177 2178 2179 2180 2181 2182 2183 2184 2185 2186 2187 2188 
105 30 189 191 192 193 236 239 240 241 291 292 293 300 332 333 334 336 341 363 549 595 596 597 598 600 602 603 632 634 649 655 684 724 794 862 1030 1031 1043 1200 1203 1204 1205 1214 1298 1425 1514 1515 1516 1526 1555 1556 1557 1564 1570 1572 1573 1583 1586 1590 1591 1592 1601 1658 1659 1660 1667 1696 1700 1701 1702 1703 1705 1706 1735 1757 1758 1759 1766 1771 1773 1774 1775 1813 1814 1815 1820 1822 1843 1845 1846 1847 1848 1874 1876 1877 2023 2157 2158 2159 2161 2189 2213 2214 2215 2222 
103 8 13 15 31 39 40 80 343 344 350 352 364 524 526 529 530 532 534 550 593 595 599 600 602 636 637 643 644 795 863 864 869 870 943 1032 1033 1038 1039 1078 1180 1181 1182 1183 1184 1206 1207 1210 1211 1299 1382 1384 1386 1387 1388 1389 1390 1392 1394 1398 1402 1403 1405 1406 1426 1593 1594 1597 1598 1637 1661 1662 1664 1665 1697 1710 1714 1715 1717 1718 1736 1839 1861 1865 1866 1868 1869 2003 2009 2011 2024 2144 2145 2149 2150 2190 2191 2192 2193 2194 2216 2217 2219 2220 
85 3 24 33 44 81 82 88 111 390 408 454 501 508 509 557 570 695 702 703 796 1079 1139 1221 1231 1232 1270 1291 1300 1368 1376 1377 1398 1399 1427 1536 1537 1551 1552 1553 1554 1566 1638 1640 1653 1669 1690 1698 1739 1740 1753 1754 1755 1756 1768 1810 1811 1812 1821 1823 1824 1840 1937 1954 1959 1961 1965 1997 1998 2018 2066 2076 2109 2118 2119 2141 2155 2163 2170 2195 2196 2197 2198 2209 2225 2231 
122 119 120 125 138 185 229 287 456 457 459 460 462 463 465 468 475 479 495 734 735 736 739 748 749 883 884 885 886 888 889 890 891 892 894 895 897 904 905 910 1006 1148 1149 1150 1151 1153 1154 1159 1165 1170 1249 1436 1437 1438 1441 1488 1489 1490 1493 1776 1781 1782 1783 1784 1786 1787 1788 1789 1790 1791 1793 1794 1797 1802 1803 1807 1810 1900 1905 1906 1907 1908 1910 1911 1912 1913 1914 1916 1917 1920 1925 1926 1930 1932 1937 2031 2032 2034 2035 2036 2037 2040 2041 2052 2053 2085 2086 2087 2088 2198 2199 2200 2201 2202 2203 2204 2205 2206 2207 2208 2209 2210 2211 
56 32 269 270 271 292 341 365 513 519 520 522 526 528 532 534 551 583 590 591 592 595 597 600 602 634 656 685 797 862 944 1031 1204 1262 1264 1265 1301 1428 1572 1591 1639 1659 1699 1713 1718 1737 1773 1774 1775 1843 1847 1848 1864 1869 2025 2143 2214 
150 99 150 171 242 243 245 248 259 421 424 426 434 448 455 456 459 464 561 562 565 566 567 573 762 801 802 804 805 806 810 812 813 814 818 822 826 837 859 880 883 885 893 908 916 1082 1084 1086 1089 1099 1108 1112 1113 1116 1117 1119 1120 1129 1146 1148 1150 1155 1168 1271 1272 1273 1276 1277 1280 1282 1283 1284 1285 1287 1290 1293 1296 1298 1299 1301 1303 1304 1305 1306 1307 1311 1312 1313 1315 1318 1458 1644 1645 1648 1649 1650 1652 1655 1670 1671 1672 1675 1676 1679 1681 1682 1683 1684 1686 1687 1692 1694 1696 1697 1699 1778 1781 1783 1792 1805 1825 1827 1829 1831 1832 1837 1839 1902 1905 1907 1915 1928 2065 2124 2125 2127 2129 2137 2212 2213 2214 2215 2216 2217 2218 2219 2220 2221 2222 2223 2224 
79 94 98 101 105 106 107 109 111 186 230 288 392 396 398 402 403 404 406 408 496 742 744 1007 1086 1090 1093 1101 1103 1110 1113 1115 1118 1121 1123 1131 1132 1133 1135 1137 1139 1150 1158 1161 1164 1170 1172 1250 1445 1447 1459 1495 1497 1971 1974 1978 1981 1982 1985 1991 1992 1993 1995 1997 2044 2046 2049 2089 2091 2093 2225 2226 2227 2228 2229 2230 2231 2232 2233 2234 
32 272 498 508 513 523 526 575 583 595 622 657 686 702 725 1185 1201 1218 1231 1267 1376 1384 1396 1530 1551 1587 1753 1823 1843 1854 1885 2118 2196 
33 366 498 509 513 526 552 575 583 595 623 658 687 703 709 726 1186 1202 1218 1232 1268 1377 1384 1397 1531 1552 1588 1754 1824 1843 1854 1886 2119 2196 
