180:2240
23 0 493 542 555 577 587 608 998 1051 1299 1429 1438 1626 1637 1643 1657 1688 1803 1860 1901 2037 2182 2233 
88 0 1 33 47 90 227 286 483 484 488 489 523 532 608 612 613 614 618 619 755 810 934 966 1005 1106 1124 1393 1395 1396 1397 1401 1405 1406 1418 1419 1424 1427 1428 1438 1444 1445 1446 1450 1453 1454 1484 1534 1542 1545 1555 1576 1590 1600 1610 1688 1690 1692 1693 1694 1695 1702 1703 1803 1808 1810 1811 1812 1815 1818 1819 1833 1834 1838 1839 1868 1918 1920 1928 1943 1988 1989 1994 2067 2068 2073 2122 2123 2129 
35 2 79 480 494 537 539 540 543 556 639 999 1004 1052 1091 1134 1136 1138 1139 1293 1297 1300 1625 1627 1636 1658 1823 1861 1866 1998 2036 2038 2045 2046 2132 2229 
65 2 3 79 183 184 188 201 259 260 264 273 356 387 494 495 496 500 543 544 545 550 556 557 561 588 590 595 609 855 1039 1040 1042 1076 1077 1081 1092 1093 1095 1183 1187 1300 1301 1302 1304 1307 1387 1411 1439 1455 1580 1644 1651 1658 1659 1661 1666 1844 1845 1850 1902 2078 2116 2132 2133 2218 
93 2 3 4 5 24 91 201 202 211 212 287 356 357 359 375 588 589 590 595 596 597 598 599 603 609 610 615 616 756 811 1039 1040 1042 1043 1044 1048 1092 1093 1095 1096 1097 1101 1107 1152 1300 1301 1302 1303 1304 1307 1308 1309 1310 1311 1315 1439 1440 1448 1449 1485 1535 1580 1581 1585 1587 1591 1644 1645 1651 1652 1653 1654 1844 1845 1850 1851 1852 1856 1944 2078 2079 2088 2089 2116 2117 2128 2133 2134 2143 2218 2219 2224 2226 
279 5 6 7 8 9 10 11 12 13 14 15 16 17 18 19 20 21 22 23 24 25 26 27 28 29 30 31 32 36 37 38 39 41 44 46 48 52 53 54 55 57 60 62 63 64 66 67 68 69 72 74 76 77 91 92 94 95 96 97 100 104 107 108 109 110 111 114 117 118 120 121 123 128 134 137 140 232 233 234 236 239 241 242 243 244 245 246 247 248 252 254 256 258 304 313 319 322 326 327 328 336 337 519 520 522 523 524 525 527 528 530 531 532 534 536 620 655 656 659 667 669 673 674 675 687 710 731 732 745 885 887 890 897 899 903 904 905 918 936 937 939 941 946 949 950 951 952 953 954 955 956 960 963 965 970 971 972 976 978 979 980 981 982 983 984 985 990 992 994 996 1010 1011 1013 1018 1020 1022 1023 1024 1030 1035 1037 1068 1069 1075 1157 1158 1160 1164 1166 1168 1197 1204 1210 1214 1215 1216 1225 1240 1249 1257 1260 1264 1265 1266 1274 1275 1279 1284 1287 1319 1365 1366 1368 1374 1375 1376 1378 1379 1380 1386 1485 1486 1488 1489 1490 1494 1498 1501 1502 1503 1504 1507 1509 1510 1512 1513 1514 1724 1732 1735 1739 1740 1741 1749 1769 1786 1791 1792 1802 1913 1915 1916 1918 1919 1920 1921 1922 1923 1924 1926 1927 1928 1929 1931 1937 1938 1939 1942 1999 2021 2022 2034 2096 2097 2099 2106 2108 2111 2183 
29 33 34 35 36 37 38 39 40 41 42 43 44 45 46 123 125 127 128 134 135 137 139 140 141 142 143 620 621 1237 
201 47 48 49 50 51 52 53 54 55 56 57 58 59 60 61 62 63 64 65 66 67 68 69 70 71 72 73 74 75 76 77 78 304 307 308 310 312 313 314 319 320 322 323 324 325 326 327 328 329 330 331 333 336 337 338 341 351 354 473 475 620 622 634 637 710 713 715 717 719 720 724 726 727 728 729 731 732 734 735 736 737 741 745 1059 1060 1061 1066 1067 1068 1069 1070 1075 1197 1199 1200 1202 1203 1204 1205 1209 1210 1211 1212 1213 1214 1215 1216 1217 1218 1219 1221 1225 1236 1237 1240 1242 1243 1244 1246 1248 1249 1250 1252 1257 1258 1260 1261 1262 1263 1264 1265 1266 1267 1268 1269 1271 1274 1275 1276 1278 1279 1280 1282 1284 1285 1286 1287 1288 1289 1290 1319 1322 1323 1325 1326 1333 1335 1336 1337 1338 1341 1342 1343 1346 1515 1769 1772 1774 1776 1778 1779 1784 1786 1787 1788 1789 1790 1791 1792 1794 1795 1796 1797 1802 2093 2094 2095 2096 2097 2099 2100 2102 2106 2107 2108 2109 2110 2111 2112 2113 2114 
114 6 15 24 48 79 83 86 92 183 184 187 188 189 190 191 201 209 212 259 260 263 264 265 266 270 273 279 281 288 356 358 369 375 387 395 400 493 494 495 496 499 500 501 502 506 542 543 544 545 549 550 551 552 554 555 556 557 561 562 566 757 812 855 861 868 1076 1077 1080 1081 1082 1083 1087 1108 1149 1152 1183 1186 1187 1188 1189 1193 1455 1465 1468 1486 1536 1580 1584 1587 1592 1643 1644 1650 1651 1652 1654 1901 1902 1907 1909 1945 2069 2078 2086 2089 2116 2124 2128 2133 2140 2143 2218 2223 2226 
55 80 81 82 83 84 85 86 87 88 89 92 93 94 95 96 105 117 120 305 648 649 655 656 688 711 935 936 937 947 1057 1155 1157 1158 1198 1241 1320 1362 1365 1366 1372 1486 1487 1488 1489 1490 1499 1509 1512 1514 1715 1770 2000 2093 2096 2097 
200 90 91 92 93 94 95 96 97 98 99 100 101 102 103 104 105 106 107 108 109 110 111 112 113 114 115 116 117 118 119 120 121 122 304 305 308 310 313 318 319 320 322 324 326 327 328 329 330 331 332 336 337 339 341 471 474 475 620 623 688 698 704 705 710 711 715 717 723 724 727 731 732 734 735 736 739 741 745 1057 1064 1068 1069 1071 1075 1155 1156 1157 1158 1160 1161 1162 1163 1164 1165 1166 1167 1168 1169 1170 1171 1172 1173 1197 1198 1200 1202 1204 1208 1209 1210 1212 1214 1215 1216 1217 1218 1219 1220 1225 1237 1240 1241 1244 1246 1249 1254 1255 1256 1257 1258 1260 1262 1264 1265 1266 1267 1268 1269 1270 1274 1275 1276 1278 1279 1282 1284 1286 1287 1288 1289 1290 1291 1319 1320 1323 1332 1333 1336 1341 1344 1346 1362 1364 1365 1366 1368 1370 1371 1372 1373 1374 1375 1376 1378 1379 1380 1381 1382 1383 1384 1385 1386 1516 2093 2095 2096 2097 2099 2103 2104 2105 2106 2107 2108 2110 2111 2112 2113 2114 2115 
38 123 124 125 126 127 128 129 130 131 132 133 134 135 136 137 138 139 140 141 142 143 144 145 620 621 624 625 630 634 635 636 637 1226 1228 1229 1234 1236 1237 
16 183 192 259 495 544 638 1002 1039 1076 1092 1174 1302 1478 1659 1844 2035 
81 146 147 148 149 150 151 152 153 154 155 156 157 158 159 160 161 162 163 164 165 166 167 168 169 170 171 172 173 174 175 176 177 178 179 180 181 182 341 343 345 346 348 351 353 470 477 478 479 919 1232 1238 1239 1321 1322 1323 1324 1325 1326 1328 1329 1330 1331 1333 1334 1335 1336 1337 1338 1339 1340 1347 1349 1350 1353 1360 1361 1519 1521 1522 1527 1531 
72 2 3 183 184 188 192 193 197 202 274 359 388 494 495 496 500 543 544 545 550 556 558 561 578 589 590 595 610 746 856 1039 1040 1042 1076 1077 1081 1092 1093 1095 1174 1175 1179 1293 1300 1302 1303 1304 1307 1388 1412 1440 1456 1581 1645 1651 1658 1659 1661 1666 1804 1806 1828 1844 1845 1850 1861 1864 1903 2079 2117 2134 2219 
104 48 49 76 81 83 85 86 87 92 93 117 120 146 183 184 185 186 187 188 189 190 191 228 273 274 278 279 280 281 284 285 288 295 296 298 300 303 426 519 528 534 649 787 836 840 853 880 935 967 1006 1108 1111 1119 1120 1126 1130 1133 1155 1362 1486 1487 1509 1512 1514 1536 1539 1550 1551 1557 1560 1563 1566 1572 1578 1592 1596 1605 1606 1612 1615 1618 1750 1869 1901 1902 1903 1906 1907 1908 1909 1911 1912 1915 1924 1929 1945 1950 1951 1955 1958 1961 1962 2093 2146 
24 192 203 259 275 389 559 579 747 857 1039 1092 1174 1389 1413 1441 1457 1582 1646 1659 1660 1805 1904 2080 2220 
79 50 192 193 194 195 196 197 198 199 200 229 274 275 278 282 283 284 285 296 299 301 427 517 528 535 577 578 579 581 583 584 585 586 650 746 747 750 751 752 753 754 758 772 783 788 837 881 968 1007 1109 1120 1127 1131 1363 1551 1558 1561 1564 1572 1593 1606 1613 1616 1751 1870 1901 1903 1904 1906 1910 1911 1912 1924 1930 1951 1956 1959 1963 2147 
117 147 155 159 161 162 164 178 201 202 203 204 205 206 207 208 209 210 211 212 213 214 215 216 306 313 319 332 412 428 436 438 440 441 445 459 651 659 661 663 664 667 682 689 712 756 757 761 762 766 768 769 770 777 779 782 785 789 791 795 796 797 798 799 803 811 812 814 815 820 821 822 826 828 832 835 838 840 841 844 845 846 853 882 890 892 894 895 897 911 1058 1279 1291 1321 1716 1717 1724 1727 1729 1732 1745 1771 1871 1877 1879 1881 1882 1885 1894 1895 1964 1968 1969 1970 1971 1973 1981 2001 
22 184 193 260 481 496 545 590 1040 1077 1093 1175 1183 1304 1479 1619 1631 1661 1689 1806 1828 1845 2039 
75 126 139 145 217 218 219 220 221 222 223 224 225 226 232 233 249 251 253 254 255 257 465 690 716 727 740 884 885 887 901 906 910 912 914 915 917 970 971 986 989 991 992 993 995 1010 1011 1021 1025 1028 1031 1033 1034 1036 1201 1212 1222 1226 1245 1262 1272 1277 1286 1292 1324 1336 1345 1775 1788 1799 2005 2017 2029 2185 2194 2201 
207 123 124 125 126 127 128 129 131 134 135 137 138 139 140 141 142 143 145 227 228 229 230 231 232 233 234 235 236 237 238 239 240 241 242 243 244 245 246 247 248 249 250 251 252 253 254 255 256 257 258 337 341 342 351 354 620 624 625 634 637 710 713 715 716 717 719 720 724 726 727 728 729 731 732 734 735 736 737 740 741 744 745 1059 1060 1061 1066 1067 1068 1069 1070 1074 1075 1197 1199 1200 1201 1202 1203 1204 1205 1209 1210 1211 1212 1213 1214 1215 1216 1217 1218 1219 1221 1222 1224 1225 1226 1228 1229 1236 1237 1240 1242 1243 1244 1245 1246 1248 1249 1250 1252 1257 1258 1260 1261 1262 1263 1264 1265 1266 1267 1268 1269 1271 1272 1273 1274 1275 1276 1277 1278 1279 1280 1282 1284 1285 1286 1287 1288 1289 1290 1292 1517 1518 1769 1772 1774 1775 1776 1778 1779 1784 1786 1787 1788 1789 1790 1791 1792 1794 1795 1796 1797 1799 1801 1802 1999 2002 2004 2005 2006 2008 2009 2014 2016 2017 2018 2019 2021 2022 2024 2025 2026 2027 2029 2030 2033 2034 
125 48 51 53 60 76 124 147 201 203 204 205 206 209 210 212 214 215 216 230 239 259 260 261 262 263 264 265 266 267 268 269 270 271 272 428 519 520 524 525 534 651 757 761 762 768 769 779 782 789 791 798 799 812 814 815 820 821 828 832 838 840 841 845 846 853 882 969 976 1008 1108 1111 1112 1116 1117 1122 1126 1130 1242 1536 1539 1540 1546 1547 1554 1557 1560 1566 1567 1569 1570 1578 1580 1582 1583 1584 1587 1588 1589 1592 1596 1597 1601 1602 1609 1612 1615 1717 1752 1871 1945 1946 1949 1955 1958 1964 2094 2148 2218 2220 2221 2222 2223 2226 2227 2228 
61 7 80 276 278 289 360 580 581 748 1175 1177 1178 1179 1180 1181 1182 1390 1397 1407 1414 1442 1446 1458 1464 1537 1594 1619 1620 1621 1622 1623 1624 1625 1627 1628 1629 1630 1671 1806 1807 1812 1814 1820 1828 1829 1834 1836 1840 1861 1863 1864 1865 1913 1983 2048 2052 2063 2234 2235 2237 2238 
182 48 49 50 54 61 65 70 76 146 148 152 228 229 233 240 249 273 274 275 276 277 278 279 280 281 282 283 284 285 288 289 295 296 298 299 300 301 303 307 426 427 429 433 443 453 517 519 526 528 529 534 535 649 650 652 656 676 691 713 787 788 792 800 804 807 836 837 840 842 847 849 851 853 880 881 883 887 906 967 968 971 977 986 1006 1007 1011 1017 1025 1059 1108 1109 1111 1118 1119 1120 1121 1123 1126 1127 1130 1131 1133 1199 1243 1322 1362 1363 1366 1372 1381 1536 1537 1539 1549 1550 1551 1552 1557 1558 1560 1561 1563 1564 1566 1571 1572 1573 1575 1578 1592 1593 1594 1596 1604 1605 1606 1607 1612 1613 1615 1616 1618 1718 1750 1751 1754 1759 1765 1772 1869 1870 1874 1884 1889 1913 1915 1924 1925 1929 1930 1932 1945 1950 1951 1955 1956 1958 1959 1961 1962 1963 1966 1972 1978 2002 2093 2097 2146 2147 2150 2155 2161 
81 286 287 288 289 290 291 292 293 294 295 296 297 298 299 300 301 302 303 340 713 714 719 720 724 726 734 735 737 1059 1060 1061 1066 1070 1750 1751 1754 1756 1757 1759 1760 1761 1762 1763 1765 1766 1767 1768 1772 1773 1778 1779 1784 1786 1787 1794 1795 1797 2002 2003 2008 2009 2014 2016 2024 2025 2027 2146 2147 2150 2152 2153 2155 2156 2157 2158 2159 2160 2161 2162 2163 2164 
37 304 305 306 307 308 309 310 311 312 313 314 315 316 317 318 319 320 321 322 323 324 325 326 327 328 329 330 331 332 333 334 335 336 1227 1236 1237 1351 
19 337 338 339 340 341 342 343 344 345 346 347 348 349 350 351 352 353 354 355 
265 36 37 38 39 41 46 48 52 53 54 55 57 60 62 63 66 67 68 69 72 74 76 91 92 94 95 96 97 100 104 107 108 109 110 111 114 117 118 120 125 128 134 140 150 152 155 164 171 172 173 182 232 233 234 236 239 241 242 244 245 246 247 248 252 254 258 308 313 319 326 327 328 336 341 356 357 358 359 360 361 362 363 364 365 366 367 368 369 370 371 372 373 374 375 376 377 378 379 380 381 382 383 384 385 386 432 433 436 445 450 451 452 464 655 656 659 667 673 674 675 687 715 731 732 745 936 937 939 941 946 949 950 952 953 954 955 956 960 963 970 971 972 976 978 979 981 982 983 984 985 990 992 996 1010 1011 1013 1018 1022 1023 1024 1030 1037 1068 1069 1075 1157 1158 1160 1164 1168 1200 1204 1214 1215 1216 1225 1244 1249 1257 1264 1265 1266 1274 1276 1279 1287 1323 1365 1366 1368 1374 1375 1378 1379 1380 1386 1485 1486 1488 1489 1490 1494 1498 1501 1502 1503 1504 1507 1509 1510 1512 1514 1719 1724 1732 1739 1740 1741 1749 1774 1791 1792 1802 1913 1915 1916 1918 1919 1920 1921 1922 1923 1924 1926 1927 1928 1929 1931 1937 1938 1939 1942 2004 2021 2022 2034 2096 2097 2099 2106 2111 2166 2167 2168 2169 2171 2172 2173 2174 2175 2176 2177 2180 2181 2184 
2 1227 1351 
161 126 149 150 152 181 218 219 220 221 222 224 226 232 233 249 254 257 309 387 388 389 390 391 392 393 394 395 396 397 398 399 400 401 402 403 404 405 406 407 408 415 417 418 419 420 421 423 425 430 432 433 453 463 653 655 656 676 686 716 757 760 761 762 763 764 768 770 772 775 779 780 782 783 785 786 790 791 792 794 798 807 809 812 814 815 816 817 820 822 823 824 828 830 832 833 835 839 840 841 842 843 845 851 853 854 884 885 887 906 917 970 971 986 992 995 1010 1011 1025 1036 1108 1111 1112 1113 1116 1119 1120 1123 1126 1128 1130 1131 1133 1201 1245 1277 1324 1707 1708 1709 1710 1711 1712 1714 1720 1748 1753 1754 1765 1775 1872 1874 1889 1900 1965 1966 1978 2005 2149 2150 2161 2185 
7 409 410 411 412 413 414 415 
62 126 139 145 232 233 249 251 253 254 255 257 416 417 418 419 420 421 422 423 424 425 466 692 716 727 740 970 971 986 989 991 992 993 995 1010 1011 1021 1025 1028 1031 1033 1034 1036 1201 1212 1222 1228 1245 1262 1272 1277 1286 1292 1324 1336 1345 1775 1788 1799 2005 2017 2029 
127 341 343 345 346 348 353 426 427 428 429 430 431 432 433 434 435 436 437 438 439 440 441 442 443 444 445 446 447 448 449 450 451 452 453 454 455 456 457 458 459 460 461 462 463 464 468 470 477 478 689 691 694 696 697 699 700 701 706 708 709 920 1321 1322 1323 1324 1325 1327 1328 1329 1330 1331 1333 1334 1335 1336 1338 1339 1340 1341 1347 1349 1350 1353 1360 1519 1521 1522 1527 1531 2001 2002 2004 2005 2006 2008 2010 2011 2012 2014 2015 2016 2017 2019 2020 2021 2022 2023 2024 2025 2026 2031 2032 2033 2034 2184 2185 2186 2189 2190 2191 2192 2193 2194 2197 2198 2199 2200 
15 465 466 467 468 469 470 471 472 473 474 475 476 477 478 479 
63 217 416 480 487 488 489 491 518 618 619 759 813 1110 1134 1135 1402 1405 1406 1408 1415 1427 1428 1453 1454 1459 1469 1472 1473 1474 1538 1565 1595 1678 1681 1682 1683 1700 1702 1703 1705 1816 1818 1819 1821 1823 1824 1827 1837 1838 1839 1841 1914 1984 2046 2047 2055 2057 2058 2059 2064 2118 2165 2202 
92 33 34 35 43 44 47 56 59 74 75 77 90 99 103 118 119 121 127 227 231 235 238 254 255 256 310 431 442 461 462 481 482 483 484 485 486 487 488 489 490 491 492 640 647 654 665 684 717 934 940 945 963 964 965 1005 1009 1016 1033 1035 1156 1202 1246 1278 1364 1386 1484 1493 1497 1510 1511 1513 1721 1776 1984 1985 1988 1989 1991 1994 1995 1997 2006 2064 2065 2067 2068 2071 2073 2075 2077 2095 2186 
229 6 8 9 15 16 19 24 26 29 30 32 48 52 53 76 81 82 83 84 86 87 92 94 95 117 120 150 218 219 221 224 232 356 358 359 361 362 363 369 370 372 375 377 378 380 381 382 383 384 386 387 388 390 391 395 397 398 400 401 403 404 405 406 408 417 418 420 423 432 493 494 495 496 497 498 499 500 501 502 503 504 505 506 507 519 520 524 534 566 567 570 573 574 576 655 757 760 761 762 768 770 779 782 785 790 791 798 812 814 815 820 822 828 832 835 839 840 841 845 853 855 856 858 859 861 862 864 865 868 869 870 872 874 875 876 878 879 885 936 970 1010 1108 1111 1112 1116 1119 1126 1130 1133 1157 1365 1486 1488 1489 1509 1512 1514 1536 1539 1540 1546 1550 1557 1560 1563 1566 1567 1569 1578 1580 1581 1584 1585 1587 1588 1589 1592 1596 1597 1601 1605 1612 1615 1618 1643 1644 1645 1650 1651 1652 1653 1654 1655 1656 1707 1708 1711 1753 1872 1915 1916 1921 1929 1945 1946 1950 1955 1958 1961 1965 2096 2149 2166 2167 2168 2172 2180 2203 2204 2207 2215 2218 2219 2221 2223 2224 2226 2227 2228 
17 151 508 509 510 511 512 513 514 515 516 886 1873 1894 2203 2207 2208 2213 
244 123 124 128 129 131 134 137 138 140 227 228 229 230 232 233 234 235 236 237 238 239 240 241 242 243 244 245 246 247 248 249 251 252 253 254 255 256 258 337 342 467 517 518 519 520 521 522 523 524 525 526 527 528 529 530 531 532 533 534 535 536 620 625 691 693 694 695 700 701 702 709 710 713 719 720 726 729 731 732 737 744 745 880 881 882 883 885 887 889 890 891 892 896 897 899 900 902 903 904 905 906 910 912 913 914 916 918 966 967 968 969 970 971 972 973 974 975 976 977 978 979 980 981 982 983 984 985 986 989 990 991 992 993 994 996 1005 1006 1007 1008 1010 1011 1012 1013 1014 1015 1016 1017 1018 1020 1022 1023 1024 1025 1028 1030 1031 1032 1033 1035 1037 1059 1060 1061 1066 1067 1068 1069 1070 1074 1075 1197 1199 1203 1204 1205 1210 1211 1213 1214 1215 1216 1221 1224 1225 1229 1240 1242 1243 1248 1249 1250 1252 1257 1260 1261 1263 1264 1265 1266 1271 1273 1274 1275 1279 1280 1284 1285 1287 1319 1322 1325 1326 1335 1338 1342 1350 1518 1769 1772 1778 1779 1786 1787 1790 1791 1792 1797 1801 1802 1999 2002 2008 2009 2016 2019 2021 2022 2027 2033 2034 2183 2187 2188 2193 
181 8 81 183 204 215 216 218 259 267 268 269 271 272 284 285 361 377 380 381 382 390 401 403 404 405 406 417 487 488 489 491 492 494 495 497 504 505 507 510 511 512 513 514 519 537 538 539 540 541 543 544 546 556 564 565 600 601 602 604 605 618 619 640 761 814 840 858 869 872 874 875 876 1039 1045 1046 1047 1049 1050 1076 1084 1085 1086 1088 1089 1092 1098 1099 1100 1102 1103 1111 1134 1135 1139 1140 1144 1190 1191 1192 1194 1195 1300 1302 1312 1313 1314 1316 1317 1402 1405 1406 1408 1409 1416 1427 1428 1453 1454 1460 1469 1472 1473 1474 1475 1539 1566 1588 1589 1596 1655 1656 1678 1681 1682 1683 1684 1700 1702 1703 1705 1706 1816 1818 1819 1821 1822 1823 1824 1827 1837 1838 1839 1841 1842 1844 1853 1854 1855 1857 1858 1911 1912 1915 1985 2046 2047 2055 2057 2058 2059 2060 2065 2081 2092 2119 2135 2167 2203 2221 2227 2228 
142 8 9 30 53 81 82 95 204 205 215 216 218 219 259 261 267 268 269 271 272 290 361 362 363 377 380 381 382 384 390 391 401 403 404 405 406 408 417 418 494 495 497 504 505 507 519 520 540 541 556 564 565 567 618 619 761 762 791 814 815 840 841 858 859 869 872 874 875 876 878 1039 1041 1045 1046 1047 1049 1050 1076 1078 1084 1085 1086 1088 1089 1090 1092 1094 1098 1099 1100 1102 1103 1104 1111 1112 1144 1145 1184 1190 1191 1192 1194 1195 1196 1300 1302 1305 1312 1313 1314 1316 1317 1318 1489 1539 1540 1566 1567 1588 1589 1596 1597 1655 1656 1708 1915 1916 1946 2081 2082 2092 2119 2120 2135 2136 2167 2168 2203 2204 2221 2227 2228 
255 6 8 15 19 21 24 26 29 32 48 54 76 81 83 85 86 87 92 96 117 120 152 218 222 224 233 273 274 278 279 280 281 284 285 288 295 296 298 300 303 356 358 359 361 369 372 373 375 377 378 380 381 382 383 386 387 388 390 394 395 397 398 399 400 401 403 404 405 406 417 421 423 433 519 528 534 542 543 544 545 546 547 548 549 550 551 552 553 554 555 556 557 558 560 561 562 563 564 565 566 570 571 573 574 576 640 641 646 656 757 761 763 770 772 779 782 785 792 812 814 816 822 823 828 832 835 840 842 853 855 856 858 861 864 865 866 868 869 870 872 874 875 876 879 887 937 971 1011 1108 1111 1119 1120 1126 1130 1133 1158 1366 1455 1456 1460 1464 1465 1467 1468 1469 1472 1473 1474 1475 1486 1490 1509 1512 1514 1536 1539 1550 1551 1557 1560 1563 1566 1572 1578 1580 1581 1584 1585 1586 1587 1588 1589 1592 1596 1605 1606 1612 1615 1618 1643 1644 1645 1649 1650 1651 1652 1653 1654 1655 1656 1676 1677 1678 1679 1681 1682 1683 1684 1687 1709 1754 1874 1915 1924 1929 1945 1950 1951 1955 1958 1961 1966 2065 2069 2072 2074 2097 2150 2167 2169 2175 2180 2203 2205 2210 2215 2218 2219 2221 2223 2224 2225 2226 2227 2228 
114 152 153 311 409 433 434 453 555 556 557 558 559 560 561 562 563 564 565 566 567 570 571 572 573 574 575 576 656 657 676 757 761 762 763 770 772 775 779 782 783 785 791 792 793 807 855 856 857 858 859 861 864 865 866 867 868 869 870 871 872 874 875 876 877 878 879 887 888 906 937 938 957 1158 1159 1169 1247 1366 1367 1381 1486 1489 1490 1491 1505 1509 1512 1514 1722 1754 1755 1765 1874 1875 1889 1966 1967 1978 2097 2098 2150 2151 2161 2167 2168 2169 2175 2178 2180 2203 2204 2205 2210 2212 2215 
24 566 567 568 569 570 571 572 573 574 575 576 718 1063 1753 1754 1755 1765 1777 1782 2007 2149 2150 2151 2161 
79 50 66 154 229 244 289 294 296 299 301 312 427 435 517 528 530 535 577 578 579 580 581 582 583 584 585 586 650 658 694 719 837 850 881 889 968 981 1007 1012 1060 1203 1248 1325 1363 1378 1537 1548 1551 1553 1558 1561 1564 1572 1574 1593 1594 1603 1606 1608 1613 1616 1723 1751 1778 1870 1876 1913 1924 1926 1930 1933 1951 1956 1959 1963 1977 2008 2147 2160 
219 5 8 10 11 14 16 17 24 25 30 31 36 41 55 60 72 91 97 104 114 128 155 201 202 204 206 207 208 210 211 212 213 215 216 234 239 252 287 293 297 313 356 357 359 361 363 364 365 368 370 375 376 377 380 381 382 384 385 412 436 519 523 524 525 532 587 588 589 590 591 592 593 594 595 596 597 598 599 600 601 602 603 604 605 606 607 608 609 610 611 612 613 614 615 616 618 619 659 756 761 768 769 777 798 799 811 814 820 821 826 840 845 846 890 939 946 960 972 976 990 1013 1030 1144 1146 1147 1148 1150 1151 1152 1153 1160 1204 1249 1279 1368 1438 1439 1440 1443 1444 1445 1446 1448 1449 1450 1453 1454 1485 1498 1507 1535 1539 1542 1545 1546 1547 1555 1556 1566 1569 1570 1576 1591 1596 1600 1601 1602 1610 1611 1724 1756 1877 1894 1915 1918 1920 1921 1922 1928 1944 1949 1953 1968 2078 2079 2081 2083 2084 2085 2087 2088 2089 2090 2092 2099 2116 2117 2119 2121 2122 2123 2125 2126 2128 2129 2133 2134 2135 2137 2138 2139 2141 2142 2143 2144 2152 2167 2172 2173 
138 47 53 55 56 59 60 63 72 75 77 128 129 134 155 156 164 227 234 235 238 239 242 252 255 256 286 287 290 291 293 297 302 313 314 319 518 519 520 523 524 525 532 608 609 610 611 612 613 614 615 616 617 618 619 695 720 890 891 896 897 914 966 972 973 975 976 979 990 993 994 1005 1013 1014 1016 1018 1030 1033 1035 1061 1204 1205 1249 1250 1257 1279 1280 1326 1368 1369 1375 1534 1535 1538 1539 1540 1542 1543 1545 1546 1547 1555 1556 1562 1565 1566 1567 1569 1570 1576 1756 1757 1760 1779 1868 1877 1878 1883 1885 1894 1898 1899 1914 1915 1916 1918 1920 1921 1922 1928 1934 2009 2099 2100 2106 2152 2153 2156 2188 
30 261 363 391 494 497 508 540 541 556 591 639 859 1041 1078 1094 1139 1140 1184 1300 1305 1391 1461 1672 1823 1824 1830 1846 2049 2229 2230 
18 620 621 622 623 624 625 626 627 628 629 630 631 632 633 634 635 636 637 
88 10 206 259 260 264 265 266 270 277 364 392 509 590 595 596 597 603 611 638 639 1002 1003 1004 1039 1040 1042 1043 1044 1048 1092 1093 1095 1096 1097 1101 1139 1142 1143 1146 1300 1302 1304 1307 1308 1309 1315 1392 1407 1417 1443 1462 1478 1479 1480 1481 1482 1483 1583 1638 1640 1641 1647 1651 1652 1673 1823 1825 1826 1828 1831 1836 1840 1844 1845 1850 1851 1852 1856 1905 1986 2050 2083 2121 2137 2222 2229 2231 2232 
55 98 220 391 392 408 419 521 638 639 642 764 794 817 843 1113 1391 1392 1407 1410 1417 1443 1461 1462 1477 1492 1541 1568 1598 1672 1673 1686 1710 1823 1824 1825 1826 1828 1830 1831 1836 1840 1843 1917 1986 1987 2049 2050 2062 2066 2170 2206 2229 2230 2231 2232 
62 431 433 442 446 449 453 456 457 458 460 461 462 463 468 640 641 642 643 644 645 646 647 654 656 665 668 671 676 679 680 681 683 684 686 696 1230 1278 1282 1286 1289 1290 1327 1333 1336 1341 1721 1733 1737 1743 1744 1748 2006 2010 2014 2017 2025 2026 2186 2191 2194 2199 2200 
123 337 341 343 344 345 346 348 350 353 468 469 470 471 474 476 477 478 648 649 650 651 652 653 654 655 656 657 658 659 660 661 662 663 664 665 666 667 668 669 670 671 672 673 674 675 676 677 678 679 680 681 682 683 684 685 686 687 688 689 691 694 696 697 698 699 700 701 704 706 707 708 709 921 1319 1320 1321 1322 1323 1324 1325 1327 1328 1329 1330 1331 1332 1333 1334 1335 1336 1338 1339 1340 1341 1344 1347 1348 1349 1350 1352 1353 1360 1519 1520 1521 1522 1527 1529 1531 2183 2184 2185 2186 2189 2190 2191 2192 2193 2194 2197 2198 2199 2200 
55 337 339 341 342 343 344 345 346 348 350 351 352 353 354 688 689 690 691 692 693 694 695 696 697 698 699 700 701 702 703 704 705 706 707 708 709 920 921 922 924 925 929 1516 1518 1519 1520 1521 1522 1523 1526 1527 1529 1530 1531 1532 
79 337 338 339 340 341 342 343 345 347 348 349 350 351 352 353 354 355 710 711 712 713 714 715 716 717 718 719 720 721 722 723 724 725 726 727 728 729 730 731 732 733 734 735 736 737 738 739 740 741 742 743 744 745 923 927 929 930 933 1355 1356 1358 1359 1361 1515 1516 1517 1518 1519 1521 1524 1525 1526 1527 1528 1529 1530 1531 1532 1533 
32 157 315 427 437 650 660 697 721 746 747 748 749 750 751 752 753 754 758 772 773 783 788 805 837 850 1062 1328 1725 1780 1963 1977 2011 
229 147 149 150 152 153 155 157 158 159 160 161 162 164 165 166 169 176 177 178 179 181 306 309 311 313 315 316 317 319 320 321 324 330 332 334 343 427 428 430 432 433 434 436 437 438 439 440 441 442 445 446 449 453 456 457 459 460 461 462 463 626 650 651 653 655 656 657 659 660 661 662 663 664 665 667 668 671 676 679 680 682 683 684 686 689 697 699 706 712 716 721 722 724 725 727 735 742 755 756 757 758 759 760 761 762 763 764 765 766 767 768 769 770 771 772 773 774 775 776 777 778 779 780 781 782 783 784 785 786 788 789 790 791 792 793 794 795 796 797 798 799 802 803 805 806 807 808 809 1058 1062 1063 1065 1072 1277 1279 1281 1282 1283 1286 1289 1291 1321 1324 1328 1330 1333 1334 1336 1347 1519 1716 1717 1720 1722 1724 1725 1726 1727 1728 1729 1732 1733 1734 1737 1743 1745 1746 1748 1771 1775 1780 1781 1782 1784 1785 1788 1795 1800 1963 1964 1965 1966 1967 1968 1969 1970 1971 1973 1974 1977 1978 1980 1981 1982 2001 2005 2011 2012 2014 2015 2017 2025 2031 2185 2189 2191 2192 2194 2199 
135 343 344 345 348 469 476 477 626 627 628 631 649 650 651 652 653 655 656 657 659 660 661 662 663 664 665 666 667 668 669 671 672 676 678 679 680 682 683 684 685 686 689 691 697 699 701 706 707 708 709 787 788 789 790 791 792 793 794 795 796 797 798 799 800 801 802 803 804 805 806 807 808 809 1231 1277 1279 1281 1282 1283 1284 1286 1288 1289 1291 1321 1322 1324 1328 1329 1330 1331 1333 1334 1336 1338 1347 1348 1349 1350 1352 1519 1520 1521 1527 1716 1717 1718 1720 1722 1724 1725 1726 1727 1728 1729 1731 1732 1733 1734 1735 1737 1738 1742 1743 1745 1746 1747 1748 2185 2189 2190 2191 2192 2194 2199 
228 147 149 150 152 155 159 161 162 164 165 166 169 176 177 178 179 180 181 345 428 430 432 433 436 438 440 441 442 445 446 449 453 456 457 459 460 461 462 463 628 651 653 655 656 659 661 663 664 665 667 668 671 676 679 680 682 683 684 685 686 689 699 709 712 716 724 725 727 735 744 789 790 791 792 794 795 796 797 798 799 803 807 808 809 810 811 812 813 814 815 816 817 818 819 820 821 822 823 824 825 826 827 828 829 830 831 832 833 834 835 838 839 840 841 842 843 844 845 846 851 852 853 854 882 884 885 887 890 892 894 895 896 897 898 901 906 909 910 911 912 914 916 917 1058 1065 1074 1277 1279 1282 1283 1286 1289 1291 1321 1324 1329 1333 1334 1336 1350 1521 1716 1717 1720 1724 1727 1729 1732 1733 1734 1737 1743 1745 1747 1748 1771 1775 1784 1785 1788 1795 1801 1868 1871 1872 1874 1877 1879 1881 1882 1883 1885 1886 1888 1889 1892 1893 1894 1895 1896 1898 1899 1900 1964 1965 1966 1968 1969 1970 1971 1973 1974 1978 1980 1981 1982 2001 2005 2014 2015 2017 2025 2033 2185 2191 2192 2194 2199 
205 146 147 148 149 150 152 154 155 157 159 161 162 163 164 165 166 167 168 169 170 175 176 177 178 179 180 181 345 346 348 353 426 427 428 429 430 432 433 435 436 437 438 440 441 442 443 444 445 446 447 448 449 453 455 456 457 459 460 461 462 463 470 477 628 629 631 636 649 650 651 652 653 655 656 658 659 660 661 663 664 665 666 667 668 669 670 671 672 676 678 679 680 682 683 684 685 686 689 691 694 697 699 700 701 706 708 709 836 837 838 839 840 841 842 843 844 845 846 847 848 849 850 851 852 853 854 1232 1277 1279 1282 1283 1284 1285 1286 1288 1289 1291 1321 1322 1324 1325 1328 1329 1331 1333 1334 1335 1336 1338 1339 1347 1349 1350 1353 1521 1522 1527 1531 1716 1717 1718 1720 1723 1724 1725 1727 1729 1731 1732 1733 1734 1735 1736 1737 1738 1742 1743 1745 1746 1747 1748 2001 2002 2005 2008 2011 2014 2015 2016 2017 2019 2020 2024 2025 2031 2032 2033 2185 2190 2191 2192 2193 2194 2197 2199 
158 130 150 152 153 158 160 311 316 317 409 410 432 433 434 439 453 655 656 657 662 676 722 757 760 761 762 763 768 770 771 772 774 775 779 780 782 783 785 790 791 792 793 798 802 806 807 809 855 856 857 858 859 860 861 862 863 864 865 866 867 868 869 870 871 872 873 874 875 876 877 878 879 885 887 888 893 906 936 937 938 942 949 954 957 963 1063 1157 1158 1159 1169 1206 1207 1247 1251 1253 1281 1330 1365 1366 1367 1374 1379 1381 1386 1486 1488 1489 1490 1491 1501 1504 1505 1509 1510 1512 1514 1722 1726 1728 1781 1782 1872 1874 1875 1880 1889 1965 1966 1967 1978 2012 2096 2097 2098 2101 2166 2167 2168 2169 2172 2174 2175 2177 2178 2180 2181 2189 2203 2204 2205 2207 2209 2210 2211 2212 2215 2216 2217 
14 497 538 541 546 1135 1137 1140 1298 1662 1824 1862 1867 2047 2230 
106 337 342 345 348 351 352 353 465 467 472 479 689 690 691 693 694 695 699 700 701 702 709 880 881 882 883 884 885 886 887 888 889 890 891 892 893 894 895 896 897 898 899 900 901 902 903 904 905 906 907 908 909 910 911 912 913 914 915 916 917 918 924 1319 1321 1322 1324 1325 1326 1329 1330 1331 1333 1334 1335 1336 1337 1338 1339 1340 1342 1345 1350 1356 1361 1518 1521 1523 1527 1530 1531 2183 2185 2187 2188 2189 2190 2191 2192 2193 2194 2195 2196 2197 2198 2199 2201 
15 919 920 921 922 923 924 925 926 927 928 929 930 931 932 933 
4 1004 1141 1306 1648 
156 123 125 127 128 130 132 133 134 135 137 140 141 142 143 144 337 341 347 620 630 710 711 715 717 722 723 724 731 732 734 735 736 739 745 934 935 936 937 938 939 940 941 942 943 944 945 946 947 948 949 950 951 952 953 954 955 956 957 958 959 960 961 962 963 964 965 1057 1063 1064 1068 1069 1071 1075 1197 1198 1200 1202 1204 1206 1207 1208 1209 1210 1214 1215 1216 1217 1218 1219 1220 1225 1240 1241 1244 1246 1247 1249 1251 1253 1254 1255 1256 1257 1258 1260 1264 1265 1266 1267 1268 1269 1270 1274 1275 1276 1278 1279 1281 1282 1284 1287 1288 1289 1290 1291 1524 1769 1770 1774 1776 1781 1782 1783 1784 1786 1791 1792 1794 1795 1796 1798 1802 1999 2000 2004 2006 2012 2013 2014 2021 2022 2024 2025 2026 2028 2034 
184 123 124 125 126 128 129 131 134 135 136 137 138 139 140 141 142 145 337 341 342 351 352 353 354 620 625 634 635 636 637 710 713 715 716 719 720 724 725 726 727 728 729 730 731 732 734 735 737 740 744 745 966 967 968 969 970 971 972 973 974 975 976 977 978 979 980 981 982 983 984 985 986 987 988 989 990 991 992 993 994 995 996 1059 1060 1061 1065 1066 1067 1068 1069 1070 1074 1075 1226 1228 1229 1234 1236 1240 1242 1243 1244 1245 1248 1249 1250 1252 1257 1258 1259 1260 1261 1262 1263 1264 1265 1266 1267 1268 1271 1272 1273 1274 1275 1276 1277 1279 1280 1282 1283 1284 1285 1286 1287 1288 1289 1292 1356 1518 1525 1530 1531 1769 1772 1774 1775 1778 1779 1784 1785 1786 1787 1788 1789 1790 1791 1792 1794 1795 1797 1799 1801 1802 1999 2002 2004 2005 2008 2009 2014 2015 2016 2017 2018 2019 2020 2021 2022 2024 2025 2027 2029 2033 2034 
45 0 1 11 207 365 484 587 593 594 608 612 614 997 998 1000 1147 1393 1397 1418 1429 1430 1432 1433 1438 1444 1446 1542 1643 1649 1688 1690 1694 1695 1803 1808 1812 1834 1848 1849 1918 1988 2067 2084 2122 2138 
68 34 56 99 235 291 483 484 486 490 523 608 612 613 614 617 765 818 940 973 998 999 1000 1001 1114 1418 1419 1425 1438 1444 1445 1446 1451 1493 1542 1543 1545 1599 1600 1688 1690 1692 1693 1694 1695 1698 1699 1701 1704 1803 1808 1810 1811 1812 1814 1817 1820 1918 1920 1947 1988 1989 1995 2067 2068 2075 2122 2123 2131 
24 12 292 366 393 482 568 860 1051 1394 1438 1463 1544 1626 1637 1674 1688 1691 1803 1809 1832 1860 2037 2051 2233 
23 10 12 13 31 57 100 236 364 366 367 385 522 941 1002 1003 1004 1494 1637 1638 1640 1641 1919 2171 
155 337 341 342 351 353 354 465 466 467 473 475 690 691 692 693 694 695 700 701 702 703 705 709 710 713 715 716 717 719 720 724 726 727 728 729 730 731 732 734 735 736 737 740 741 744 745 1005 1006 1007 1008 1009 1010 1011 1012 1013 1014 1015 1016 1017 1018 1019 1020 1021 1022 1023 1024 1025 1026 1027 1028 1029 1030 1031 1032 1033 1034 1035 1036 1037 1059 1060 1061 1066 1067 1068 1069 1070 1074 1075 1319 1322 1323 1324 1325 1326 1333 1335 1336 1337 1338 1339 1341 1342 1343 1345 1346 1350 1518 1526 1531 1769 1772 1774 1775 1776 1778 1779 1784 1786 1787 1788 1789 1790 1791 1792 1794 1795 1796 1797 1799 1801 1802 1999 2002 2004 2005 2006 2008 2009 2014 2016 2017 2018 2019 2020 2021 2022 2024 2025 2026 2027 2029 2030 2033 2034 
17 185 194 262 483 498 547 592 1079 1176 1185 1395 1431 1663 1692 1810 1833 1847 
50 0 1 14 208 368 483 484 523 587 592 593 608 613 614 998 1000 1038 1148 1395 1396 1397 1419 1429 1431 1432 1438 1445 1446 1545 1600 1643 1649 1688 1692 1693 1694 1803 1810 1811 1812 1833 1834 1847 1848 1920 1989 2068 2085 2123 2139 
107 53 58 60 131 159 201 202 203 204 205 206 210 211 212 215 216 237 239 438 519 520 524 525 661 756 761 762 768 769 791 795 798 799 811 814 815 820 821 840 841 845 846 892 974 976 1015 1039 1040 1041 1042 1043 1044 1045 1046 1047 1048 1049 1050 1107 1111 1112 1116 1117 1122 1252 1535 1539 1540 1546 1547 1554 1566 1567 1569 1570 1580 1581 1582 1583 1585 1587 1588 1589 1591 1596 1597 1601 1602 1609 1727 1758 1879 1944 1946 1949 1969 2102 2154 2218 2219 2220 2221 2222 2224 2226 2227 2228 
50 160 317 410 439 568 569 662 771 774 780 802 806 809 860 863 869 871 872 873 874 893 942 949 954 963 1051 1052 1053 1054 1055 1056 1063 1207 1253 1374 1379 1386 1501 1504 1510 1728 1782 1880 2174 2177 2181 2209 2211 2216 2217 
19 1057 1058 1059 1060 1061 1062 1063 1064 1065 1066 1067 1068 1069 1070 1071 1072 1073 1074 1075 
31 1 186 195 278 394 484 548 560 581 593 614 997 1000 1038 1177 1397 1432 1446 1464 1625 1628 1649 1664 1694 1812 1834 1848 1863 1906 2052 2235 
88 92 95 101 117 120 161 201 202 204 205 209 210 211 212 214 215 216 440 663 757 761 762 766 768 770 779 782 785 791 796 798 812 814 815 820 822 828 832 835 840 841 844 845 853 894 943 1076 1077 1078 1079 1080 1081 1082 1083 1084 1085 1086 1087 1088 1089 1090 1144 1145 1149 1150 1152 1154 1161 1370 1486 1489 1495 1509 1512 1514 1881 1970 2078 2079 2081 2082 2086 2087 2088 2089 2091 2092 2103 
54 15 79 83 187 189 190 191 209 263 265 266 270 279 369 395 493 494 499 501 502 506 542 543 549 551 552 554 555 556 562 861 1080 1082 1083 1087 1091 1149 1186 1188 1189 1193 1465 1584 1643 1650 1652 1901 1907 2069 2086 2124 2132 2140 2223 
89 91 95 102 104 132 162 201 202 203 204 205 206 210 211 212 215 216 441 664 756 761 762 768 769 791 797 798 799 811 814 815 820 821 840 841 845 846 895 944 946 1092 1093 1094 1095 1096 1097 1098 1099 1100 1101 1102 1103 1104 1105 1144 1145 1146 1150 1151 1152 1162 1254 1371 1485 1489 1496 1498 1729 1882 1971 2078 2079 2080 2081 2082 2083 2087 2088 2089 2092 2104 2133 2134 2135 2136 2137 2141 2142 2143 
262 146 147 148 149 150 152 159 165 166 169 170 175 176 177 179 180 181 348 426 427 428 429 430 432 433 438 442 443 446 449 453 455 456 457 460 461 462 463 631 649 650 651 652 653 655 656 661 665 668 671 672 676 678 679 680 683 684 685 686 691 699 701 709 713 716 724 725 727 729 734 735 744 787 788 789 790 791 792 794 795 798 799 800 804 807 808 809 836 837 838 839 840 841 842 843 845 846 847 849 851 852 853 854 880 881 882 883 884 885 887 892 896 898 901 902 906 908 909 910 912 914 916 917 1059 1065 1067 1074 1106 1107 1108 1109 1110 1111 1112 1113 1114 1115 1116 1117 1118 1119 1120 1121 1122 1123 1124 1125 1126 1127 1128 1129 1130 1131 1132 1133 1277 1282 1283 1286 1288 1289 1322 1324 1331 1333 1334 1336 1338 1350 1527 1717 1718 1720 1727 1733 1734 1737 1738 1742 1743 1747 1748 1750 1751 1752 1753 1754 1758 1759 1761 1764 1765 1766 1767 1768 1772 1775 1784 1785 1788 1790 1794 1795 1801 1868 1869 1870 1871 1872 1874 1879 1883 1884 1886 1888 1889 1891 1892 1893 1896 1898 1899 1900 1962 1963 1964 1965 1966 1969 1972 1974 1978 1979 1980 1982 2002 2005 2014 2015 2017 2019 2024 2025 2033 2146 2147 2148 2149 2150 2154 2155 2157 2161 2162 2163 2164 2185 2190 2191 2192 2194 2199 
75 35 59 103 238 442 487 488 489 491 492 518 519 618 619 640 665 759 761 767 813 814 819 840 896 945 975 1016 1110 1111 1115 1134 1135 1402 1405 1406 1408 1409 1415 1416 1427 1428 1453 1454 1497 1538 1539 1565 1566 1595 1596 1700 1702 1703 1705 1706 1816 1818 1819 1821 1822 1837 1838 1839 1841 1842 1883 1914 1915 1948 1984 1985 2064 2065 2118 2119 
76 16 84 210 221 271 272 370 381 382 405 406 420 494 497 507 513 514 524 604 605 643 768 798 820 845 862 875 876 1049 1050 1088 1089 1102 1103 1116 1136 1137 1138 1139 1140 1150 1194 1195 1300 1316 1317 1408 1409 1436 1437 1474 1475 1546 1569 1601 1683 1684 1711 1823 1824 1841 1842 1857 1858 1921 1990 2059 2060 2070 2087 2125 2141 2172 2207 2229 2230 
198 8 10 16 17 30 31 36 60 104 204 206 210 215 216 239 259 260 261 264 265 266 267 268 269 270 271 272 293 361 363 364 370 377 380 381 382 384 385 508 509 510 511 512 513 514 515 516 519 524 525 587 590 591 595 596 597 600 601 602 603 604 605 606 607 608 611 618 619 761 768 769 798 799 814 820 821 840 845 846 946 976 1039 1040 1041 1042 1043 1044 1045 1046 1047 1048 1049 1050 1092 1093 1094 1095 1096 1097 1098 1099 1100 1101 1102 1103 1104 1105 1111 1116 1117 1139 1140 1141 1142 1143 1144 1146 1150 1151 1299 1300 1302 1304 1305 1306 1307 1308 1309 1312 1313 1314 1315 1316 1317 1318 1438 1443 1453 1454 1498 1539 1546 1547 1566 1569 1570 1583 1588 1589 1596 1601 1602 1643 1647 1648 1651 1652 1655 1656 1844 1845 1846 1850 1851 1852 1853 1854 1855 1856 1857 1858 1859 1915 1921 1922 1949 2081 2083 2087 2092 2119 2121 2125 2126 2135 2137 2141 2142 2167 2172 2173 2203 2207 2208 2221 2222 2227 2228 
17 187 196 263 499 549 594 1080 1178 1186 1294 1433 1620 1632 1665 1695 1849 2040 
79 18 294 371 396 481 485 486 490 569 582 749 863 1052 1053 1054 1294 1295 1296 1297 1398 1407 1420 1447 1466 1548 1603 1619 1620 1621 1622 1623 1624 1625 1627 1629 1630 1631 1632 1633 1634 1635 1636 1639 1640 1641 1675 1689 1695 1696 1697 1698 1699 1704 1806 1813 1814 1820 1828 1835 1836 1840 1861 1864 1865 1991 2038 2039 2040 2041 2042 2043 2044 2045 2053 2071 2127 2236 2237 2238 
37 3 188 197 264 500 550 561 595 639 1004 1042 1053 1081 1095 1142 1179 1187 1295 1297 1307 1480 1621 1625 1629 1633 1636 1640 1651 1666 1697 1825 1850 1864 2041 2045 2231 2237 
58 2 4 79 189 198 265 486 494 501 543 551 556 562 596 639 999 1001 1004 1043 1052 1054 1082 1091 1096 1139 1143 1180 1188 1297 1300 1308 1481 1622 1625 1627 1630 1634 1636 1641 1652 1658 1667 1698 1814 1823 1826 1836 1851 1861 1865 1998 2038 2042 2045 2132 2229 2232 2238 
21 190 199 266 502 552 597 1003 1044 1083 1097 1181 1189 1296 1309 1482 1623 1635 1668 1699 1852 2043 
116 91 92 95 97 101 102 104 106 108 114 115 117 120 121 128 132 133 134 137 144 313 318 319 322 332 471 659 663 664 666 667 669 682 698 723 939 943 944 946 948 950 951 960 961 965 1064 1144 1145 1146 1147 1148 1149 1150 1151 1152 1153 1154 1160 1161 1162 1163 1164 1166 1173 1204 1208 1210 1220 1249 1254 1255 1256 1257 1260 1270 1279 1284 1291 1332 1368 1370 1371 1373 1375 1376 1384 1485 1486 1489 1495 1496 1498 1500 1502 1507 1509 1512 1513 1514 1724 1729 1730 1731 1732 1735 1745 1783 1786 2013 2099 2103 2104 2105 2106 2108 2115 
47 337 339 341 350 471 474 475 476 688 698 704 705 707 925 1155 1156 1157 1158 1159 1160 1161 1162 1163 1164 1165 1166 1167 1168 1169 1170 1171 1172 1173 1319 1320 1323 1330 1332 1333 1336 1341 1344 1346 1348 1354 1516 1529 
54 61 80 88 89 105 240 274 275 276 278 282 283 289 299 301 443 526 535 800 847 947 977 1017 1118 1127 1131 1174 1175 1176 1177 1178 1179 1180 1181 1182 1372 1499 1537 1549 1558 1561 1571 1594 1604 1613 1616 1759 1884 1913 1930 1956 1959 1972 2155 
62 92 95 106 117 120 133 163 444 666 791 798 801 840 841 845 848 853 948 1144 1145 1149 1150 1152 1154 1163 1183 1184 1185 1186 1187 1188 1189 1190 1191 1192 1193 1194 1195 1196 1256 1373 1486 1489 1500 1509 1512 1731 2105 2116 2119 2120 2124 2125 2128 2130 2133 2135 2136 2140 2141 2143 2145 
36 1197 1198 1199 1200 1201 1202 1203 1204 1205 1206 1207 1208 1209 1210 1211 1212 1213 1214 1215 1216 1217 1218 1219 1220 1221 1222 1223 1224 1225 1226 1227 1228 1229 1236 1237 1351 
14 1226 1227 1228 1229 1230 1231 1232 1233 1234 1235 1236 1237 1238 1239 
73 620 622 623 624 625 630 632 633 634 635 636 637 1226 1227 1228 1229 1233 1234 1236 1237 1240 1241 1242 1243 1244 1245 1246 1247 1248 1249 1250 1251 1252 1253 1254 1255 1256 1257 1258 1259 1260 1261 1262 1263 1264 1265 1266 1267 1268 1269 1270 1271 1272 1273 1274 1275 1276 1277 1278 1279 1280 1281 1282 1283 1284 1285 1286 1287 1288 1289 1290 1291 1292 
47 620 622 623 624 625 626 627 628 629 630 631 632 633 634 635 636 637 1226 1227 1228 1229 1230 1231 1232 1233 1234 1235 1236 1237 1275 1276 1277 1278 1279 1280 1281 1282 1283 1284 1285 1286 1287 1288 1289 1290 1291 1292 
36 2 183 211 280 397 494 495 503 543 544 553 556 563 598 615 864 1039 1076 1092 1293 1300 1302 1310 1399 1421 1448 1467 1585 1653 1658 1659 1669 1844 1908 2088 2224 
56 19 183 184 188 202 211 274 280 295 359 372 388 397 398 494 495 496 500 503 543 544 545 550 553 556 558 561 563 570 770 822 856 864 865 1076 1077 1081 1119 1293 1456 1467 1550 1581 1585 1605 1645 1651 1653 1676 1903 1908 1950 2079 2088 2219 2224 
38 12 18 20 27 62 107 241 366 371 379 527 568 569 771 802 860 863 871 949 978 1051 1052 1053 1054 1294 1295 1296 1297 1374 1501 1637 1639 1640 1641 1642 1923 2174 2209 
119 21 85 183 185 186 192 194 195 222 278 284 285 296 373 377 380 381 394 399 401 403 404 405 421 528 543 544 546 547 548 556 560 564 565 571 581 585 586 750 753 754 772 823 866 869 872 874 875 1120 1298 1395 1397 1402 1405 1406 1408 1422 1427 1428 1446 1453 1454 1464 1469 1472 1473 1474 1551 1572 1586 1588 1589 1606 1649 1655 1656 1658 1659 1662 1663 1664 1677 1678 1681 1682 1683 1810 1812 1816 1818 1819 1821 1833 1834 1837 1838 1839 1841 1861 1862 1863 1906 1911 1912 1924 1951 1992 2052 2054 2055 2057 2058 2059 2072 2175 2210 2225 2227 2228 
153 5 8 9 10 16 17 24 30 31 36 53 60 63 91 95 104 108 134 164 201 202 204 205 206 210 211 212 215 216 239 242 287 290 293 319 356 357 359 361 362 363 364 370 375 377 380 381 382 384 385 445 519 520 524 525 608 609 610 611 615 616 618 619 667 756 761 762 768 769 791 798 799 803 811 814 815 820 821 840 841 845 846 897 946 950 976 979 1018 1144 1145 1146 1150 1151 1152 1164 1257 1299 1300 1301 1302 1303 1304 1305 1306 1307 1308 1309 1310 1311 1312 1313 1314 1315 1316 1317 1318 1375 1485 1489 1498 1502 1535 1539 1540 1546 1547 1566 1567 1569 1570 1732 1760 1885 1915 1916 1921 1922 1973 2078 2079 2081 2082 2083 2087 2088 2089 2092 2106 2156 2167 2168 2172 2173 
75 337 338 339 341 342 343 344 345 346 348 350 351 352 353 354 919 920 921 924 925 926 929 932 1319 1320 1321 1322 1323 1324 1325 1326 1327 1328 1329 1330 1331 1332 1333 1334 1335 1336 1337 1338 1339 1340 1341 1342 1343 1344 1345 1346 1347 1348 1349 1350 1352 1353 1354 1356 1360 1361 1515 1516 1518 1519 1520 1521 1522 1523 1526 1527 1529 1530 1531 1532 
11 1351 1352 1353 1354 1355 1356 1357 1358 1359 1360 1361 
122 337 339 341 349 350 354 620 623 632 633 637 710 711 713 715 717 719 720 722 723 724 726 727 731 732 734 735 736 737 739 741 743 745 927 1057 1059 1060 1061 1063 1064 1066 1068 1069 1070 1071 1073 1075 1233 1236 1237 1240 1241 1243 1244 1246 1247 1248 1249 1250 1251 1253 1254 1255 1256 1257 1258 1260 1261 1262 1264 1265 1266 1267 1268 1269 1270 1271 1274 1275 1276 1278 1279 1280 1281 1282 1284 1285 1286 1287 1288 1289 1290 1291 1355 1362 1363 1364 1365 1366 1367 1368 1369 1370 1371 1372 1373 1374 1375 1376 1377 1378 1379 1380 1381 1382 1383 1384 1385 1386 1516 1528 1529 
303 33 35 40 42 43 47 59 70 71 73 74 75 90 98 103 112 113 116 118 119 135 165 177 179 227 238 249 251 253 254 255 286 289 292 294 296 299 301 303 320 442 446 453 457 460 461 640 642 643 644 645 647 665 668 676 680 683 684 724 755 759 761 764 767 768 772 775 776 778 780 781 783 785 794 798 807 808 809 810 813 814 817 819 820 823 824 825 827 829 830 831 833 835 840 843 845 851 852 854 896 898 906 910 912 914 934 945 957 959 962 963 964 966 975 986 989 991 992 993 1005 1016 1019 1025 1028 1031 1033 1106 1110 1111 1113 1115 1116 1120 1123 1124 1125 1127 1128 1129 1131 1133 1165 1169 1209 1258 1282 1333 1381 1385 1386 1387 1388 1389 1390 1391 1392 1393 1394 1395 1396 1397 1398 1399 1400 1401 1402 1403 1404 1405 1406 1407 1408 1409 1410 1411 1412 1413 1414 1415 1416 1417 1418 1419 1420 1421 1422 1423 1424 1425 1426 1427 1428 1484 1492 1497 1505 1506 1508 1510 1511 1514 1534 1537 1538 1539 1541 1542 1544 1545 1546 1548 1551 1555 1558 1559 1561 1563 1565 1566 1568 1569 1572 1575 1576 1577 1579 1590 1594 1595 1596 1598 1600 1601 1603 1606 1610 1613 1614 1616 1618 1710 1711 1712 1713 1714 1733 1761 1765 1768 1784 1868 1883 1886 1889 1893 1896 1898 1943 1948 1951 1952 1954 1956 1957 1959 1961 1974 1978 1982 1983 1984 1985 1986 1987 1988 1989 1990 1991 1992 1993 1994 1995 1996 1997 2014 2063 2064 2065 2066 2067 2068 2070 2071 2072 2073 2075 2076 2077 2107 2157 2161 2164 2191 
185 135 136 142 165 166 176 177 179 181 320 321 330 442 446 453 456 457 460 461 462 463 665 668 676 679 680 683 684 686 699 724 725 735 755 759 761 764 765 767 768 772 775 776 778 780 781 783 784 785 786 794 798 807 808 809 810 813 814 817 818 819 820 823 824 825 827 829 830 831 833 834 835 840 843 845 851 852 854 896 898 906 909 910 912 914 917 966 973 975 986 988 989 991 992 993 994 995 1065 1106 1110 1111 1113 1114 1115 1116 1120 1123 1124 1125 1127 1128 1129 1131 1132 1133 1258 1259 1268 1282 1283 1289 1333 1334 1411 1412 1413 1414 1415 1416 1417 1418 1419 1420 1421 1422 1423 1424 1425 1426 1427 1428 1565 1566 1568 1569 1572 1575 1576 1577 1579 1733 1734 1743 1748 1761 1765 1767 1768 1784 1785 1795 1868 1883 1886 1889 1892 1893 1896 1898 1899 1900 1974 1978 1980 1982 2014 2015 2025 2157 2161 2163 2164 2191 2192 2199 
102 11 14 16 25 41 44 64 72 77 114 121 137 167 243 252 256 297 302 322 412 414 447 462 523 524 532 669 798 845 899 951 960 965 980 990 994 1020 1030 1035 1147 1148 1150 1153 1166 1210 1260 1284 1376 1429 1430 1431 1432 1433 1434 1435 1436 1437 1438 1444 1445 1446 1450 1453 1454 1507 1513 1542 1545 1546 1555 1556 1562 1569 1576 1600 1601 1610 1611 1617 1735 1762 1786 1887 1894 1899 1918 1920 1921 1928 1953 1960 1975 2108 2122 2123 2125 2129 2138 2139 2141 2144 2158 
246 47 55 56 59 60 64 71 72 73 74 75 77 128 137 138 155 167 168 177 179 227 234 235 238 239 243 251 252 253 254 255 256 286 287 289 291 292 293 294 296 297 299 301 302 313 322 323 436 442 447 448 457 460 461 462 518 519 521 523 524 525 528 532 533 535 536 659 665 669 670 680 683 684 700 726 840 843 845 846 852 854 890 896 899 900 910 912 914 966 972 973 975 976 980 989 990 991 992 993 994 1005 1013 1016 1020 1028 1030 1031 1033 1035 1066 1204 1210 1211 1249 1260 1261 1279 1284 1285 1335 1368 1376 1377 1385 1386 1438 1439 1440 1441 1442 1443 1444 1445 1446 1447 1448 1449 1450 1451 1452 1453 1454 1534 1535 1537 1538 1539 1541 1542 1543 1544 1545 1546 1547 1548 1551 1555 1556 1558 1559 1561 1562 1565 1566 1568 1569 1570 1572 1576 1577 1579 1590 1591 1594 1595 1596 1598 1599 1600 1601 1602 1603 1606 1610 1611 1613 1614 1616 1617 1724 1735 1736 1756 1762 1763 1768 1786 1787 1868 1877 1883 1887 1893 1894 1896 1898 1899 1913 1914 1915 1917 1918 1920 1921 1922 1924 1928 1930 1931 1935 1943 1944 1947 1948 1949 1951 1952 1953 1954 1956 1957 1959 1960 1968 1975 1976 1982 2016 2099 2108 2109 2152 2158 2159 2164 2193 
258 40 42 45 48 54 70 71 73 74 76 78 92 96 98 112 113 116 117 118 120 122 139 152 169 177 179 181 217 218 220 221 222 223 224 225 226 233 249 251 253 254 257 324 411 413 415 416 417 419 420 421 422 423 424 425 433 449 453 457 460 463 640 641 642 643 644 645 646 647 656 671 676 680 683 686 727 757 759 761 763 764 768 770 772 775 776 778 779 780 782 783 785 786 792 794 798 807 808 809 812 813 814 816 817 820 822 823 824 825 827 828 829 830 832 833 835 840 842 843 845 851 852 853 854 887 901 906 910 912 917 971 986 989 991 992 995 1011 1021 1025 1028 1031 1036 1108 1110 1111 1113 1116 1119 1120 1123 1125 1126 1127 1128 1130 1131 1133 1158 1167 1169 1212 1262 1286 1336 1366 1381 1385 1386 1455 1456 1457 1458 1459 1460 1461 1462 1463 1464 1465 1466 1467 1468 1469 1470 1471 1472 1473 1474 1475 1476 1477 1592 1594 1595 1596 1598 1601 1603 1605 1606 1612 1613 1614 1615 1616 1618 1709 1710 1711 1712 1713 1714 1737 1748 1754 1764 1765 1768 1788 1874 1888 1889 1893 1896 1900 1941 1945 1950 1951 1952 1954 1955 1956 1958 1959 1961 1966 1978 1982 2017 2063 2064 2065 2066 2069 2070 2071 2072 2074 2075 2076 2077 2097 2110 2150 2161 2164 2194 
17 65 277 529 804 849 1121 1478 1479 1480 1481 1482 1483 1552 1573 1607 1905 1925 
263 304 305 308 310 311 313 316 317 318 319 320 322 326 327 328 329 330 331 332 335 336 337 341 350 471 474 476 620 633 648 649 654 655 656 657 659 662 663 664 665 666 667 668 669 673 674 675 676 678 679 680 681 682 683 684 687 688 698 704 707 710 711 715 717 722 723 724 731 732 734 735 736 739 743 745 1057 1063 1064 1068 1069 1071 1073 1075 1155 1156 1157 1158 1159 1160 1161 1162 1163 1164 1165 1166 1168 1169 1170 1171 1172 1173 1197 1198 1200 1202 1204 1206 1207 1208 1209 1210 1214 1215 1216 1217 1218 1219 1220 1223 1225 1240 1241 1244 1246 1247 1249 1251 1253 1254 1255 1256 1257 1258 1260 1264 1265 1266 1267 1268 1269 1270 1274 1275 1276 1278 1279 1281 1282 1284 1287 1288 1289 1290 1291 1319 1320 1323 1330 1332 1333 1341 1344 1348 1362 1364 1365 1366 1367 1368 1370 1371 1372 1373 1374 1375 1376 1378 1379 1380 1381 1382 1383 1384 1385 1386 1484 1485 1486 1487 1488 1489 1490 1491 1492 1493 1494 1495 1496 1497 1498 1499 1500 1501 1502 1503 1504 1505 1506 1507 1508 1509 1510 1511 1512 1513 1514 1529 1715 1719 1721 1722 1724 1726 1728 1729 1730 1731 1732 1733 1735 1739 1740 1741 1742 1743 1744 1745 1749 2093 2095 2096 2097 2098 2099 2101 2103 2104 2105 2106 2107 2108 2111 2112 2113 2114 2115 2183 2184 2186 2189 2191 2199 2200 
34 919 920 921 922 923 924 925 926 927 928 929 930 931 932 933 1515 1516 1517 1518 1519 1520 1521 1522 1523 1524 1525 1526 1527 1528 1529 1530 1531 1532 1533 
343 47 48 49 50 51 52 53 54 55 56 58 59 60 61 63 64 65 66 70 71 72 73 74 75 76 77 124 128 129 131 134 135 137 138 141 142 146 147 148 150 152 154 155 156 159 164 165 167 168 170 175 176 177 179 227 228 229 230 232 233 234 235 237 238 239 240 242 243 244 249 250 251 252 253 254 255 256 307 312 313 314 319 320 322 323 325 329 330 351 634 691 694 695 700 701 713 719 720 724 726 728 729 734 735 880 881 882 883 885 887 889 890 891 892 896 897 898 899 900 902 906 908 909 910 912 914 966 967 968 969 970 971 972 973 974 975 976 977 979 980 981 986 987 988 989 990 991 992 993 994 1005 1006 1007 1008 1010 1011 1012 1013 1014 1015 1016 1017 1018 1019 1020 1025 1026 1027 1028 1030 1031 1033 1035 1059 1060 1061 1066 1067 1199 1203 1204 1205 1209 1210 1211 1213 1217 1218 1242 1243 1248 1249 1250 1252 1257 1258 1260 1261 1263 1267 1268 1279 1280 1282 1284 1285 1288 1289 1322 1325 1326 1333 1335 1337 1338 1534 1535 1536 1537 1538 1539 1540 1541 1542 1543 1544 1545 1546 1547 1548 1549 1550 1551 1552 1553 1554 1555 1556 1557 1558 1559 1560 1561 1562 1563 1564 1565 1566 1567 1568 1569 1570 1571 1572 1573 1574 1575 1576 1577 1578 1579 1750 1751 1752 1753 1754 1756 1757 1758 1759 1760 1761 1762 1763 1765 1766 1767 1768 1772 1778 1779 1784 1786 1787 1789 1790 1794 1795 1868 1869 1870 1871 1872 1874 1876 1877 1878 1879 1883 1884 1885 1886 1887 1889 1891 1892 1893 1894 1896 1898 1899 1932 1933 1934 1935 1936 2002 2008 2009 2014 2016 2018 2019 2024 2025 2093 2094 2096 2097 2099 2100 2102 2106 2107 2108 2109 2112 2113 2188 2191 2193 2195 2199 
204 124 128 129 131 134 135 136 137 138 141 142 351 352 472 634 635 691 694 695 699 700 701 702 709 713 719 720 724 725 726 728 729 734 735 737 744 880 881 882 883 885 887 889 890 891 892 896 897 898 899 900 902 906 908 909 910 912 913 914 916 917 966 967 968 969 970 971 972 973 974 975 976 977 979 980 981 986 987 988 989 990 991 992 993 994 995 1059 1060 1061 1065 1066 1067 1070 1074 1234 1242 1243 1248 1249 1250 1252 1257 1258 1259 1260 1261 1263 1267 1268 1271 1273 1279 1280 1282 1283 1284 1285 1288 1289 1322 1325 1326 1333 1334 1335 1337 1338 1342 1350 1356 1530 1564 1565 1566 1567 1568 1569 1570 1571 1572 1573 1574 1575 1576 1577 1578 1579 1772 1778 1779 1784 1785 1786 1787 1789 1790 1794 1795 1797 1801 1868 1869 1870 1871 1872 1874 1876 1877 1878 1879 1883 1884 1885 1886 1887 1889 1891 1892 1893 1894 1896 1897 1898 1899 1900 2002 2008 2009 2014 2015 2016 2018 2019 2024 2025 2027 2033 2188 2191 2192 2193 2195 2196 2199 
160 48 51 52 53 54 58 60 76 124 131 147 150 152 159 170 230 232 233 237 239 325 428 432 433 438 519 520 524 525 528 534 651 655 656 661 672 701 729 789 790 791 792 795 798 799 838 839 840 841 842 845 846 853 882 885 887 892 902 969 970 971 974 976 1008 1010 1011 1015 1067 1107 1108 1111 1112 1116 1117 1119 1120 1122 1126 1130 1133 1213 1242 1252 1263 1338 1535 1536 1539 1540 1546 1547 1550 1551 1554 1557 1560 1563 1566 1567 1569 1570 1572 1578 1580 1581 1582 1583 1584 1585 1586 1587 1588 1589 1591 1592 1596 1597 1601 1602 1605 1606 1609 1612 1615 1618 1717 1727 1738 1752 1753 1754 1758 1790 1871 1872 1874 1879 1936 1944 1945 1946 1949 1950 1951 1955 1958 1961 1964 1965 1966 1969 2019 2094 2096 2097 2102 2148 2149 2150 2154 
335 124 128 131 135 137 138 139 141 142 146 147 148 150 152 154 155 159 165 167 168 169 170 175 176 177 179 180 181 353 426 427 428 429 432 433 435 436 438 442 443 446 447 448 449 453 455 456 457 460 461 462 463 636 649 650 651 652 655 656 658 659 661 665 668 669 670 671 672 676 678 679 680 683 684 685 686 691 694 700 701 709 713 719 724 726 727 729 730 734 735 744 836 837 838 839 840 841 842 843 845 846 847 849 850 851 852 853 854 880 881 882 883 885 887 889 890 892 896 898 899 900 901 902 906 908 909 910 912 914 916 917 966 967 968 969 970 971 972 973 974 975 976 977 980 981 986 987 988 989 990 991 992 993 994 995 1005 1006 1007 1008 1010 1011 1012 1013 1015 1016 1017 1019 1020 1021 1025 1026 1027 1028 1030 1031 1033 1035 1036 1059 1060 1066 1067 1074 1242 1243 1248 1249 1252 1258 1260 1261 1262 1263 1267 1268 1273 1279 1282 1284 1285 1286 1288 1289 1322 1325 1333 1335 1336 1338 1339 1350 1531 1590 1591 1592 1593 1594 1595 1596 1597 1598 1599 1600 1601 1602 1603 1604 1605 1606 1607 1608 1609 1610 1611 1612 1613 1614 1615 1616 1617 1618 1717 1718 1723 1724 1727 1733 1735 1736 1737 1738 1742 1743 1747 1748 1750 1751 1752 1753 1754 1756 1758 1759 1761 1762 1763 1764 1765 1766 1767 1768 1772 1778 1784 1786 1787 1788 1790 1794 1795 1801 1868 1869 1870 1871 1872 1874 1876 1877 1879 1883 1884 1886 1887 1888 1889 1891 1892 1893 1894 1896 1898 1899 1900 2002 2008 2014 2016 2017 2019 2020 2024 2025 2033 2146 2147 2148 2149 2150 2152 2154 2155 2157 2158 2159 2160 2161 2162 2163 2164 2191 2193 2194 2197 2199 
58 7 18 27 66 109 244 289 294 360 371 379 530 577 580 581 582 583 748 749 751 773 805 850 952 981 1378 1503 1537 1548 1553 1574 1594 1603 1608 1619 1620 1621 1622 1623 1624 1625 1626 1627 1628 1629 1630 1913 1926 1977 2160 2176 2233 2234 2235 2236 2237 2238 2239 
64 7 12 18 22 27 28 37 66 67 74 109 110 118 171 244 245 246 254 326 360 366 371 379 450 530 531 536 673 731 903 952 953 954 963 981 982 983 992 1022 1068 1214 1264 1378 1379 1386 1503 1504 1510 1626 1627 1628 1629 1630 1739 1791 1913 1926 1927 1931 1937 2021 2176 2177 2181 
44 12 18 22 27 67 110 246 366 371 379 531 568 569 774 806 860 863 871 954 983 1051 1052 1053 1054 1379 1504 1626 1627 1629 1630 1631 1632 1633 1634 1635 1636 1637 1639 1640 1641 1642 1927 2177 2211 
64 10 12 13 18 20 22 27 31 38 57 62 67 68 100 107 110 111 172 236 241 246 247 327 364 366 367 371 379 385 451 522 527 531 674 904 941 949 954 955 978 983 984 1023 1215 1265 1374 1379 1494 1501 1504 1637 1638 1639 1640 1641 1642 1740 1919 1923 1927 1938 2171 2174 2177 
17 23 203 259 374 559 572 857 867 1039 1092 1122 1554 1582 1609 1646 2080 2220 
166 5 6 8 9 10 11 14 15 16 17 19 21 23 24 25 26 29 30 31 32 36 39 41 48 52 53 54 60 69 72 76 91 92 94 95 96 104 114 117 120 140 150 152 173 232 233 239 248 252 328 356 357 358 359 361 362 363 364 365 368 369 370 372 373 374 375 376 377 378 380 381 382 383 384 385 386 432 433 452 519 520 523 524 525 528 532 534 655 656 675 732 885 887 905 936 937 946 956 960 970 971 976 985 990 1010 1011 1024 1030 1069 1157 1158 1168 1216 1266 1287 1365 1366 1380 1485 1486 1488 1489 1490 1498 1507 1509 1512 1514 1643 1644 1645 1646 1647 1648 1649 1650 1651 1652 1653 1654 1655 1656 1741 1792 1915 1916 1918 1920 1921 1922 1924 1928 1929 1939 2022 2096 2097 2111 2166 2167 2168 2169 2172 2173 2175 2180 
181 70 112 222 249 273 274 275 278 280 281 282 284 285 296 301 303 387 388 389 394 397 399 400 401 402 403 404 405 407 421 453 528 555 556 557 558 559 560 561 562 563 564 565 571 575 576 644 676 772 775 783 785 807 823 824 833 835 851 855 856 857 864 866 868 869 871 872 874 875 877 879 906 957 986 1025 1120 1123 1131 1133 1169 1381 1387 1388 1389 1395 1397 1399 1400 1402 1403 1405 1406 1407 1408 1411 1412 1413 1421 1422 1423 1425 1427 1428 1455 1456 1457 1464 1467 1468 1469 1470 1472 1473 1474 1476 1505 1514 1551 1561 1563 1572 1575 1606 1616 1618 1657 1658 1659 1660 1661 1662 1663 1664 1665 1666 1667 1668 1669 1670 1677 1678 1681 1682 1683 1685 1687 1712 1765 1889 1901 1902 1903 1904 1906 1908 1909 1910 1911 1912 1924 1951 1959 1961 1978 1992 1993 1995 2052 2054 2055 2057 2058 2059 2061 2072 2075 2161 2175 2178 2210 2212 
71 152 174 177 179 181 433 453 454 457 460 463 656 676 677 680 683 686 733 887 906 907 910 912 917 1340 1671 1672 1673 1674 1675 1676 1677 1678 1679 1680 1681 1682 1683 1684 1685 1686 1687 1793 1874 1889 1890 1893 1896 1900 2023 2165 2167 2169 2170 2172 2175 2178 2179 2180 2181 2198 2202 2203 2205 2206 2207 2210 2212 2214 2215 2217 
98 2 3 4 24 79 86 184 188 189 190 191 212 260 264 265 266 270 281 375 400 494 496 500 501 502 506 543 545 550 551 552 554 556 561 562 590 595 596 597 599 603 616 868 1040 1042 1043 1044 1048 1077 1081 1082 1083 1087 1093 1095 1096 1097 1101 1152 1183 1187 1188 1189 1193 1300 1304 1307 1308 1309 1311 1315 1400 1407 1423 1449 1468 1587 1651 1652 1654 1658 1661 1666 1667 1668 1670 1845 1850 1851 1852 1856 1909 1993 2089 2128 2132 2143 2226 
161 33 34 35 43 44 47 56 59 74 75 77 90 99 103 118 119 121 141 175 227 235 238 250 254 255 256 286 291 292 294 302 329 442 455 461 462 665 678 684 734 809 840 854 896 908 914 934 940 945 958 963 964 965 966 973 975 987 992 993 994 1005 1016 1026 1033 1035 1106 1110 1111 1114 1115 1124 1128 1129 1132 1170 1217 1267 1288 1382 1386 1484 1493 1497 1510 1511 1513 1534 1538 1539 1542 1543 1544 1545 1548 1555 1559 1562 1565 1566 1576 1579 1590 1595 1596 1599 1600 1603 1610 1614 1617 1688 1689 1690 1691 1692 1693 1694 1695 1696 1697 1698 1699 1700 1701 1702 1703 1704 1705 1706 1742 1766 1794 1868 1883 1891 1898 1899 1943 1947 1948 1957 1960 1979 1984 1985 1988 1989 1991 1994 1995 1997 2024 2112 2118 2119 2122 2123 2127 2129 2131 2162 
16 1235 1277 1282 1286 1707 1708 1709 1710 1711 1712 1713 1714 1720 1733 1737 1748 
63 620 626 627 628 629 631 633 636 1230 1231 1232 1235 1275 1276 1277 1278 1279 1281 1282 1283 1284 1285 1286 1287 1288 1289 1290 1291 1715 1716 1717 1718 1719 1720 1721 1722 1723 1724 1725 1726 1727 1728 1729 1730 1731 1732 1733 1734 1735 1736 1737 1738 1739 1740 1741 1742 1743 1744 1745 1746 1747 1748 1749 
58 928 1357 1527 1531 1750 1751 1752 1753 1754 1755 1756 1757 1758 1759 1760 1761 1762 1763 1764 1765 1766 1767 1768 1772 1773 1775 1777 1778 1779 1782 1784 1785 1786 1787 1788 1789 1790 1794 1795 1797 1801 2002 2003 2005 2007 2008 2009 2014 2015 2016 2017 2018 2019 2020 2024 2025 2027 2033 
39 1356 1357 1358 1359 1361 1769 1770 1771 1772 1773 1774 1775 1776 1777 1778 1779 1780 1781 1782 1783 1784 1785 1786 1787 1788 1789 1790 1791 1792 1793 1794 1795 1796 1797 1798 1799 1800 1801 1802 
249 33 34 35 42 43 44 47 56 59 73 74 75 77 90 99 103 116 118 119 121 142 176 179 227 235 238 253 254 255 256 286 289 291 292 294 296 299 301 302 330 442 456 460 461 462 640 645 647 665 679 683 684 735 755 759 761 765 767 772 778 780 781 783 784 808 809 810 813 814 818 819 823 827 829 830 831 833 834 840 852 854 896 909 912 914 934 940 945 962 963 964 965 966 973 975 988 991 992 993 994 1005 1016 1027 1031 1033 1035 1106 1110 1111 1114 1115 1120 1124 1125 1127 1128 1129 1131 1132 1171 1218 1268 1289 1383 1385 1386 1412 1413 1414 1415 1416 1418 1419 1420 1422 1424 1425 1426 1427 1428 1484 1493 1497 1508 1510 1511 1513 1534 1537 1538 1539 1542 1543 1544 1545 1548 1551 1555 1558 1559 1561 1562 1565 1566 1572 1576 1577 1579 1590 1594 1595 1596 1599 1600 1603 1606 1610 1613 1614 1616 1617 1743 1767 1768 1795 1803 1804 1805 1806 1807 1808 1809 1810 1811 1812 1813 1814 1815 1816 1817 1818 1819 1820 1821 1822 1868 1883 1892 1896 1898 1899 1943 1947 1948 1951 1954 1956 1957 1959 1960 1980 1982 1983 1984 1985 1988 1989 1991 1992 1994 1995 1996 1997 2025 2063 2064 2065 2067 2068 2071 2072 2073 2075 2076 2077 2113 2163 2164 2199 
145 40 71 98 113 177 217 218 220 221 251 411 416 417 419 420 457 518 519 521 524 640 642 643 680 759 761 764 768 776 794 798 813 814 817 820 825 840 843 845 910 959 989 1028 1110 1111 1113 1116 1391 1392 1402 1405 1406 1407 1408 1409 1410 1415 1416 1417 1427 1428 1443 1453 1454 1459 1460 1461 1462 1469 1472 1473 1474 1475 1477 1492 1506 1538 1539 1541 1546 1565 1566 1568 1569 1595 1596 1598 1601 1672 1673 1678 1681 1682 1683 1684 1686 1710 1711 1823 1824 1825 1826 1827 1828 1830 1831 1836 1837 1838 1839 1840 1841 1842 1843 1893 1914 1915 1917 1921 1952 1984 1985 1986 1987 1990 2049 2050 2055 2057 2058 2059 2060 2062 2064 2065 2066 2070 2165 2167 2170 2172 2202 2203 2206 2207 
116 33 35 40 42 43 47 59 71 73 74 75 90 98 103 113 116 118 119 143 227 238 251 253 254 255 331 442 457 458 460 461 640 642 643 645 647 665 680 681 683 684 736 934 945 959 962 963 964 1005 1016 1028 1029 1031 1033 1172 1219 1269 1290 1341 1385 1386 1484 1492 1497 1506 1508 1510 1511 1744 1796 1828 1829 1830 1831 1832 1833 1834 1835 1836 1837 1838 1839 1840 1841 1842 1843 1983 1984 1985 1986 1987 1988 1989 1990 1991 1992 1994 1995 1996 1997 2026 2063 2064 2065 2066 2067 2068 2070 2071 2072 2073 2075 2076 2077 2114 2200 
68 0 25 213 215 216 376 380 483 488 489 511 512 532 587 592 601 602 608 618 619 1124 1153 1395 1401 1405 1406 1424 1427 1428 1429 1431 1434 1435 1438 1450 1453 1454 1555 1576 1610 1643 1655 1656 1688 1692 1702 1703 1803 1810 1815 1818 1819 1833 1838 1839 1844 1847 1854 1855 1928 1994 2073 2090 2092 2129 2144 2182 2213 
91 11 14 25 41 72 114 207 208 213 215 216 252 297 365 368 376 380 412 511 512 523 532 587 592 593 594 601 602 608 612 613 614 618 619 777 826 960 990 1030 1147 1148 1153 1429 1430 1431 1432 1433 1434 1435 1438 1444 1445 1446 1450 1453 1454 1507 1542 1545 1555 1556 1576 1600 1610 1611 1643 1649 1655 1656 1844 1847 1848 1849 1854 1855 1894 1918 1920 1928 1953 2084 2085 2090 2092 2122 2123 2129 2138 2139 2144 2213 
89 91 104 114 115 144 178 201 202 204 206 207 208 210 211 212 213 215 216 332 412 459 682 756 761 768 769 777 798 799 811 814 820 821 826 840 845 846 911 946 960 961 1144 1146 1147 1148 1150 1151 1152 1153 1173 1220 1270 1291 1384 1485 1498 1507 1745 1844 1845 1846 1847 1848 1849 1850 1851 1852 1853 1854 1855 1856 1857 1858 1859 1894 1895 1981 2078 2079 2081 2083 2084 2085 2087 2088 2089 2090 2092 2115 
208 42 73 74 116 118 179 222 223 225 226 253 254 289 292 294 296 299 301 413 421 422 424 425 460 528 533 535 536 645 647 683 772 778 780 783 808 809 823 827 829 830 833 852 854 912 962 963 991 992 1031 1120 1125 1127 1128 1131 1385 1386 1388 1389 1390 1394 1395 1397 1398 1402 1403 1404 1405 1406 1407 1408 1412 1413 1414 1420 1422 1425 1426 1427 1428 1438 1440 1441 1442 1446 1447 1451 1452 1453 1454 1456 1457 1458 1463 1464 1466 1469 1470 1471 1472 1473 1474 1476 1508 1510 1537 1544 1548 1551 1558 1559 1561 1572 1577 1579 1594 1603 1606 1613 1614 1616 1671 1674 1675 1677 1678 1680 1681 1682 1683 1685 1713 1714 1768 1803 1804 1805 1806 1807 1809 1810 1812 1813 1814 1816 1817 1818 1819 1820 1821 1828 1829 1832 1833 1834 1835 1836 1837 1838 1839 1840 1841 1860 1861 1862 1863 1864 1865 1896 1913 1924 1930 1931 1951 1954 1956 1959 1982 1983 1991 1992 1995 1996 1997 2048 2051 2052 2053 2054 2055 2056 2057 2058 2059 2061 2063 2071 2072 2075 2076 2077 2164 2175 2179 2181 2210 2214 2217 
50 267 377 401 480 487 494 497 504 510 537 538 539 540 541 543 546 556 600 869 1045 1052 1084 1098 1134 1135 1139 1140 1190 1298 1300 1312 1402 1469 1658 1662 1678 1700 1816 1823 1824 1837 1853 1861 1862 1866 1867 2036 2046 2047 2055 
105 26 87 117 183 185 214 215 216 224 259 262 267 268 269 271 272 284 285 298 377 378 380 381 382 401 403 404 405 406 423 494 495 497 498 504 505 507 534 543 544 546 547 556 564 565 573 646 779 828 853 869 870 872 874 875 876 1076 1079 1084 1085 1086 1088 1089 1126 1154 1185 1190 1191 1192 1194 1195 1469 1472 1473 1474 1475 1509 1557 1578 1588 1589 1612 1655 1656 1678 1679 1681 1682 1683 1684 1866 1867 1911 1912 1929 1955 2074 2091 2092 2130 2145 2180 2215 2227 2228 
140 345 348 351 352 353 472 479 689 691 694 695 699 700 701 702 709 712 713 716 719 720 722 724 725 726 727 728 729 730 733 734 735 737 744 929 1058 1059 1060 1061 1063 1065 1066 1067 1070 1074 1321 1322 1324 1325 1326 1329 1330 1331 1333 1334 1335 1336 1337 1338 1339 1340 1342 1350 1356 1361 1521 1527 1530 1531 1532 1771 1772 1775 1778 1779 1781 1782 1784 1785 1786 1787 1788 1789 1790 1793 1794 1795 1797 1801 1868 1869 1870 1871 1872 1873 1874 1875 1876 1877 1878 1879 1880 1881 1882 1883 1884 1885 1886 1887 1888 1889 1890 1891 1892 1893 1894 1895 1896 1897 1898 1899 1900 2001 2002 2005 2008 2009 2012 2014 2015 2016 2017 2018 2019 2020 2023 2024 2025 2027 2033 
81 48 49 50 65 70 76 228 229 249 288 295 296 298 299 300 301 303 333 517 519 528 529 534 535 702 737 880 881 906 913 967 968 986 1006 1007 1025 1032 1070 1221 1271 1342 1362 1363 1381 1564 1566 1572 1573 1575 1578 1750 1751 1765 1797 1869 1870 1889 1897 1901 1902 1903 1904 1905 1906 1907 1908 1909 1910 1911 1912 1915 1924 1925 1929 1930 1940 2027 2093 2146 2147 2161 
275 47 48 49 50 52 53 54 55 56 57 59 60 61 62 63 64 65 66 67 68 69 70 71 72 73 74 75 76 77 123 125 128 129 134 137 138 140 227 228 229 232 233 234 235 236 238 239 240 241 242 243 244 245 246 247 248 249 251 252 253 254 255 256 258 304 307 308 312 313 314 319 322 323 326 327 328 333 336 337 341 354 473 620 637 691 694 695 700 702 703 710 713 715 719 720 726 731 732 737 745 966 967 968 970 971 972 973 975 976 977 978 979 980 981 982 983 984 985 986 989 990 991 992 993 994 996 1005 1006 1007 1010 1011 1012 1013 1014 1016 1017 1018 1020 1022 1023 1024 1025 1028 1030 1031 1032 1033 1035 1037 1059 1060 1061 1066 1068 1069 1070 1075 1197 1199 1200 1203 1204 1205 1210 1211 1214 1215 1216 1221 1225 1236 1240 1243 1244 1248 1249 1250 1257 1260 1261 1264 1265 1266 1271 1274 1275 1276 1279 1280 1284 1285 1287 1319 1322 1323 1325 1326 1335 1342 1343 1362 1363 1365 1366 1368 1369 1372 1374 1375 1376 1377 1378 1379 1380 1381 1385 1386 1769 1772 1774 1778 1779 1786 1787 1791 1792 1797 1802 1913 1914 1915 1916 1917 1918 1919 1920 1921 1922 1923 1924 1925 1926 1927 1928 1929 1930 1931 1932 1933 1934 1935 1937 1938 1939 1940 1942 1999 2002 2004 2008 2009 2016 2021 2022 2027 2034 2093 2096 2097 2099 2100 2106 2108 2109 2111 
11 1932 1933 1934 1935 1936 1937 1938 1939 1940 1941 1942 
71 355 713 719 724 726 727 729 734 735 738 744 1059 1060 1066 1067 1074 1533 1772 1778 1784 1786 1787 1788 1790 1794 1795 1801 1943 1944 1945 1946 1947 1948 1949 1950 1951 1952 1953 1954 1955 1956 1957 1958 1959 1960 1961 1962 1963 1964 1965 1966 1968 1969 1972 1974 1975 1976 1977 1978 1979 1980 1982 2002 2008 2014 2016 2017 2019 2024 2025 2033 
89 343 345 348 355 712 713 716 719 721 722 724 725 726 727 729 734 735 738 742 744 930 1058 1059 1060 1062 1063 1065 1066 1067 1072 1074 1358 1519 1521 1527 1533 1771 1772 1775 1778 1780 1781 1782 1784 1785 1786 1787 1788 1790 1794 1795 1800 1801 1962 1963 1964 1965 1966 1967 1968 1969 1970 1971 1972 1973 1974 1975 1976 1977 1978 1979 1980 1981 1982 2001 2002 2005 2008 2011 2012 2014 2015 2016 2017 2019 2024 2025 2031 2033 
138 33 34 35 40 42 43 44 90 98 99 103 112 113 116 118 119 121 127 135 141 142 143 310 320 329 330 331 474 654 665 668 676 678 679 680 681 683 684 704 717 724 734 735 736 739 934 940 945 957 958 959 962 963 964 965 1071 1156 1165 1169 1170 1171 1172 1202 1209 1217 1218 1219 1246 1258 1267 1268 1269 1278 1282 1288 1289 1290 1333 1341 1344 1364 1381 1382 1383 1385 1386 1484 1492 1493 1497 1505 1506 1508 1510 1511 1513 1514 1721 1733 1742 1743 1744 1776 1784 1794 1795 1796 1798 1983 1984 1985 1986 1987 1988 1989 1990 1991 1992 1993 1994 1995 1996 1997 2006 2014 2024 2025 2026 2028 2095 2107 2112 2113 2114 2186 2191 2199 2200 
91 27 88 196 198 199 200 282 379 402 486 490 555 556 562 577 583 608 617 751 871 998 999 1001 1051 1052 1054 1178 1180 1181 1182 1294 1296 1297 1403 1407 1425 1438 1451 1470 1620 1622 1623 1624 1625 1626 1627 1630 1632 1634 1635 1636 1637 1641 1642 1657 1658 1665 1667 1668 1670 1688 1695 1698 1699 1701 1704 1803 1814 1817 1820 1836 1840 1860 1861 1865 1901 1910 1995 1998 2037 2038 2040 2042 2043 2044 2045 2075 2131 2233 2238 2239 
71 88 89 194 195 196 198 199 200 225 278 282 283 299 424 535 577 581 583 584 751 752 829 1127 1176 1177 1178 1180 1181 1182 1395 1397 1403 1404 1407 1425 1426 1438 1446 1451 1452 1464 1470 1471 1558 1613 1680 1803 1810 1812 1814 1817 1820 1833 1834 1836 1840 1860 1861 1863 1865 1901 1906 1910 1930 1956 1995 1996 2052 2056 2075 2076 
62 920 928 929 930 931 933 1353 1356 1357 1358 1359 1360 1361 1517 1518 1519 1521 1522 1524 1525 1526 1527 1530 1531 1532 1533 1999 2000 2001 2002 2003 2004 2005 2006 2007 2008 2009 2010 2011 2012 2013 2014 2015 2016 2017 2018 2019 2020 2021 2022 2023 2024 2025 2026 2027 2028 2029 2030 2031 2032 2033 2034 
35 215 268 284 403 488 505 511 564 585 601 618 753 872 1046 1055 1085 1099 1191 1313 1405 1427 1434 1453 1472 1588 1655 1681 1702 1818 1827 1838 1854 1911 2057 2227 
11 869 872 873 874 1051 1052 1055 1056 2035 2036 2216 
120 12 18 27 28 74 118 226 254 292 294 366 371 379 393 396 402 425 481 482 485 486 490 536 568 569 647 780 809 830 854 860 863 871 963 992 1051 1052 1053 1054 1128 1386 1394 1398 1403 1407 1420 1425 1438 1447 1451 1463 1466 1470 1510 1544 1548 1559 1579 1603 1614 1626 1627 1629 1630 1674 1675 1688 1689 1691 1695 1696 1697 1698 1699 1701 1704 1714 1803 1806 1809 1813 1814 1817 1820 1828 1832 1835 1836 1840 1860 1861 1864 1865 1931 1991 1995 1997 2037 2038 2039 2040 2041 2042 2043 2044 2045 2051 2053 2071 2075 2077 2127 2131 2181 2217 2233 2236 2237 2238 2239 
47 183 192 216 259 269 285 380 404 489 495 512 544 565 586 602 619 754 874 1039 1047 1056 1076 1086 1092 1100 1192 1302 1314 1406 1428 1435 1454 1473 1589 1656 1659 1682 1703 1819 1839 1844 1855 1912 2035 2058 2092 2228 
84 43 75 119 217 218 255 416 417 461 487 488 489 491 492 518 519 618 619 640 684 759 761 781 813 814 831 840 914 964 993 1033 1110 1111 1129 1402 1405 1406 1408 1409 1415 1416 1427 1428 1453 1454 1511 1538 1539 1565 1566 1595 1596 1700 1702 1703 1705 1706 1816 1818 1819 1821 1822 1837 1838 1839 1841 1842 1898 1914 1915 1957 1984 1985 2046 2047 2055 2057 2058 2059 2060 2064 2065 2118 2119 
60 145 217 218 220 221 222 223 225 226 249 251 253 254 255 416 417 419 420 421 422 424 425 740 906 910 912 914 915 986 989 991 992 993 1025 1028 1031 1033 1034 1222 1272 1292 1345 1799 2029 2048 2049 2050 2051 2052 2053 2054 2055 2056 2057 2058 2059 2060 2061 2062 2201 
146 33 34 35 40 42 43 44 45 47 48 54 56 59 70 71 73 74 75 76 77 78 90 92 96 98 99 103 112 113 116 117 118 119 120 121 122 127 135 139 142 143 227 231 233 235 238 249 251 253 254 255 256 257 310 320 324 330 331 475 705 717 724 727 735 736 741 1005 1009 1011 1016 1019 1021 1025 1027 1028 1029 1031 1033 1035 1036 1156 1158 1165 1167 1169 1171 1172 1202 1209 1212 1218 1219 1237 1246 1258 1262 1268 1269 1278 1282 1286 1289 1290 1333 1336 1341 1346 1364 1366 1381 1383 1385 1386 1776 1784 1788 1795 1796 1941 2006 2014 2017 2025 2026 2030 2063 2064 2065 2066 2067 2068 2069 2070 2071 2072 2073 2074 2075 2076 2077 2095 2097 2107 2110 2113 2114 
22 191 200 270 490 506 554 603 1048 1087 1101 1182 1193 1315 1407 1483 1624 1670 1704 1820 1840 1856 2044 
77 155 161 162 164 178 313 319 332 334 412 436 440 441 445 459 659 663 664 667 682 706 742 756 757 761 762 766 768 769 770 777 779 782 785 791 796 797 798 799 803 840 841 844 845 846 853 1072 1279 1291 1347 1724 1729 1732 1745 1746 1800 1968 1970 1971 1973 1981 2031 2078 2079 2080 2081 2082 2083 2084 2085 2086 2087 2088 2089 2090 2091 2092 
58 337 338 339 341 350 351 354 471 473 474 475 476 932 1319 1320 1322 1323 1325 1326 1330 1332 1333 1335 1336 1337 1338 1341 1342 1343 1344 1346 1348 1515 1516 1529 2093 2094 2095 2096 2097 2098 2099 2100 2101 2102 2103 2104 2105 2106 2107 2108 2109 2110 2111 2112 2113 2114 2115 
54 271 381 405 480 491 494 497 507 513 537 538 539 540 541 543 546 556 604 875 1049 1088 1102 1134 1135 1136 1137 1138 1139 1140 1194 1298 1300 1316 1408 1436 1474 1658 1662 1683 1705 1821 1823 1824 1841 1857 1861 1862 1866 1867 2046 2047 2059 2229 2230 
47 272 382 406 492 494 497 514 537 538 539 540 541 543 546 556 605 876 1050 1089 1103 1134 1135 1136 1137 1138 1139 1140 1195 1300 1317 1409 1437 1475 1684 1706 1822 1823 1824 1842 1858 1866 1867 2046 2047 2060 2229 2230 
79 313 322 329 335 476 659 665 666 669 678 684 707 734 743 791 798 799 801 809 1073 1160 1163 1166 1170 1204 1210 1217 1223 1249 1256 1260 1267 1279 1284 1288 1348 1368 1373 1376 1382 1386 1484 1485 1486 1489 1493 1497 1498 1500 1507 1509 1510 1511 1512 1513 1724 1731 1735 1742 2099 2105 2108 2112 2116 2117 2118 2119 2120 2121 2122 2123 2124 2125 2126 2127 2128 2129 2130 2131 
114 15 24 29 76 83 86 120 183 184 187 188 189 190 191 201 209 212 259 260 263 264 265 266 270 273 279 281 300 356 369 375 383 387 395 400 493 494 495 496 499 500 501 502 506 542 543 544 545 549 550 551 552 554 555 556 557 561 562 574 782 832 855 861 868 1076 1077 1080 1081 1082 1083 1087 1130 1149 1152 1183 1186 1187 1188 1189 1193 1455 1465 1468 1512 1560 1580 1584 1587 1615 1643 1644 1650 1651 1652 1654 1901 1902 1907 1909 1958 2069 2078 2086 2089 2116 2124 2128 2132 2133 2140 2143 2218 2223 2226 
14 480 539 639 997 1004 1038 1091 1138 1297 1625 1636 1998 2036 2045 
49 155 162 163 167 412 414 436 441 444 447 462 477 659 664 666 669 708 791 797 798 799 801 840 841 845 846 848 853 1279 1284 1349 1724 1729 1731 1735 2032 2133 2134 2135 2136 2137 2138 2139 2140 2141 2142 2143 2144 2145 
84 340 348 353 713 714 716 718 719 720 724 725 726 727 729 730 734 735 737 744 933 1059 1060 1061 1063 1065 1066 1067 1070 1074 1359 1527 1531 1772 1773 1775 1777 1778 1779 1782 1784 1785 1786 1787 1788 1790 1794 1795 1797 1801 2002 2003 2005 2007 2008 2009 2014 2015 2016 2017 2019 2020 2024 2025 2027 2033 2146 2147 2148 2149 2150 2151 2152 2153 2154 2155 2156 2157 2158 2159 2160 2161 2162 2163 2164 
54 192 193 197 274 275 301 388 389 407 556 558 559 561 575 578 579 746 747 783 833 856 857 877 1131 1174 1175 1179 1388 1389 1412 1413 1440 1441 1456 1457 1476 1561 1616 1658 1659 1660 1661 1666 1685 1804 1805 1806 1828 1861 1864 1903 1904 1959 2061 
78 150 152 153 155 158 160 164 171 172 173 174 177 179 181 182 341 432 433 434 436 439 445 450 451 452 453 454 457 460 463 464 478 655 656 657 659 662 667 673 674 675 676 677 680 683 686 687 1238 1323 1330 1340 1360 2004 2012 2021 2022 2023 2034 2165 2166 2167 2168 2169 2170 2171 2172 2173 2174 2175 2176 2177 2178 2179 2180 2181 2184 2189 2198 
16 30 384 408 515 606 878 1090 1104 1196 1318 1410 1477 1686 1843 1859 2062 
57 25 44 77 121 256 302 414 462 483 488 489 532 608 618 619 784 834 965 994 1035 1124 1132 1153 1424 1427 1428 1429 1431 1434 1435 1438 1450 1453 1454 1513 1555 1562 1576 1610 1617 1688 1692 1702 1703 1803 1810 1815 1818 1819 1899 1928 1960 1994 2073 2129 2144 2182 
24 1352 1353 1356 1360 1361 2183 2184 2185 2186 2187 2188 2189 2190 2191 2192 2193 2194 2195 2196 2197 2198 2199 2200 2201 
15 31 385 516 587 607 608 1004 1105 1141 1299 1306 1438 1637 1643 1648 
62 150 151 152 153 158 160 174 177 179 181 479 722 733 885 886 887 888 893 906 907 910 912 917 1063 1239 1330 1340 1361 1781 1782 1793 1872 1873 1874 1875 1880 1889 1890 1893 1894 1896 1900 2012 2023 2189 2198 2202 2203 2204 2205 2206 2207 2208 2209 2210 2211 2212 2213 2214 2215 2216 2217 
113 24 32 86 183 184 188 189 190 191 201 202 211 212 273 274 280 281 303 356 359 375 386 387 388 397 400 494 495 496 500 501 502 503 506 543 544 545 550 551 552 553 554 556 557 558 561 562 563 576 785 835 855 856 864 868 879 1076 1077 1081 1082 1083 1087 1133 1152 1387 1388 1399 1400 1407 1411 1412 1421 1423 1455 1456 1467 1468 1514 1563 1580 1581 1585 1587 1618 1644 1645 1651 1652 1653 1654 1658 1659 1661 1666 1667 1668 1669 1670 1687 1902 1903 1908 1909 1961 1993 2078 2079 2088 2089 2218 2219 2224 2226 
147 124 131 147 150 152 159 180 230 232 233 237 239 428 432 433 438 519 520 524 525 528 534 651 655 656 661 685 709 744 789 790 791 792 795 798 799 811 812 814 815 816 820 821 822 823 828 832 835 838 839 840 841 842 845 846 853 882 885 887 892 916 969 970 971 974 976 1008 1010 1011 1015 1074 1107 1108 1111 1112 1116 1117 1119 1120 1122 1126 1130 1133 1224 1242 1252 1273 1350 1566 1567 1569 1570 1572 1578 1591 1592 1596 1597 1601 1602 1605 1606 1609 1612 1615 1618 1717 1727 1747 1752 1753 1754 1758 1801 1871 1872 1874 1879 1944 1945 1946 1949 1950 1951 1955 1958 1961 1964 1965 1966 1969 2033 2148 2149 2150 2154 2218 2219 2220 2221 2222 2223 2224 2225 2226 2227 2228 
64 45 78 98 122 181 220 221 257 391 392 405 406 408 415 419 420 463 642 643 686 764 768 786 794 798 817 820 843 845 917 995 1036 1113 1116 1417 1461 1462 1474 1475 1477 1568 1569 1598 1601 1672 1673 1683 1684 1686 1710 1711 1748 1900 1941 2066 2070 2170 2172 2206 2207 2229 2230 2231 2232 
54 7 12 18 27 28 46 66 74 109 118 182 244 254 258 336 360 366 371 379 464 530 536 687 745 918 952 963 981 992 996 1037 1075 1225 1274 1378 1386 1503 1510 1749 1802 1913 1926 1931 1942 2034 2176 2181 2233 2234 2235 2236 2237 2238 2239 
