50:25
6 8 12 13 19 22 23 
4 6 8 12 17 
5 1 6 7 13 14 
3 11 16 18 
6 2 6 10 15 17 20 
6 0 2 7 9 22 23 
12 1 3 4 6 9 10 11 14 16 18 21 23 
7 0 2 7 10 12 13 16 
6 0 4 13 14 17 24 
4 0 11 12 15 
7 0 5 8 10 12 16 22 
5 1 9 10 15 20 
7 0 3 4 5 11 19 23 
5 5 10 20 22 23 
4 11 15 17 19 
6 0 3 8 14 18 23 
3 11 14 23 
4 5 8 10 20 
7 2 5 9 10 17 18 20 
8 1 2 6 7 15 17 18 23 
10 1 3 4 9 12 13 14 17 19 22 
3 0 7 14 
8 0 1 5 10 12 15 19 24 
7 0 3 5 12 16 22 23 
7 0 2 7 8 10 12 23 
4 4 9 14 20 
4 0 6 15 23 
5 1 3 9 11 16 
4 0 8 11 12 
7 2 3 6 7 8 9 11 
11 1 5 8 10 11 13 14 16 18 22 23 
5 3 4 6 13 20 
11 1 2 4 6 9 10 17 20 21 22 24 
6 1 3 20 21 22 24 
6 2 5 10 11 17 22 
6 9 11 13 17 19 21 
5 0 5 8 21 23 
3 9 10 16 
8 1 7 8 13 19 21 23 24 
6 5 7 11 12 15 22 
7 6 7 12 13 14 19 21 
7 4 5 10 13 14 16 23 
9 0 5 6 13 15 16 17 21 23 
3 4 5 17 
4 13 20 21 22 
6 1 6 11 17 21 22 
8 2 5 13 14 17 18 21 22 
4 11 12 14 24 
4 2 5 6 22 
6 1 3 8 14 17 24 
