50:50
24 0 3 4 8 10 12 20 22 23 24 25 29 33 34 35 36 39 41 42 43 45 46 47 49 
23 0 3 5 8 12 14 17 19 21 25 30 33 34 36 37 38 39 42 43 45 46 47 48 
25 2 3 5 8 10 11 12 14 18 21 23 25 26 31 32 33 36 37 39 42 43 46 47 48 49 
29 1 4 5 8 9 10 11 13 14 15 16 17 18 20 21 24 25 26 27 33 34 35 37 39 40 41 42 43 46 
20 1 7 8 11 12 15 16 18 19 22 23 27 29 30 34 39 40 42 48 49 
22 1 3 4 7 8 9 11 13 14 21 22 23 26 35 37 41 42 44 45 47 48 49 
28 1 3 4 7 8 10 11 12 16 18 20 22 24 26 29 30 32 33 38 39 40 41 42 44 45 46 47 49 
24 0 2 3 12 13 14 18 23 24 26 28 30 33 35 38 39 40 41 42 43 44 45 46 48 
27 1 2 4 8 10 11 13 17 18 23 24 25 27 28 32 33 34 35 37 38 39 40 41 44 45 46 49 
27 1 2 5 7 8 10 11 12 13 18 21 22 23 25 28 29 30 31 33 35 37 39 43 45 46 48 49 
28 0 2 3 4 5 8 9 10 11 12 15 18 21 22 23 25 27 31 33 34 35 36 38 39 40 41 43 46 
26 0 1 2 6 7 8 10 15 16 18 19 20 21 23 26 27 30 33 36 38 39 41 44 47 48 49 
23 3 4 5 6 7 14 15 17 18 20 23 25 28 29 31 32 33 35 38 41 42 43 44 
23 0 1 3 4 5 6 10 12 13 14 16 17 21 22 23 24 27 33 34 40 41 44 49 
24 0 5 6 8 10 13 14 15 16 17 19 20 21 22 25 27 28 32 33 34 35 38 41 45 
24 6 7 8 9 13 14 15 16 17 18 19 20 24 26 27 28 29 32 37 38 44 45 47 48 
20 1 4 5 6 14 15 17 21 28 31 33 35 37 39 40 41 44 45 46 48 
22 0 1 2 3 7 10 11 13 16 17 22 26 28 29 34 39 40 41 43 44 45 47 
23 0 4 5 6 7 14 16 18 19 20 22 25 27 32 33 34 35 40 41 42 45 47 48 
27 0 1 3 5 8 9 11 12 16 17 18 24 26 27 29 30 31 34 37 39 40 41 43 45 46 48 49 
25 1 5 6 8 9 10 11 12 14 19 20 22 24 29 31 32 35 36 37 41 42 44 45 46 49 
24 4 5 7 10 12 13 14 16 18 19 20 23 26 28 29 31 32 36 39 40 44 45 46 48 
23 1 2 3 4 5 6 9 13 15 17 18 19 20 22 23 24 28 30 31 35 40 46 49 
27 0 2 4 5 6 8 10 11 13 14 16 17 18 19 24 26 28 30 33 34 37 40 42 45 46 47 48 
25 0 1 2 3 9 12 13 14 15 16 19 20 22 23 25 28 31 33 34 37 38 39 42 44 45 
27 0 1 2 3 6 7 9 11 14 15 16 17 18 21 25 26 28 30 31 32 33 34 36 40 42 46 47 
21 4 5 7 8 10 11 12 16 18 19 21 24 29 30 33 34 35 36 41 45 46 
27 2 4 5 9 10 11 13 14 19 20 21 25 26 27 28 29 31 36 37 39 41 42 43 44 46 47 48 
25 0 3 6 8 9 12 13 15 16 17 19 20 21 22 26 31 32 33 34 36 39 41 42 46 47 
26 0 1 3 4 6 7 8 10 12 14 17 18 19 30 33 34 37 38 39 40 42 44 46 47 48 49 
21 2 3 6 7 14 17 18 21 23 27 28 29 30 32 33 36 38 43 47 48 49 
29 0 2 5 7 8 12 15 16 17 18 19 22 23 24 26 27 28 29 30 31 33 34 35 39 40 41 46 47 49 
25 0 2 5 8 10 11 12 15 16 19 21 24 25 26 27 30 32 35 37 38 39 41 44 46 48 
26 1 2 3 5 9 11 12 13 18 21 22 24 26 27 28 30 33 34 35 37 38 40 41 44 45 47 
31 3 4 7 10 11 14 15 16 17 18 19 21 23 24 25 28 30 31 33 34 36 37 38 39 40 41 42 44 45 47 49 
23 3 6 8 10 13 14 15 17 18 19 20 21 23 24 27 30 32 35 36 37 41 44 47 
33 0 1 2 5 7 8 10 11 12 13 14 15 16 17 18 19 20 21 22 24 26 29 31 32 34 38 39 40 41 42 43 44 46 
25 1 2 3 5 7 8 10 14 16 17 19 20 21 24 25 26 29 32 33 35 38 40 42 44 48 
22 0 5 10 12 15 16 17 20 21 22 28 31 33 35 36 39 41 42 43 45 46 49 
30 0 2 4 5 6 7 8 9 12 13 14 15 16 17 18 19 25 26 27 28 30 33 34 35 38 41 42 43 44 45 
22 0 6 11 12 13 16 17 18 19 21 22 23 30 32 33 35 37 41 43 45 48 49 
21 0 1 5 6 11 16 19 20 21 24 25 27 29 31 33 35 38 42 45 46 49 
28 2 3 4 7 8 10 13 14 15 17 18 21 23 25 26 27 28 30 31 32 37 41 43 44 45 47 48 49 
23 1 2 4 5 9 10 12 14 16 17 18 19 22 24 27 30 34 35 36 37 41 42 47 
18 0 4 11 14 15 17 21 23 26 30 31 32 34 41 42 43 45 49 
24 0 2 3 5 11 12 14 15 18 19 22 24 25 26 29 31 34 35 36 37 38 46 47 49 
24 2 5 6 7 8 9 10 11 12 14 16 17 22 25 27 30 31 32 34 39 41 42 45 47 
24 1 4 5 6 8 10 12 14 17 18 20 26 30 31 32 34 35 36 37 40 41 42 44 46 
25 0 1 4 6 7 8 10 12 13 14 15 16 19 20 21 27 28 30 31 34 35 36 40 42 47 
24 1 3 6 8 10 11 12 14 15 16 21 22 24 25 28 29 31 32 33 35 36 40 43 45 
