50:50
19 7 9 11 12 14 15 16 19 22 24 28 29 30 42 44 45 46 47 48 
20 1 3 7 8 9 13 17 18 21 22 25 26 31 33 37 38 39 40 43 46 
23 5 6 7 8 9 15 16 18 19 20 23 24 27 29 31 32 33 34 37 43 44 46 48 
21 8 9 13 14 18 21 22 23 24 28 29 31 32 34 38 40 41 43 44 47 49 
28 0 6 10 13 14 15 17 19 21 23 24 25 26 27 28 29 30 34 37 38 40 41 43 44 45 46 47 48 
28 3 4 5 6 8 11 12 13 14 15 17 19 20 22 26 27 28 29 32 34 35 40 41 42 46 47 48 49 
24 0 1 4 7 10 15 21 22 23 24 27 28 29 30 32 33 36 37 39 40 41 42 43 46 
19 1 5 8 9 13 14 18 22 31 32 34 38 39 40 41 43 44 45 47 
31 0 2 3 5 6 7 8 10 12 13 17 18 19 21 22 24 27 28 30 31 32 34 37 38 39 40 41 44 46 47 48 
21 0 2 4 10 11 15 16 18 19 24 26 29 30 31 33 36 40 41 47 48 49 
24 2 3 4 7 8 13 14 16 17 18 20 22 23 28 30 33 36 38 40 42 43 44 46 47 
18 5 9 13 14 16 17 18 22 23 24 30 32 35 36 38 43 48 49 
27 1 2 3 4 5 7 9 11 13 15 17 18 22 24 25 27 29 30 32 33 37 39 40 42 43 45 47 
29 1 2 3 4 5 6 8 9 13 14 15 18 20 22 25 26 28 30 31 32 35 36 38 39 42 44 45 48 49 
30 1 3 4 6 7 8 14 15 16 17 18 19 21 22 25 26 28 30 32 33 35 38 39 40 41 43 44 45 47 49 
29 0 1 2 3 4 5 10 13 15 18 19 20 22 23 24 25 26 28 30 32 33 34 36 38 39 40 42 43 45 
21 4 6 7 10 12 14 16 17 18 19 27 30 31 34 37 38 43 44 47 48 49 
25 9 11 12 13 14 15 16 17 18 21 22 24 25 26 27 28 30 35 37 38 40 44 45 48 49 
30 0 1 3 5 6 8 10 11 14 15 16 20 22 23 24 26 27 28 29 32 33 35 36 37 38 39 40 41 44 46 
30 0 4 5 6 7 8 11 12 13 14 15 16 18 19 24 25 28 29 31 32 33 34 35 36 40 41 44 45 46 49 
24 2 4 5 8 12 13 15 16 17 21 22 24 27 28 29 31 34 36 39 41 43 44 48 49 
29 3 5 7 8 9 12 13 15 16 18 20 21 22 23 24 28 29 30 31 32 33 34 36 38 43 45 47 48 49 
23 1 3 4 7 10 11 12 13 15 16 17 18 19 21 23 26 27 33 38 41 42 47 49 
21 0 2 7 8 18 22 24 25 27 28 30 31 32 34 35 37 42 43 44 46 49 
22 1 5 10 11 12 15 17 18 20 21 22 23 26 32 34 36 37 38 40 44 46 47 
24 3 4 5 6 8 11 15 16 17 18 24 26 27 29 32 35 36 37 38 39 42 44 45 48 
30 0 1 3 5 8 10 11 12 13 15 18 20 21 22 23 25 26 27 30 31 33 34 35 36 37 38 40 41 47 49 
24 3 4 5 9 10 11 14 15 16 19 20 23 24 25 27 28 31 33 37 38 43 44 45 47 
26 1 2 3 4 6 7 8 12 16 17 21 22 26 28 29 30 32 33 34 35 36 39 44 46 47 49 
21 0 2 3 5 14 16 17 21 22 23 25 27 30 34 35 36 37 39 44 45 49 
31 0 1 2 5 6 7 9 10 11 14 15 16 17 18 20 21 22 23 26 27 28 32 33 34 38 39 42 44 45 47 49 
30 0 2 4 6 8 10 12 16 17 21 22 23 24 27 29 30 31 32 33 34 35 36 37 39 40 41 42 47 48 49 
26 0 1 3 4 5 8 11 13 18 19 20 23 24 26 27 28 29 31 34 37 38 41 42 45 46 47 
27 1 3 4 6 7 8 9 13 14 15 17 18 19 23 24 25 26 29 31 32 33 36 39 40 41 42 49 
22 1 6 7 11 13 14 15 17 18 19 25 26 32 33 35 36 39 41 42 47 48 49 
18 3 7 8 9 10 12 14 17 21 22 30 33 35 40 41 43 46 48 
26 0 2 3 5 7 11 12 13 14 15 17 24 25 26 27 28 30 31 32 33 36 38 39 40 44 47 
29 0 2 5 6 9 13 14 15 16 18 19 22 23 24 25 26 27 29 32 33 34 41 42 44 45 46 47 48 49 
28 0 3 4 8 9 11 12 13 17 18 19 20 21 22 23 31 33 34 35 36 37 38 40 41 44 45 46 49 
20 1 2 3 4 5 7 10 11 13 17 20 21 23 30 34 35 38 39 40 48 
26 0 1 2 3 4 6 11 12 13 16 17 18 19 22 25 26 27 30 33 35 36 38 42 43 48 49 
24 0 1 5 9 10 12 13 14 15 17 20 23 26 28 29 32 33 34 37 40 41 42 44 45 
21 2 3 5 9 10 11 12 13 16 17 23 25 27 29 37 38 39 41 45 46 48 
27 1 4 5 7 11 12 15 16 20 21 22 24 25 27 28 29 30 32 33 38 39 40 42 44 45 48 49 
27 1 2 4 7 11 17 18 19 23 24 25 26 28 30 32 34 35 36 37 39 40 41 42 43 44 47 48 
23 0 2 3 4 6 7 10 12 13 19 22 23 24 26 29 32 33 35 37 44 45 46 49 
28 0 2 5 6 8 10 13 14 15 17 19 22 23 24 25 26 28 29 30 33 34 35 38 40 41 46 47 49 
24 5 6 7 8 10 11 12 13 17 18 20 26 29 30 31 34 36 39 40 41 44 45 46 49 
29 0 3 4 5 6 8 12 14 16 18 22 23 24 25 28 29 30 34 35 36 37 38 40 41 42 43 46 48 49 
22 1 5 7 12 17 19 20 22 24 27 28 30 31 32 33 38 42 43 44 45 47 49 
