50:25
10 0 3 7 8 15 17 18 19 21 24 
13 0 1 2 3 4 5 8 10 12 14 19 21 24 
12 0 5 6 8 11 12 14 15 18 21 22 24 
9 2 7 8 11 13 14 15 16 17 
13 0 2 4 5 6 7 9 11 12 14 19 22 23 
14 0 1 2 5 6 7 8 12 16 19 20 21 22 24 
13 0 2 4 6 7 12 13 14 15 16 18 21 22 
11 2 5 6 8 13 16 17 19 20 23 24 
13 0 2 4 5 6 7 10 12 14 17 22 23 24 
10 1 2 3 8 9 10 11 21 23 24 
12 5 6 7 8 10 11 12 14 16 18 23 24 
12 0 1 5 6 7 9 10 11 14 15 21 24 
10 1 2 3 7 12 13 15 20 21 22 
11 0 3 4 5 7 8 9 10 11 16 17 
12 0 3 4 5 8 10 11 19 20 21 23 24 
13 1 2 3 6 7 8 12 15 18 19 20 22 23 
15 1 2 4 5 6 9 10 11 16 17 18 20 21 23 24 
10 2 3 5 6 10 11 15 18 19 20 
12 0 2 4 9 10 11 12 20 21 22 23 24 
14 1 3 4 7 10 11 14 15 16 17 18 20 21 24 
16 0 1 2 4 5 8 9 11 12 13 14 17 19 22 23 24 
16 0 1 3 4 6 7 9 11 13 14 15 16 18 19 21 23 
9 0 4 5 6 9 11 13 17 20 
15 0 1 2 3 4 5 7 10 11 13 15 17 19 20 23 
13 2 5 8 9 10 14 16 18 19 20 21 22 24 
15 0 5 7 9 10 11 12 13 15 16 17 18 19 23 24 
11 3 4 6 7 9 13 15 16 18 19 24 
14 0 1 2 4 5 7 10 13 14 15 16 17 22 24 
15 1 3 7 8 9 11 14 15 16 18 20 21 22 23 24 
15 0 1 3 4 7 9 10 15 16 17 18 19 20 21 23 
11 1 9 13 14 15 17 18 19 21 23 24 
9 5 6 7 8 11 16 19 20 23 
13 0 1 2 5 6 7 8 9 12 13 17 19 24 
14 0 2 3 4 6 7 11 12 13 15 17 18 21 24 
6 0 4 7 10 17 21 
13 3 6 7 9 11 13 14 15 16 17 18 19 24 
12 4 5 6 10 12 15 17 20 21 22 23 24 
10 0 1 3 4 5 6 16 20 23 24 
14 0 1 7 8 9 10 12 13 14 15 17 21 23 24 
13 1 3 4 5 12 13 16 18 19 21 22 23 24 
16 0 2 3 4 5 7 8 9 11 12 14 18 21 22 23 24 
14 1 2 3 4 5 6 7 9 10 11 12 14 19 22 
13 0 1 3 5 6 7 8 9 15 18 20 22 23 
15 0 1 2 5 7 8 9 11 12 17 18 19 20 21 22 
9 1 4 5 6 7 17 21 22 23 
18 1 2 4 6 7 8 9 10 12 13 14 15 16 17 19 22 23 24 
10 3 5 7 10 11 13 15 19 22 23 
7 2 11 15 18 19 21 23 
14 1 3 4 5 7 9 10 11 14 16 17 18 19 24 
10 0 1 2 4 5 8 14 22 23 24 
