50:25
16 0 3 5 7 9 11 12 13 14 15 17 20 21 22 23 24 
9 1 5 12 16 18 20 21 22 24 
16 0 2 3 7 8 9 10 12 16 18 19 20 21 22 23 24 
12 3 4 6 7 8 10 12 14 18 20 22 24 
13 0 1 2 6 7 8 11 14 15 16 17 20 23 
10 7 8 9 13 14 15 17 18 22 23 
17 2 6 8 9 10 11 12 13 14 15 16 17 18 19 20 22 24 
12 5 7 10 11 12 15 17 18 19 20 22 23 
10 0 3 4 6 9 12 14 21 22 24 
15 0 1 3 7 8 9 11 12 15 16 18 19 20 21 22 
11 3 5 6 8 10 14 16 17 20 21 22 
8 0 3 6 7 9 18 19 23 
14 0 3 4 7 8 9 11 12 13 16 18 21 23 24 
15 0 1 4 5 6 7 8 12 14 15 17 19 20 21 23 
9 3 10 11 12 13 17 18 23 24 
13 3 5 7 8 9 10 11 12 16 17 18 23 24 
10 0 1 4 7 8 13 16 19 23 24 
17 0 1 2 3 4 5 6 9 10 12 13 14 15 16 19 20 23 
11 1 4 7 9 13 17 18 20 21 23 24 
14 0 1 5 10 12 13 14 16 17 18 19 21 23 24 
15 2 5 7 8 10 11 14 15 16 19 20 21 22 23 24 
13 1 2 9 11 12 13 16 17 19 20 22 23 24 
9 4 8 10 12 13 15 17 18 21 
10 0 1 3 7 13 15 18 20 22 24 
16 0 1 2 4 5 6 7 9 10 12 14 16 20 22 23 24 
10 1 3 5 7 8 10 11 14 23 24 
15 0 2 5 7 8 9 10 11 13 15 17 20 21 22 24 
10 2 5 6 13 14 16 18 20 21 23 
13 0 2 4 5 8 9 14 16 17 18 19 20 23 
14 1 3 5 6 7 12 14 16 18 19 20 21 23 24 
14 0 5 7 8 10 12 13 14 15 16 18 20 21 22 
12 0 1 4 7 10 12 13 14 15 16 18 21 
14 6 7 8 9 10 12 14 17 18 19 20 21 22 23 
16 0 1 2 3 4 7 9 10 11 13 14 16 17 19 22 23 
15 0 2 5 7 8 10 11 13 15 16 17 19 21 23 24 
10 4 6 8 17 18 19 20 21 22 23 
16 2 3 4 5 6 8 9 10 11 12 15 16 17 18 19 22 
14 0 2 4 6 7 8 10 13 15 16 17 19 21 24 
9 6 7 15 16 17 18 19 20 23 
15 1 3 6 7 9 10 11 12 13 16 17 20 21 22 23 
13 0 3 4 5 6 7 8 9 10 18 19 22 23 
15 0 1 2 3 8 9 12 13 18 19 20 21 22 23 24 
12 0 2 4 5 6 8 10 14 20 21 22 23 
16 1 4 6 7 8 9 10 11 12 14 15 16 17 19 21 23 
14 3 4 5 7 8 10 11 12 14 15 20 22 23 24 
10 0 1 2 5 11 15 16 18 20 21 
9 1 4 10 12 15 16 17 20 22 
8 2 5 6 9 10 19 23 24 
9 1 2 5 9 13 19 20 21 22 
13 3 5 8 12 13 14 15 16 17 18 19 20 24 
