50:75
19 2 7 10 20 22 24 27 31 35 36 38 40 41 47 55 63 66 67 73 
17 0 2 6 9 15 16 25 30 34 38 39 41 47 48 53 56 68 
13 2 5 6 11 18 24 25 44 51 53 56 61 65 
14 5 6 9 15 28 35 44 49 58 64 65 67 68 69 
19 1 3 11 14 16 21 22 24 27 32 40 44 46 52 53 55 58 59 67 
15 0 1 7 16 17 24 37 43 45 46 52 53 62 66 67 
16 0 10 13 14 27 29 37 38 46 53 54 65 68 69 70 74 
16 1 2 3 5 9 20 24 26 47 48 56 61 62 63 69 71 
29 1 6 8 10 12 14 16 17 24 25 26 30 33 35 41 46 49 50 53 55 56 60 63 66 68 69 70 72 74 
17 0 4 6 10 16 19 22 30 39 51 55 56 58 61 63 66 74 
25 6 7 8 11 12 16 23 25 29 32 34 36 37 38 39 40 43 48 49 50 52 54 64 71 74 
14 8 13 17 20 28 34 38 43 46 48 50 51 59 67 
17 7 8 11 16 17 25 29 32 37 38 49 59 61 63 65 68 69 
24 2 5 7 8 9 13 14 16 17 19 22 25 26 28 33 38 42 45 52 53 56 57 67 74 
15 0 4 16 19 22 25 26 40 43 44 59 64 65 70 73 
20 2 3 11 16 17 20 27 39 41 42 49 51 52 53 54 57 66 67 70 74 
20 1 4 7 8 15 23 24 26 34 41 42 48 51 52 54 55 56 62 63 65 
13 1 3 13 27 35 36 37 42 48 53 72 73 74 
18 3 4 7 12 15 21 23 25 26 28 30 43 49 50 51 52 54 73 
15 1 2 3 5 13 18 34 39 41 44 45 54 56 61 68 
21 5 6 7 8 19 20 21 24 25 29 30 34 35 37 38 44 50 59 67 69 70 
21 7 8 9 10 22 24 26 30 34 35 38 40 44 50 52 58 60 64 65 70 72 
23 0 2 4 5 9 13 15 17 18 21 24 27 29 37 39 43 51 59 64 67 68 69 73 
17 2 7 8 10 17 18 22 25 30 33 34 43 47 54 59 64 66 
16 3 7 10 11 13 18 24 26 48 50 52 55 56 59 60 72 
19 0 6 10 17 22 24 27 29 36 38 44 48 55 61 62 67 69 71 73 
27 1 4 9 12 13 14 17 19 20 22 23 25 26 27 29 31 36 37 41 47 48 49 63 67 68 69 70 
15 7 13 14 15 33 35 39 44 45 52 54 55 57 66 74 
13 5 6 16 19 33 34 42 50 52 58 60 67 69 
21 0 3 5 10 11 14 26 27 30 35 37 42 43 44 46 48 52 57 60 61 62 
24 0 1 2 3 4 12 19 25 28 29 32 35 37 43 44 46 50 56 61 65 66 68 70 71 
16 1 8 14 17 22 26 28 33 37 43 48 56 58 64 72 73 
15 1 5 6 32 33 38 39 44 47 48 49 54 61 69 74 
22 1 6 7 10 11 15 17 18 24 26 31 37 38 41 44 48 57 58 61 63 67 69 
16 2 5 12 17 23 28 41 42 45 48 51 52 54 56 57 65 
25 0 4 6 7 10 13 17 23 27 28 30 39 40 41 44 45 47 48 49 62 65 68 69 71 72 
22 6 7 10 11 14 22 23 31 33 42 43 45 48 53 55 59 65 66 67 68 70 73 
16 2 7 13 16 22 24 30 31 32 36 45 58 66 70 72 73 
22 2 4 12 13 20 29 30 34 37 38 47 49 50 53 54 57 64 66 67 70 72 74 
16 0 4 12 16 22 29 34 35 49 52 56 67 68 69 71 74 
15 1 5 10 28 34 37 39 41 42 46 49 51 56 60 62 
28 0 2 7 8 9 11 13 16 19 21 23 32 35 37 38 39 42 44 47 49 50 51 55 57 59 63 70 73 
20 1 8 11 13 16 17 19 20 21 23 26 36 37 39 49 53 58 64 67 69 
19 1 2 3 5 15 17 28 31 34 41 45 49 53 54 59 61 62 66 71 
22 2 3 5 13 14 17 21 22 26 28 30 33 37 39 50 55 60 63 65 68 71 72 
20 2 6 12 14 15 23 25 28 30 32 38 39 52 56 61 62 67 69 71 72 
18 15 18 19 21 22 25 27 32 34 36 45 47 58 60 61 63 69 73 
17 4 5 8 12 17 23 30 32 37 49 50 54 64 65 66 68 74 
25 0 8 10 17 19 23 25 32 33 35 37 38 39 41 43 47 48 61 63 66 67 69 70 71 72 
17 3 10 20 21 24 32 33 35 37 39 44 50 55 61 64 65 72 
