50:50
40 0 1 2 3 4 5 7 8 9 10 12 13 14 15 16 17 18 19 21 23 24 25 26 27 28 32 33 34 35 36 37 38 39 40 41 44 45 46 47 48 
37 0 1 2 5 6 7 9 12 13 17 18 19 20 21 22 23 24 25 26 27 28 29 30 31 32 34 35 36 37 38 39 40 41 42 43 47 48 
30 0 1 2 4 5 7 8 9 10 12 14 16 18 21 22 24 25 29 32 33 36 38 39 40 41 42 44 47 48 49 
43 0 1 2 3 4 5 7 8 9 10 11 12 13 14 15 17 18 21 22 23 24 25 26 27 28 30 31 32 33 34 35 36 37 38 39 41 42 43 44 45 46 47 48 
35 0 1 2 3 4 5 9 12 13 14 16 18 19 20 22 23 24 25 26 28 29 31 32 33 34 38 39 41 42 43 45 46 47 48 49 
34 0 1 2 4 5 6 8 9 10 11 13 16 17 20 22 24 25 26 29 30 31 32 33 34 36 38 39 40 41 43 44 45 47 48 
39 1 3 4 5 9 11 12 13 14 15 16 17 18 19 21 23 24 25 26 27 28 29 30 31 32 33 34 35 36 39 40 42 43 44 45 46 47 48 49 
35 1 3 4 5 6 7 8 10 12 14 15 16 17 18 19 20 21 24 26 27 28 29 30 34 35 36 39 41 42 43 44 45 46 47 49 
37 0 1 2 3 4 5 6 9 10 14 15 18 19 20 21 23 24 25 26 27 28 29 31 32 33 34 35 36 37 38 39 41 42 45 46 48 49 
41 0 1 2 3 4 6 7 8 9 10 11 12 13 15 16 17 18 19 20 21 22 24 25 26 27 28 29 32 33 34 36 38 39 40 42 43 44 45 46 47 49 
40 1 2 3 5 6 7 10 11 13 14 15 16 17 18 19 20 21 22 23 24 25 26 27 28 29 31 32 33 35 36 37 38 39 40 41 43 46 47 48 49 
40 0 1 2 5 7 8 9 10 11 12 13 14 16 17 18 20 21 22 23 26 27 28 29 32 34 35 36 37 38 39 40 41 42 43 44 45 46 47 48 49 
35 0 1 3 4 6 7 8 10 13 15 16 18 20 21 22 24 25 26 27 28 29 30 32 33 34 35 36 41 42 43 45 46 47 48 49 
39 0 2 3 5 6 8 9 10 13 14 15 16 17 18 19 21 22 23 24 25 26 28 29 31 32 33 34 35 37 38 40 41 42 43 45 46 47 48 49 
39 0 1 2 3 4 5 7 8 9 10 13 14 15 16 18 19 21 23 24 27 28 29 30 31 33 34 36 37 38 39 40 42 43 44 45 46 47 48 49 
37 1 3 4 5 6 10 11 12 13 14 15 16 17 18 19 20 21 22 24 25 26 27 28 29 30 32 34 36 37 39 41 42 43 44 47 48 49 
41 0 2 4 5 6 7 8 9 10 12 13 14 18 19 20 21 23 24 25 26 27 28 29 30 31 32 33 34 35 37 38 39 41 42 43 44 45 46 47 48 49 
41 0 1 2 3 5 6 7 9 10 11 12 13 16 17 18 19 20 21 23 24 25 26 27 28 29 31 32 33 34 35 37 38 39 40 41 42 43 44 46 47 48 
39 0 1 2 5 6 7 8 9 10 11 12 13 14 15 16 17 18 19 21 22 23 24 25 28 29 30 31 34 35 36 39 40 41 43 44 45 46 47 48 
38 1 2 3 4 6 7 9 10 11 12 13 14 16 17 18 20 21 22 23 24 26 27 29 30 31 32 33 35 36 37 38 39 40 41 42 43 48 49 
37 2 3 4 5 7 10 11 12 13 14 15 16 19 21 22 23 24 25 26 27 28 29 31 33 34 35 36 37 38 39 41 42 43 44 45 47 48 
37 0 1 2 5 6 7 8 9 10 11 13 15 16 17 18 20 21 22 23 25 26 28 30 32 33 35 36 37 38 39 42 44 45 46 47 48 49 
38 0 2 3 4 5 6 7 9 10 11 14 15 17 19 20 22 23 25 26 28 29 30 31 33 34 35 36 37 38 39 40 41 44 45 46 47 48 49 
38 0 1 2 3 4 5 8 9 14 15 16 17 18 19 20 21 22 23 24 25 26 29 30 31 32 34 37 38 39 40 41 43 44 45 46 47 48 49 
42 1 4 5 6 7 8 9 10 11 12 13 14 17 19 20 21 23 24 25 26 27 28 29 30 31 32 33 34 35 36 37 38 39 40 41 43 44 45 46 47 48 49 
39 0 1 2 3 5 6 7 8 9 10 11 13 15 16 17 18 19 20 21 22 23 24 25 26 29 31 32 33 34 35 39 40 41 42 44 45 47 48 49 
39 0 2 4 6 7 8 9 11 12 13 15 16 17 18 19 21 22 23 24 25 27 28 29 30 32 33 34 35 36 37 38 40 41 42 45 46 47 48 49 
36 0 2 3 4 5 6 7 8 9 10 11 12 13 18 19 21 22 23 24 25 28 29 31 33 34 35 36 37 38 39 40 43 44 46 47 49 
34 1 2 3 5 6 8 12 14 15 16 17 19 20 21 22 23 24 25 26 28 30 31 32 33 34 35 38 40 41 45 46 47 48 49 
43 0 1 3 4 5 6 7 8 10 11 12 13 14 15 16 17 19 20 21 22 23 24 25 26 28 29 30 32 33 34 35 36 38 39 40 41 43 44 45 46 47 48 49 
44 0 1 2 3 4 5 6 7 9 10 11 12 13 14 16 17 18 19 20 21 22 23 24 25 27 29 30 31 32 33 34 35 36 37 38 39 40 41 42 44 46 47 48 49 
39 0 1 2 3 4 5 6 7 8 9 10 11 13 15 16 17 18 21 22 23 24 25 26 27 30 31 33 34 35 36 37 38 39 40 42 43 44 45 49 
37 3 4 6 7 8 9 11 12 14 15 16 18 19 20 21 22 24 25 26 28 29 30 31 32 33 34 35 36 37 38 40 41 42 43 46 47 49 
38 0 1 2 3 4 5 7 8 9 10 11 12 13 14 15 21 23 24 25 26 28 29 30 31 32 33 34 35 36 37 38 41 42 43 44 45 46 49 
43 0 1 3 4 5 6 7 8 9 10 12 13 14 15 16 17 18 19 21 22 23 24 25 26 27 28 29 30 33 34 36 37 38 39 41 42 43 44 45 46 47 48 49 
37 0 1 6 7 8 9 10 11 12 13 16 17 18 19 21 22 23 25 26 27 28 29 30 32 33 34 35 36 38 40 42 43 44 45 47 48 49 
36 3 5 6 7 8 10 13 14 15 16 17 18 19 20 21 22 23 24 25 26 27 28 30 31 33 34 37 38 39 41 44 45 46 47 48 49 
37 0 1 2 3 4 5 7 8 9 12 14 16 17 20 23 24 25 26 27 28 30 31 32 33 34 35 38 39 40 41 42 43 44 45 46 48 49 
38 1 2 4 8 9 10 11 14 15 16 18 20 21 22 23 24 25 26 27 28 30 31 32 33 34 36 37 38 39 40 41 43 44 45 46 47 48 49 
38 0 1 3 4 5 6 7 11 12 13 14 15 16 17 18 22 24 25 27 29 30 31 32 33 36 37 38 39 40 41 42 43 44 45 46 47 48 49 
38 0 1 2 4 5 6 7 8 9 10 11 12 13 14 15 16 17 19 22 23 24 25 26 29 30 31 32 33 34 36 39 40 43 44 45 46 47 49 
34 0 2 7 9 10 11 12 14 15 16 18 19 20 22 23 24 25 26 28 29 30 31 32 34 35 38 39 40 41 42 44 46 47 49 
40 0 1 3 6 7 8 9 10 11 12 13 15 18 19 20 21 22 23 24 25 27 29 30 31 32 33 34 35 36 37 38 39 40 42 43 44 45 47 48 49 
40 1 2 3 4 5 6 7 8 9 10 13 14 15 16 18 21 22 23 24 25 26 27 28 29 30 31 32 34 35 36 37 39 40 42 43 44 46 47 48 49 
39 0 1 2 5 6 7 8 9 10 12 13 15 16 17 18 19 20 21 22 23 24 25 26 28 29 31 32 33 34 35 36 39 40 42 43 45 46 47 48 
38 0 1 2 3 4 5 6 7 8 9 11 12 13 14 15 18 19 20 21 22 23 24 25 26 27 29 30 31 33 34 35 36 41 43 44 45 48 49 
37 0 1 2 3 4 7 8 10 11 12 13 14 15 16 17 18 19 20 21 22 24 25 28 30 31 32 33 34 36 37 38 39 40 41 45 46 47 
38 2 3 4 5 6 7 8 10 11 12 14 15 16 17 19 20 21 22 23 27 28 29 30 31 32 33 34 35 36 39 41 42 44 45 46 47 48 49 
40 0 2 3 4 5 6 7 8 9 11 13 15 16 17 18 19 20 21 22 24 25 26 27 28 29 32 33 34 37 38 39 40 42 43 44 45 46 47 48 49 
35 0 1 2 3 4 8 9 10 11 14 15 17 21 24 25 27 28 29 30 31 32 34 35 36 37 38 40 41 42 43 44 46 47 48 49 
