50:25
19 1 2 3 4 5 8 10 11 12 13 14 15 16 18 19 20 21 22 24 
17 0 1 2 4 5 8 10 11 13 15 16 17 18 19 20 22 24 
18 0 1 2 3 6 7 8 10 11 13 15 16 17 18 20 22 23 24 
16 0 2 4 5 6 7 10 11 13 16 17 19 20 21 22 23 
20 3 4 5 6 7 8 9 11 12 13 14 15 16 17 18 19 20 21 23 24 
19 0 3 4 5 6 7 8 9 11 13 14 15 16 17 18 19 21 23 24 
15 0 1 3 4 5 7 8 9 12 13 14 15 17 18 23 
20 0 1 2 3 4 5 7 8 10 11 13 14 15 16 17 18 19 22 23 24 
19 0 1 2 3 5 6 7 8 9 10 11 13 14 16 17 18 19 20 24 
22 0 1 2 3 4 5 6 7 10 11 12 13 14 15 16 17 18 19 21 22 23 24 
20 2 4 5 6 7 8 9 10 11 12 13 14 16 17 18 19 20 21 22 23 
18 0 1 2 3 4 6 7 8 9 12 13 14 16 17 19 22 23 24 
20 0 1 2 3 4 5 7 9 11 12 13 14 15 16 19 20 21 22 23 24 
18 1 2 3 4 5 6 7 8 10 11 12 14 15 18 19 21 22 24 
16 0 1 2 3 4 5 6 7 9 11 12 14 15 16 21 24 
17 1 3 4 5 6 7 8 13 16 17 18 19 20 21 22 23 24 
20 0 1 2 3 4 5 6 8 9 10 14 15 17 18 19 20 21 22 23 24 
20 1 3 4 6 7 8 10 11 12 13 15 16 17 18 19 20 21 22 23 24 
21 1 3 5 6 8 9 10 11 12 13 14 15 16 17 18 19 20 21 22 23 24 
16 0 1 2 3 4 5 6 7 8 11 12 14 16 21 23 24 
24 0 1 2 3 4 5 6 7 9 10 11 12 13 14 15 16 17 18 19 20 21 22 23 24 
21 0 1 2 3 4 5 6 10 11 12 14 15 16 17 18 19 20 21 22 23 24 
19 1 2 3 4 5 6 8 9 10 12 13 15 16 18 19 20 22 23 24 
17 1 2 3 5 6 7 8 9 10 14 15 16 17 19 21 22 24 
21 0 2 3 4 5 6 8 9 10 11 12 13 14 15 16 19 20 21 22 23 24 
18 0 3 5 6 7 8 9 11 14 15 16 17 18 19 20 21 23 24 
19 0 1 2 3 4 7 8 9 10 11 14 15 17 18 19 20 21 22 23 
22 1 2 4 5 6 7 8 9 10 11 12 13 14 15 16 18 19 20 21 22 23 24 
17 1 2 3 5 6 9 10 12 13 14 16 17 18 19 22 23 24 
17 0 2 4 5 7 8 10 11 12 13 15 16 18 20 21 23 24 
18 0 1 2 3 4 5 6 9 13 14 16 17 19 20 21 22 23 24 
20 0 1 3 5 7 8 9 10 11 13 14 15 16 17 19 20 21 22 23 24 
19 0 1 3 5 6 7 8 9 10 11 13 15 17 18 19 21 22 23 24 
15 0 1 2 4 6 9 11 13 16 17 19 20 21 23 24 
18 2 3 5 7 8 9 10 11 12 14 15 17 18 20 21 22 23 24 
20 0 1 3 4 6 7 8 9 10 11 13 14 15 16 17 18 19 20 21 24 
19 0 1 2 3 4 6 7 8 9 11 13 14 15 18 19 21 22 23 24 
17 0 1 2 4 5 6 9 10 11 13 14 15 16 18 20 21 24 
17 2 5 6 7 8 10 11 12 13 14 16 19 20 21 22 23 24 
20 0 1 2 3 4 5 6 7 8 9 10 11 12 13 14 16 18 19 21 22 
16 0 1 2 3 4 5 6 7 8 10 11 13 14 16 17 21 
18 0 1 3 4 7 8 9 10 11 12 14 17 18 19 21 22 23 24 
21 0 1 2 3 4 7 9 10 12 13 14 15 16 17 18 19 20 21 22 23 24 
19 0 4 5 6 7 8 9 10 11 12 13 14 15 16 17 19 20 21 24 
20 0 1 3 4 5 7 8 10 11 12 13 14 15 16 17 19 21 22 23 24 
19 0 1 2 3 4 5 7 8 9 11 12 13 15 17 18 19 20 22 23 
16 2 6 7 9 10 11 13 14 15 16 18 19 20 21 23 24 
21 1 2 3 4 5 6 7 8 9 10 11 13 14 15 16 17 18 20 21 22 24 
16 0 1 2 3 4 5 6 7 11 12 13 14 17 20 22 23 
21 0 1 2 3 4 5 6 8 9 10 11 12 13 14 15 16 17 20 21 23 24 
