50:25
14 2 3 6 7 12 14 15 16 18 20 21 22 23 24 
11 1 3 4 6 9 11 12 13 14 20 21 
13 2 4 7 10 11 12 13 15 16 19 21 22 24 
10 4 6 7 9 10 11 19 21 22 23 
16 1 2 9 10 11 13 14 15 17 18 19 20 21 22 23 24 
15 0 2 4 5 6 7 8 10 11 12 19 20 21 22 23 
11 0 6 8 13 14 17 18 19 21 22 24 
11 2 4 6 7 12 14 15 16 18 22 24 
13 2 6 9 12 13 15 17 18 20 21 22 23 24 
14 2 5 6 9 10 11 13 14 16 17 19 22 23 24 
10 5 6 8 9 13 17 20 21 23 24 
17 1 2 4 5 8 9 11 12 13 17 18 19 20 21 22 23 24 
13 0 2 4 7 10 11 12 13 14 15 19 20 21 
14 0 2 4 5 9 11 12 13 14 16 17 21 22 23 
14 0 2 3 4 5 7 8 9 13 14 15 16 18 19 
9 0 8 9 11 13 15 19 23 24 
15 0 2 3 7 9 10 12 14 15 18 19 20 21 22 24 
17 2 3 4 5 7 8 11 12 13 14 15 17 20 21 22 23 24 
15 1 4 5 6 7 8 10 12 13 14 16 17 21 22 23 
9 3 5 7 8 11 12 14 19 23 
13 0 1 4 7 9 14 16 17 19 20 22 23 24 
15 0 2 3 4 7 9 11 12 13 14 15 17 18 20 23 
14 0 2 3 6 10 11 12 14 16 18 19 21 22 24 
10 1 2 4 7 8 12 14 15 19 21 
14 0 1 4 5 7 8 9 11 12 14 15 17 20 23 
14 0 1 2 3 6 8 9 10 13 15 16 17 19 22 
13 1 3 4 5 6 7 8 9 10 13 14 15 16 
12 1 3 4 5 7 9 10 11 15 17 19 22 
14 1 4 5 11 12 14 16 17 18 19 21 22 23 24 
16 0 1 2 5 6 7 9 10 11 13 14 17 18 20 22 24 
10 1 2 6 10 12 13 15 18 23 24 
11 1 3 7 8 10 15 16 17 18 20 24 
16 0 2 3 5 6 7 8 9 10 11 12 14 17 18 23 24 
14 1 2 3 4 5 8 9 12 13 16 19 20 23 24 
12 1 3 4 6 9 11 12 14 15 17 19 22 
12 1 2 3 4 5 6 8 9 10 15 17 18 
15 2 3 4 7 8 9 11 12 13 16 17 18 19 20 21 
11 1 3 6 7 8 9 11 14 18 20 22 
16 0 1 2 3 5 6 8 14 16 17 18 19 20 21 23 24 
14 2 3 4 5 9 10 12 13 14 17 18 20 21 23 
15 0 3 4 5 9 10 14 16 17 18 19 20 21 22 23 
8 1 5 8 14 19 20 23 24 
11 1 2 3 7 9 14 16 17 21 23 24 
13 0 1 2 5 8 10 12 13 16 18 21 22 23 
14 2 4 5 7 8 10 11 12 15 16 18 19 20 24 
15 0 1 2 3 6 7 8 10 11 15 17 18 19 22 23 
13 1 3 5 7 10 12 13 16 17 19 20 23 24 
10 0 1 4 12 13 14 15 16 18 21 
14 0 2 4 6 7 8 11 12 15 16 17 22 23 24 
12 1 2 7 8 10 14 15 16 17 22 23 24 
