50:25
8 0 3 4 5 7 19 20 23 
5 0 2 9 13 22 
5 7 9 11 17 24 
6 0 1 9 14 17 23 
5 0 12 15 20 22 
8 1 4 6 10 20 21 22 23 
6 1 2 5 15 19 20 
4 1 4 15 16 
7 1 2 10 14 18 20 22 
6 3 5 8 9 11 20 
8 0 1 5 6 12 13 22 24 
4 0 8 11 12 
5 0 1 10 21 22 
7 1 11 15 16 19 20 23 
6 3 6 16 18 19 21 
5 10 15 18 23 24 
3 6 19 20 
10 0 7 8 9 13 14 17 18 19 24 
6 7 8 12 20 21 23 
6 1 10 13 15 18 24 
6 2 6 7 9 13 16 
2 1 11 
6 1 10 14 15 22 24 
9 4 6 7 9 14 15 16 22 24 
5 0 6 13 18 21 
6 1 5 9 12 17 22 
4 9 16 17 22 
5 4 6 9 21 24 
6 6 7 10 19 20 24 
7 3 4 7 14 16 20 21 
7 4 8 9 14 15 21 23 
8 0 1 6 7 10 16 18 21 
8 1 3 4 6 8 16 18 20 
6 3 13 16 19 22 23 
6 4 8 14 15 18 24 
8 3 6 13 14 16 20 22 23 
6 2 5 8 10 18 21 
8 5 8 10 12 15 18 22 23 
4 2 7 8 11 
6 10 12 13 16 17 19 
2 11 24 
6 1 6 9 15 20 22 
8 2 5 8 9 10 12 15 16 
10 0 3 4 5 7 8 13 16 17 21 
4 9 14 15 24 
7 2 4 5 6 10 19 23 
9 1 3 4 6 10 17 20 23 24 
8 4 6 7 8 15 18 19 22 
9 1 2 4 10 12 19 21 23 24 
4 2 11 17 19 
