50:50
16 7 8 15 19 20 23 29 30 33 35 36 39 41 42 46 47 
13 0 9 17 24 26 27 32 35 36 37 40 43 44 
13 4 7 8 11 15 20 22 26 28 30 34 43 45 
18 2 14 16 21 23 24 25 26 30 31 33 34 36 38 41 42 45 49 
12 1 2 14 17 18 22 24 32 36 41 44 45 
11 1 11 12 16 22 25 30 34 38 40 43 
14 1 6 9 10 19 21 22 24 27 31 34 43 44 47 
13 0 3 4 5 7 8 14 23 33 36 42 47 49 
10 1 3 7 9 13 17 18 26 32 47 
12 1 2 13 14 20 21 22 24 26 30 32 46 
12 2 17 23 24 27 29 30 32 33 41 46 49 
10 7 8 9 15 16 26 31 32 41 43 
19 0 4 5 7 9 12 13 15 16 19 22 29 30 37 38 41 42 48 49 
11 2 4 8 10 17 18 22 40 42 46 47 
15 0 3 8 17 18 21 23 26 28 30 31 37 42 46 49 
11 3 6 9 19 23 27 29 30 38 43 48 
9 1 4 11 18 19 22 25 30 37 
7 0 8 11 12 14 29 30 
13 3 13 15 20 24 25 33 39 41 42 44 45 46 
14 5 8 13 19 20 21 22 23 24 26 27 34 44 49 
11 3 12 15 23 24 32 33 37 42 45 47 
12 5 6 21 22 23 26 27 29 45 46 47 48 
11 6 10 13 23 30 32 33 37 40 41 44 
10 10 20 21 27 35 37 41 45 46 49 
18 0 7 16 18 20 24 28 29 31 36 41 42 43 44 45 46 47 49 
14 4 5 6 9 18 19 22 25 27 28 29 31 37 45 
10 5 9 15 17 30 32 35 39 46 47 
12 4 14 18 22 30 32 35 36 37 43 47 49 
12 4 6 7 8 17 26 34 36 37 38 43 47 
10 3 8 13 15 18 32 33 40 48 49 
15 1 7 8 12 18 21 24 26 27 29 30 32 33 41 48 
8 2 5 6 17 25 41 43 48 
11 4 13 15 16 20 28 31 40 44 46 47 
11 6 7 9 13 14 15 19 20 28 32 39 
13 7 8 17 18 20 22 28 32 33 37 38 45 48 
14 1 4 6 9 17 22 23 26 29 34 36 37 42 45 
15 1 2 4 6 8 13 19 21 25 29 31 33 40 46 48 
11 13 21 22 28 34 38 40 42 44 46 49 
19 0 1 5 6 9 10 16 19 22 25 31 33 36 38 42 44 46 47 48 
10 1 10 22 24 30 40 42 47 48 49 
13 3 5 13 14 19 20 23 25 30 31 33 36 44 
13 0 2 6 15 26 30 31 33 34 36 38 45 48 
8 8 11 13 20 34 35 39 47 
8 2 3 4 6 25 26 31 46 
9 9 10 11 13 24 26 30 36 49 
17 0 1 5 6 9 10 17 21 22 24 28 30 37 38 40 42 43 
15 2 5 7 8 14 16 17 25 27 30 32 40 44 45 46 
9 7 14 22 27 30 40 41 45 46 
18 0 1 7 8 10 11 15 17 19 20 23 24 26 27 31 32 40 47 
9 0 14 19 23 24 34 35 38 48 
