50:25
14 1 2 5 6 8 10 13 14 16 18 19 21 22 24 
11 1 2 7 9 11 14 15 18 19 21 24 
12 0 2 3 4 6 10 12 13 18 19 22 24 
16 2 3 4 7 9 10 12 15 16 17 18 19 21 22 23 24 
14 1 2 3 5 7 9 11 14 16 19 20 22 23 24 
11 1 4 5 8 12 13 14 21 22 23 24 
12 0 2 5 10 12 13 14 17 18 22 23 24 
13 0 3 4 8 11 12 14 15 16 17 18 19 21 
14 0 1 5 6 7 9 12 13 16 17 18 21 22 23 
10 0 3 5 6 9 10 11 12 16 22 
12 0 3 5 6 7 8 9 15 16 19 21 24 
8 1 4 5 8 12 14 21 22 
17 0 1 2 6 7 8 9 10 12 13 14 17 18 20 21 22 23 
11 0 2 3 8 9 14 16 19 20 23 24 
19 0 1 5 6 8 10 11 12 13 14 15 16 17 18 20 21 22 23 24 
15 0 1 2 3 4 8 9 10 14 15 16 17 18 19 22 
19 0 1 2 3 4 5 7 10 11 12 13 14 16 18 19 21 22 23 24 
11 2 6 8 9 10 11 13 14 17 22 23 
13 1 2 6 7 9 10 12 13 16 17 20 21 24 
12 1 3 7 8 12 13 15 16 17 20 21 22 
12 0 2 5 6 8 9 11 12 14 16 19 20 
11 1 3 6 10 11 12 13 14 16 22 24 
10 1 2 6 9 11 13 15 16 17 23 
14 2 4 6 7 10 11 12 13 16 17 18 19 23 24 
9 0 2 3 8 10 14 18 19 22 
13 3 8 9 10 11 14 15 16 17 18 21 23 24 
14 1 2 3 5 6 10 12 16 17 19 20 22 23 24 
16 3 4 5 6 7 8 10 14 15 16 17 19 20 21 22 23 
8 1 5 9 10 11 15 17 18 
10 3 7 10 11 13 14 15 16 17 21 
12 0 1 2 4 9 11 12 13 14 17 20 23 
11 1 3 5 6 7 9 11 13 14 16 22 
10 1 2 5 6 11 15 16 17 20 22 
12 0 1 3 4 5 6 10 12 17 22 23 24 
17 0 1 2 3 4 5 6 7 11 13 14 15 17 20 21 22 23 
13 2 4 7 8 9 10 11 14 15 18 19 23 24 
12 1 2 4 7 8 10 17 20 21 22 23 24 
19 0 1 3 4 5 7 8 10 11 12 13 14 17 18 19 20 21 22 23 
13 2 3 4 5 7 8 9 10 11 13 17 19 24 
14 1 2 3 5 6 8 9 12 15 17 18 19 20 23 
12 0 8 9 10 11 12 15 16 17 19 20 24 
12 0 3 6 7 8 9 12 15 17 18 23 24 
11 4 5 6 10 15 18 19 20 21 22 24 
17 2 3 4 5 6 8 9 11 13 14 15 18 20 21 22 23 24 
14 4 6 7 8 10 11 12 14 15 16 18 21 23 24 
11 0 2 4 6 8 11 14 15 17 18 23 
12 1 2 3 6 12 13 16 18 19 20 22 24 
11 1 2 3 5 8 9 10 17 20 21 23 
13 0 1 3 7 9 12 14 15 16 17 21 22 23 
16 0 1 2 3 4 6 7 8 9 10 11 19 20 21 22 23 
