50:50
26 0 1 3 4 6 7 9 10 12 14 15 17 18 21 24 25 27 30 33 34 37 38 40 42 47 49 
24 5 6 8 9 10 12 15 17 18 19 20 23 24 25 27 28 31 32 34 35 41 45 46 49 
28 4 5 6 7 11 13 14 15 16 18 19 21 22 23 25 26 29 30 33 35 36 38 39 40 43 44 46 48 
24 1 3 4 8 10 12 17 18 19 20 21 24 29 30 31 32 33 37 39 43 45 46 48 49 
23 5 7 8 9 10 15 16 17 19 20 23 25 26 28 30 33 34 35 38 39 40 46 48 
27 0 1 4 6 9 12 13 14 15 16 17 18 20 24 25 28 31 32 33 34 38 39 41 42 43 44 46 
24 3 10 11 12 13 14 15 17 19 22 27 28 29 30 31 32 34 35 38 39 41 45 46 48 
22 3 6 11 13 15 19 20 22 24 25 27 30 36 38 39 41 42 43 45 46 48 49 
27 1 3 6 8 11 12 13 14 15 16 18 23 27 28 30 31 32 33 34 36 37 39 40 41 43 46 48 
25 0 1 2 3 4 5 6 7 8 18 19 20 21 22 24 29 31 32 36 39 40 42 43 47 49 
20 2 4 11 13 14 16 17 18 25 26 28 29 31 34 37 39 42 44 46 47 
31 0 1 2 5 7 9 10 11 12 13 14 20 21 23 24 26 27 28 30 31 32 33 34 35 39 40 41 44 46 47 49 
30 2 4 5 7 10 13 14 15 16 18 19 20 21 22 23 24 25 26 28 31 33 38 39 40 41 42 43 46 47 49 
29 0 3 4 5 6 7 11 12 16 17 19 24 25 27 28 29 31 32 33 35 36 37 38 39 41 45 47 48 49 
26 1 2 3 4 5 8 12 13 14 16 19 23 24 25 27 28 30 32 33 34 35 36 43 45 46 49 
19 0 3 4 5 6 8 14 25 28 32 37 38 39 41 42 43 46 48 49 
23 1 3 5 7 8 12 13 14 15 17 18 19 22 24 25 26 28 33 37 40 44 45 48 
25 0 1 7 10 11 13 15 17 21 22 23 25 26 27 28 30 34 36 38 39 41 42 43 47 48 
22 1 3 5 6 7 12 15 17 20 22 23 25 26 27 28 31 34 36 39 40 43 47 
26 0 2 4 8 9 10 11 12 13 16 18 20 22 24 28 29 30 31 32 35 38 42 44 45 46 47 
22 2 3 5 6 11 14 16 18 21 22 25 27 28 30 31 33 38 40 41 43 44 46 
30 0 1 3 5 10 12 13 14 19 20 21 22 23 26 28 30 31 35 36 37 38 39 40 41 42 43 45 46 47 48 
24 1 2 6 10 15 16 17 19 20 23 24 25 27 30 31 32 34 35 36 39 40 43 47 49 
22 2 3 4 5 11 13 15 16 17 20 21 23 24 27 31 32 36 37 39 41 42 45 
23 1 2 6 10 11 12 13 14 16 17 18 20 22 26 32 34 36 38 41 42 45 46 48 
21 5 8 9 14 15 17 21 22 26 27 31 32 33 34 35 42 44 45 47 48 49 
27 1 2 3 4 5 8 10 11 12 13 15 17 19 23 24 25 28 29 30 31 32 34 37 38 42 44 46 
26 2 4 6 13 14 15 16 18 21 22 24 25 29 30 31 32 34 35 36 37 38 44 45 46 47 48 
23 2 5 6 7 11 12 13 14 15 17 20 23 26 29 30 32 33 38 40 41 43 44 48 
24 2 3 4 6 7 9 15 17 18 19 20 21 22 28 29 30 31 32 34 35 36 38 41 43 
21 1 2 3 5 10 12 13 16 18 26 29 31 32 35 37 40 41 43 44 45 48 
30 0 1 2 3 5 6 12 13 14 16 17 18 19 20 21 22 24 26 28 29 34 35 37 38 40 41 42 44 47 48 
28 1 4 6 7 9 11 12 13 14 15 16 17 18 23 24 26 28 29 30 33 36 40 41 42 44 45 48 49 
24 0 1 3 4 5 6 8 9 12 13 15 16 18 21 22 29 31 32 33 34 37 38 41 42 
21 1 2 5 13 14 16 18 20 24 25 27 28 29 30 32 35 36 38 40 41 44 
26 0 1 2 3 7 8 12 13 14 16 17 18 20 21 24 27 29 33 35 37 39 43 46 47 48 49 
31 1 3 4 5 6 8 10 12 14 15 16 17 19 20 23 25 28 29 30 32 33 34 35 36 37 38 41 43 46 47 49 
32 0 1 4 5 7 8 9 10 12 15 17 18 21 22 23 24 25 26 28 29 31 32 33 34 37 38 40 41 42 43 45 48 
21 1 2 3 5 6 9 10 16 19 21 23 26 27 30 33 36 39 40 44 48 49 
25 0 1 3 4 5 6 7 10 12 14 15 19 25 27 28 29 31 32 34 35 39 40 42 45 47 
21 3 7 8 15 16 17 18 21 24 26 27 30 35 36 39 40 41 42 43 44 48 
23 2 3 12 15 17 20 21 22 24 26 27 28 32 33 34 35 37 42 43 44 45 47 48 
27 0 3 4 5 6 9 10 12 15 18 19 20 21 22 24 25 27 32 36 37 38 40 41 42 44 45 49 
19 0 2 3 4 7 9 10 16 21 25 26 36 38 39 41 43 46 47 48 
26 2 7 8 9 11 12 13 15 16 17 19 20 21 23 29 30 31 32 35 36 38 42 43 44 46 48 
25 1 5 6 8 10 11 12 13 14 15 20 25 26 32 33 34 37 40 42 43 44 45 46 47 49 
24 1 2 6 7 11 12 17 18 20 21 22 23 27 29 30 33 35 36 39 42 43 45 47 48 
26 3 5 7 8 13 14 15 17 18 20 22 28 29 30 33 34 35 37 39 40 44 45 46 47 48 49 
32 2 3 5 7 9 10 11 12 13 14 15 17 18 20 21 22 23 24 25 26 27 28 30 31 32 34 37 38 39 40 42 43 
27 0 2 3 5 7 9 11 12 13 16 17 20 21 22 24 25 26 32 33 34 35 39 41 42 43 48 49 
