50:50
7 3 10 18 19 38 41 48 
9 1 6 14 15 30 31 40 48 49 
16 0 5 6 10 13 14 18 21 23 34 36 37 42 45 46 48 
11 3 5 15 19 21 27 36 37 38 44 45 
7 13 15 21 28 33 38 48 
11 1 10 15 21 22 28 33 39 40 47 49 
10 2 8 14 16 24 25 28 40 41 46 
12 0 2 4 11 14 15 24 27 34 41 43 46 
15 2 5 11 14 15 19 20 31 34 39 42 43 44 46 49 
9 1 4 11 17 19 20 27 30 37 
14 0 1 7 12 19 23 31 34 35 37 41 46 47 49 
10 7 11 19 20 21 25 26 32 40 48 
6 0 8 9 11 29 44 
13 0 1 4 7 10 18 22 24 28 30 33 38 41 
11 6 9 13 16 19 22 29 38 45 46 48 
13 3 4 6 9 14 16 19 24 26 31 43 48 49 
15 0 1 2 6 7 11 15 21 23 25 32 35 38 43 46 
10 2 11 18 23 25 32 40 44 48 49 
12 5 11 13 16 18 21 22 32 34 40 44 47 
8 5 10 18 23 24 28 35 46 
12 4 5 10 17 24 29 32 34 35 39 44 48 
13 3 5 9 11 16 21 25 27 31 37 42 48 49 
16 4 8 17 20 21 23 24 26 28 29 30 36 37 41 43 44 
17 1 2 8 11 15 19 20 22 25 26 29 31 32 34 39 44 49 
18 2 4 6 7 12 14 15 16 17 20 21 22 24 27 28 39 41 46 
15 2 6 12 14 15 16 18 28 36 42 43 44 45 46 47 
11 0 2 3 12 16 18 20 23 24 40 42 
8 5 7 10 19 20 23 24 27 
11 2 3 6 12 19 22 29 30 37 39 47 
13 5 6 11 17 20 21 33 34 36 37 39 42 46 
11 7 20 24 27 28 29 34 36 39 41 44 
11 2 9 19 21 28 30 34 38 39 42 49 
18 2 3 12 15 16 17 18 19 20 21 22 23 26 28 34 45 48 49 
18 0 1 2 3 5 10 16 19 20 24 27 30 32 38 41 43 45 46 
13 2 10 14 18 22 29 34 35 36 37 42 43 45 
8 1 3 8 19 24 29 44 49 
15 2 5 6 10 14 16 22 23 25 29 36 37 38 39 41 
10 1 2 5 7 28 29 41 45 46 49 
15 9 10 16 17 23 25 27 28 29 34 35 37 44 47 48 
16 0 2 4 5 6 9 19 21 24 25 34 38 43 45 46 47 
12 1 2 8 10 12 14 21 25 34 38 39 41 
12 0 4 9 15 16 19 33 34 36 42 44 47 
17 1 2 4 6 11 14 15 29 30 33 34 36 38 43 45 47 49 
12 1 5 6 9 18 22 23 28 34 38 39 45 
12 0 4 6 8 9 11 12 13 23 26 30 34 
13 5 8 9 12 13 16 20 21 26 32 36 37 45 
10 5 12 24 25 28 30 32 37 38 46 
10 7 9 15 17 26 35 41 42 44 49 
12 2 3 6 13 15 17 25 26 29 35 40 41 
14 2 5 7 10 14 15 28 32 33 34 35 36 40 45 
