50:75
22 0 3 4 7 10 11 12 14 16 20 23 28 38 39 41 42 51 54 56 61 67 70 
21 14 15 17 22 24 26 27 33 34 35 36 48 55 56 58 60 64 65 67 71 72 
20 3 9 12 13 16 24 27 28 32 36 42 49 53 56 59 63 64 69 70 71 
25 1 8 9 11 12 13 14 15 16 21 22 28 33 38 43 46 47 56 57 59 66 67 69 70 73 
15 1 3 7 9 11 12 17 18 25 27 36 46 57 58 69 
14 0 5 22 26 27 31 32 33 36 46 49 54 69 74 
18 0 2 4 13 18 20 34 37 39 42 43 47 59 61 63 64 68 74 
13 3 7 12 15 19 25 29 45 52 66 68 70 72 
18 1 3 8 9 11 19 21 22 28 44 45 54 60 65 66 67 69 71 
21 2 6 11 13 15 16 17 22 24 25 27 29 32 34 37 44 60 62 63 69 72 
23 2 4 5 6 12 20 21 22 23 27 33 39 41 50 55 59 60 61 62 63 66 68 73 
25 0 4 8 13 15 18 20 25 31 33 39 40 43 45 46 48 51 52 53 55 59 60 62 65 69 
16 2 3 9 23 26 35 37 42 44 45 46 50 58 62 67 71 
20 6 7 14 21 25 27 29 31 34 35 36 37 40 44 50 54 61 62 65 74 
18 2 8 9 19 22 34 36 39 41 50 53 54 58 63 64 65 69 74 
22 0 3 5 6 8 9 17 26 28 29 35 41 42 48 52 54 56 57 60 65 67 69 
15 0 12 18 19 21 31 35 47 48 50 52 57 58 71 74 
15 11 14 15 21 25 38 55 59 62 63 64 67 72 73 74 
15 8 13 20 22 23 35 36 37 38 43 47 54 55 61 72 
21 6 9 16 20 21 24 32 33 38 39 42 44 48 50 51 54 55 61 62 64 68 
18 2 6 15 19 22 25 34 36 37 44 50 51 53 60 62 64 69 70 
18 4 9 16 19 21 23 26 27 37 42 44 47 49 52 56 62 66 67 
12 3 4 9 13 15 18 19 26 33 49 51 55 
15 0 1 12 18 33 38 40 43 48 53 57 58 63 67 68 
14 1 2 4 6 9 25 27 31 40 52 56 57 63 64 
19 7 11 16 17 18 19 22 27 31 38 39 42 43 44 48 59 60 62 74 
21 0 7 10 12 15 18 25 28 30 32 36 50 51 52 54 55 56 58 61 69 72 
18 7 10 14 16 17 21 25 27 29 31 36 49 50 52 56 65 72 73 
22 6 9 12 19 21 22 29 31 32 34 37 40 43 54 55 57 58 60 61 68 71 73 
15 1 4 14 17 23 29 36 37 38 39 43 48 49 56 63 
20 6 7 15 18 20 26 27 34 37 42 44 55 58 60 62 63 65 69 70 71 
20 1 3 6 10 12 14 24 27 28 34 37 40 43 44 51 59 61 62 65 72 
16 2 11 16 19 24 29 31 40 44 46 47 50 56 57 64 71 
13 1 8 19 25 37 42 45 46 61 64 65 66 71 
21 0 9 10 14 18 19 21 25 32 36 42 43 44 51 53 54 55 61 63 65 72 
18 0 4 7 10 14 25 26 29 34 42 45 55 61 62 64 68 70 74 
26 0 4 5 6 12 18 19 22 26 28 32 34 35 44 45 51 52 54 60 61 62 63 65 69 73 74 
18 3 4 11 13 14 16 23 32 35 36 40 43 48 49 55 59 62 70 
13 10 12 20 24 32 42 52 53 55 57 58 63 69 
12 0 5 10 15 21 23 33 42 49 67 68 74 
18 0 7 11 20 23 24 28 31 40 46 48 51 56 57 59 62 70 73 
23 4 8 9 12 14 19 20 27 28 37 40 41 48 49 51 55 58 63 65 66 68 71 73 
19 7 14 15 22 26 29 36 37 39 43 45 46 48 54 56 58 65 66 71 
19 3 11 13 15 17 22 26 27 28 29 43 44 46 48 54 62 66 67 73 
22 1 4 9 10 11 19 20 22 26 27 29 32 43 46 53 55 57 60 61 64 68 69 
22 1 2 6 7 10 12 13 17 20 24 32 34 37 39 46 56 57 67 69 71 72 73 
16 0 6 16 19 20 30 34 40 43 47 48 49 52 61 63 69 
19 4 5 6 8 9 16 18 22 25 34 37 38 40 43 57 62 63 64 65 
16 6 13 14 17 25 27 32 33 36 46 50 58 59 65 73 74 
19 2 3 4 6 17 19 20 23 27 28 30 33 36 40 41 45 49 53 73 
