50:25
11 0 1 3 5 8 9 12 13 18 20 22 
13 1 4 9 10 13 15 16 18 19 21 22 23 24 
12 0 3 4 6 8 11 18 19 20 22 23 24 
12 1 2 4 7 9 11 12 13 15 16 20 21 
11 1 8 9 10 12 13 14 15 17 19 22 
10 2 3 7 8 11 12 14 17 20 24 
12 2 6 7 10 12 14 15 16 18 20 23 24 
13 2 3 5 6 7 12 13 14 17 18 19 21 23 
16 1 2 3 4 7 9 11 12 13 15 16 18 19 22 23 24 
12 2 3 6 7 8 11 16 17 18 20 21 24 
12 0 2 3 9 15 16 18 19 21 22 23 24 
11 1 2 4 8 13 16 17 20 22 23 24 
11 0 2 5 7 9 10 14 18 19 21 22 
14 0 3 5 8 9 11 12 14 15 16 18 19 21 24 
10 1 4 7 9 10 15 17 18 20 23 
10 1 2 5 6 7 8 10 11 22 23 
15 0 1 2 5 8 9 12 14 15 16 17 18 20 21 22 
15 2 3 6 7 8 9 11 12 15 16 17 19 20 21 22 
13 3 5 6 7 8 11 14 15 16 18 19 20 22 
10 1 5 7 11 12 14 17 19 23 24 
13 3 4 5 7 8 12 13 14 15 16 19 21 23 
13 1 4 6 9 10 11 12 13 14 16 18 20 21 
13 0 2 5 7 9 10 12 13 14 17 19 22 23 
15 0 1 2 3 5 6 8 9 11 14 16 18 20 21 22 
9 0 1 4 5 12 13 14 15 17 
16 0 1 2 3 5 6 7 9 13 16 17 18 20 21 22 24 
12 0 4 7 12 13 15 18 20 21 22 23 24 
14 3 4 6 10 11 12 13 14 15 16 17 19 21 23 
9 1 5 7 11 17 18 19 20 24 
13 0 1 4 5 8 10 11 12 15 16 20 21 23 
16 2 3 4 5 6 8 9 10 11 12 14 15 16 17 19 22 
15 0 1 2 3 6 7 11 13 14 15 16 19 22 23 24 
10 1 3 6 7 11 15 18 20 22 24 
12 0 2 4 5 7 8 10 12 13 18 20 23 
11 1 2 6 9 11 15 16 18 20 21 24 
11 1 3 8 12 13 15 16 18 19 22 24 
13 2 5 6 7 8 9 11 12 14 16 17 21 22 
18 0 1 2 3 5 6 8 12 14 15 16 17 18 20 21 22 23 24 
18 0 1 2 3 6 7 8 11 12 14 15 16 17 18 20 21 22 23 
13 0 3 4 7 8 11 12 14 17 18 21 23 24 
12 1 7 8 9 10 11 16 18 19 22 23 24 
10 1 2 3 4 10 11 13 19 20 23 
9 1 4 8 10 18 19 20 21 23 
9 5 6 9 10 13 16 18 23 24 
14 2 3 5 6 7 10 11 12 13 14 15 16 18 24 
15 3 5 7 8 9 10 11 12 14 15 17 18 19 20 23 
11 0 1 4 6 12 15 16 17 20 21 24 
11 1 2 4 5 11 14 16 19 21 22 24 
12 0 1 2 3 5 6 10 12 13 14 19 24 
8 1 4 6 9 11 15 20 23 
