50:50
12 0 6 17 18 22 23 25 29 31 39 40 47 
16 0 3 5 8 13 18 21 22 24 28 29 31 35 40 42 45 
7 4 8 24 28 35 43 47 
12 3 5 14 20 27 29 32 43 44 47 48 49 
11 1 8 9 14 18 19 27 38 39 43 48 
12 0 5 6 12 21 22 26 32 37 38 43 46 
14 0 3 4 20 21 26 28 29 31 39 41 43 44 48 
11 1 2 4 18 21 26 28 29 33 40 43 
17 6 7 9 12 18 21 23 26 28 30 32 35 37 42 46 47 48 
11 3 4 7 19 27 33 36 37 38 45 46 
14 1 2 4 5 6 8 15 17 27 32 34 35 38 41 
13 4 11 18 21 22 27 29 34 36 37 43 47 49 
16 0 1 2 4 14 15 16 18 25 28 30 33 37 38 42 44 
16 10 12 16 18 20 27 28 31 37 38 39 43 45 46 47 49 
16 2 4 10 13 20 22 25 27 30 32 33 34 38 39 40 49 
10 0 4 10 14 19 20 25 38 40 49 
14 3 5 6 12 16 17 18 24 28 34 37 39 42 44 
14 4 8 9 10 14 15 16 18 21 25 33 38 41 49 
18 1 2 5 7 9 13 18 20 22 33 34 36 39 40 41 44 47 49 
4 2 4 38 48 
14 0 1 8 14 16 21 24 26 28 34 37 41 46 47 
15 1 3 5 7 8 13 15 17 18 19 22 25 28 32 42 
16 3 4 5 6 7 9 14 15 20 23 24 30 39 40 42 47 
16 1 2 3 7 11 13 15 26 27 32 33 39 40 41 42 44 
13 1 8 9 15 16 17 24 28 30 40 42 44 45 
9 4 6 16 17 25 27 34 39 49 
5 3 5 11 42 43 
15 1 4 11 16 18 22 24 25 33 39 40 43 44 45 47 
16 6 7 8 13 21 23 24 29 30 32 41 42 44 46 48 49 
13 1 2 4 9 14 15 16 21 24 27 41 44 47 
12 11 13 18 20 21 33 34 39 42 44 46 47 
13 3 4 5 11 12 14 21 27 36 38 40 43 48 
10 3 20 22 36 38 40 43 45 47 49 
13 1 11 16 19 21 24 25 27 28 30 38 41 49 
14 2 10 13 15 19 22 23 24 29 36 40 41 42 44 
10 3 4 6 12 14 17 24 30 35 47 
10 8 14 20 21 23 25 27 28 30 48 
15 0 12 14 17 18 23 32 33 37 39 41 44 45 46 48 
16 1 2 6 7 12 14 18 19 22 24 26 28 37 39 42 45 
16 3 12 14 16 18 19 26 28 34 35 40 43 44 45 46 49 
9 3 8 16 17 19 28 29 35 40 
14 7 11 13 16 21 23 26 30 32 34 38 43 47 48 
9 1 12 15 22 25 28 35 44 45 
17 0 1 2 8 10 12 15 21 22 25 26 38 40 44 45 47 49 
13 7 8 11 14 16 19 29 30 32 35 36 38 40 
15 1 6 9 13 15 16 19 27 29 32 37 39 40 41 48 
14 8 9 10 13 15 22 26 31 36 42 43 46 47 48 
15 0 3 11 15 20 21 23 24 25 28 31 37 38 42 43 
12 2 15 20 23 25 27 29 30 34 38 44 45 
14 13 15 18 19 20 33 34 35 39 41 44 46 47 49 
