50:50
9 0 9 10 12 16 29 33 39 45 
12 0 1 9 12 13 14 21 24 30 34 39 49 
10 12 17 20 22 23 26 27 31 41 47 
10 1 8 14 16 22 30 37 40 43 49 
8 5 9 22 23 31 34 46 48 
12 0 1 3 4 14 18 19 24 33 34 39 47 
10 0 2 3 26 30 33 35 39 42 46 
12 0 4 7 10 12 14 16 31 35 37 39 43 
11 1 2 9 12 15 19 21 28 29 34 46 
5 4 8 15 25 49 
15 1 5 17 23 24 25 29 31 32 34 35 37 39 43 44 
11 1 2 4 5 21 22 23 36 38 43 47 
17 1 2 4 12 13 19 25 26 27 28 30 34 35 37 42 43 44 
6 0 4 7 30 33 39 
13 0 6 11 14 18 19 25 27 33 34 38 46 49 
14 4 9 10 16 17 19 25 32 35 36 39 40 41 49 
13 5 7 9 13 16 19 20 22 26 28 33 34 36 
7 3 5 13 43 44 46 48 
11 2 8 12 17 19 21 22 23 25 40 46 
7 7 14 18 29 38 43 48 
11 1 2 3 12 15 16 20 28 35 45 47 
8 1 17 18 24 39 42 46 49 
8 0 4 11 13 18 21 26 40 
16 1 9 13 14 18 19 21 23 24 29 32 37 46 47 48 49 
14 6 10 11 16 21 31 33 35 38 39 41 42 43 49 
15 2 7 15 17 21 28 33 35 37 38 42 43 44 46 48 
12 3 7 8 11 13 14 16 22 25 34 41 44 
15 2 6 8 16 21 23 24 26 28 31 34 36 37 39 40 
14 1 10 14 17 18 19 21 24 26 29 32 36 39 41 
13 3 10 11 12 15 21 33 35 38 41 46 47 48 
12 4 6 7 9 14 16 18 28 31 36 40 43 
10 3 6 8 13 15 18 22 23 33 38 
13 5 6 8 13 17 19 25 27 31 43 45 46 48 
16 5 7 10 11 15 18 20 25 27 33 35 37 44 46 48 49 
9 1 15 18 20 28 38 42 44 45 
13 2 6 9 11 13 18 20 21 23 26 31 32 37 
11 3 5 6 7 16 20 22 32 33 37 38 
17 0 3 4 5 8 12 15 17 18 21 23 29 31 37 38 39 41 
13 4 7 8 10 11 18 24 29 31 32 33 37 47 
9 1 8 9 16 22 33 41 44 47 
8 9 10 23 24 38 39 41 46 
11 2 3 4 14 16 21 28 36 40 46 47 
12 5 6 8 9 22 24 25 26 27 43 46 47 
16 3 7 8 13 14 16 18 19 20 25 28 30 31 41 44 48 
12 2 3 17 18 29 31 39 40 43 44 45 48 
15 0 2 4 6 7 9 10 11 12 18 19 29 35 36 38 
11 0 1 2 4 7 13 15 27 32 40 45 
13 0 4 5 7 9 11 13 14 21 23 26 33 44 
13 0 9 12 13 14 15 20 28 29 30 31 37 49 
17 2 3 7 10 12 18 23 24 26 28 37 39 42 43 46 47 49 
