50:50
28 1 2 5 6 9 14 15 16 17 20 21 23 24 27 28 29 30 32 33 35 36 39 40 41 42 45 46 47 
32 0 3 4 6 9 10 13 14 15 16 18 19 21 22 23 24 25 27 29 32 34 35 36 37 38 39 41 42 43 45 47 49 
25 0 2 4 6 10 13 14 15 18 20 22 23 24 27 30 31 36 38 39 41 43 45 46 47 48 
31 0 1 3 5 6 7 8 9 10 12 14 16 19 21 25 26 27 28 29 30 32 34 37 38 39 40 41 43 45 46 49 
29 0 5 6 10 12 13 14 15 16 17 19 22 23 24 25 26 28 29 31 32 34 37 40 42 43 44 47 48 49 
30 2 3 6 7 8 9 10 11 13 15 16 20 23 24 26 27 28 29 31 32 34 35 36 38 40 43 44 45 46 47 
26 0 1 3 5 6 8 9 10 13 20 23 25 26 27 29 30 32 34 37 39 43 44 45 47 48 49 
28 2 7 8 9 11 12 14 17 19 20 21 22 23 24 25 27 28 29 31 34 37 38 42 43 44 45 48 49 
24 0 3 8 9 14 17 18 22 23 25 26 27 28 31 32 33 34 35 38 40 46 47 48 49 
29 1 2 4 6 7 8 9 13 15 18 21 23 25 26 27 28 29 30 31 32 35 36 37 39 42 43 44 45 46 
28 3 4 5 7 8 9 12 13 14 15 18 20 22 23 24 26 28 29 30 31 33 34 35 36 37 40 41 43 
27 0 4 5 6 8 15 18 19 21 23 26 27 28 30 32 33 34 37 38 40 41 42 44 45 46 47 49 
28 3 6 11 12 17 18 20 21 22 23 24 25 26 27 28 29 32 34 36 39 40 41 42 44 45 46 48 49 
29 1 2 3 5 6 7 10 13 14 15 16 17 20 21 22 25 28 29 32 33 35 36 37 38 39 40 44 47 48 
25 0 1 3 4 5 6 7 8 10 12 15 17 22 23 25 26 29 30 34 36 39 40 42 44 45 
21 1 2 5 6 13 16 17 18 21 25 26 28 29 30 32 41 42 43 45 48 49 
29 2 3 5 6 7 9 10 11 12 13 14 16 17 22 25 26 29 30 31 32 35 38 40 41 45 46 47 48 49 
27 0 3 8 9 13 14 15 16 18 19 20 23 24 25 26 28 32 34 36 38 41 42 44 45 46 47 49 
24 1 2 3 5 7 9 14 17 18 20 21 22 23 24 25 26 27 29 30 35 41 44 46 48 
27 2 5 6 7 8 10 12 13 14 15 17 19 20 24 25 27 29 30 34 35 37 39 40 41 42 44 48 
31 0 1 2 4 5 7 10 12 13 14 17 18 19 21 22 23 25 28 29 30 31 32 33 34 36 37 43 44 45 46 49 
27 1 2 3 5 7 10 12 15 16 17 18 19 21 22 25 32 33 36 38 40 41 42 43 44 45 46 48 
16 1 2 10 11 16 18 19 21 23 27 31 33 39 43 44 49 
21 1 3 5 6 7 8 11 12 14 15 17 19 22 26 28 32 33 34 42 47 49 
21 4 6 10 11 16 17 19 21 22 23 27 28 32 34 38 39 40 42 45 48 49 
33 0 1 2 3 4 5 7 11 12 13 14 16 18 20 21 22 23 25 26 27 31 33 34 36 37 38 40 42 44 45 46 47 48 
31 1 2 3 5 6 7 9 11 13 14 16 17 18 19 20 21 22 23 24 25 29 31 32 35 37 38 39 41 43 48 49 
21 3 6 9 11 13 15 19 21 22 23 24 26 27 29 30 37 40 44 45 48 49 
26 3 4 7 12 13 16 20 22 24 25 26 27 28 29 31 32 33 34 35 37 41 45 46 47 48 49 
25 1 2 3 4 10 13 15 18 20 23 26 27 30 31 32 33 35 38 40 41 42 43 45 46 48 
27 0 2 5 7 8 9 11 15 16 19 20 21 25 26 27 28 29 31 32 33 34 36 38 39 43 48 49 
25 0 5 6 9 10 11 14 16 18 19 22 24 26 30 31 33 35 37 38 39 42 43 44 48 49 
29 0 2 3 5 6 8 12 13 16 17 18 20 22 23 24 25 27 28 30 31 33 34 37 40 41 42 44 46 48 
25 0 1 6 7 9 10 12 13 14 15 21 23 25 27 29 30 31 32 38 39 42 44 46 47 49 
27 1 2 3 4 5 7 8 9 10 11 14 15 18 20 28 29 33 34 36 38 40 42 44 45 46 48 49 
20 2 4 10 15 17 18 20 21 22 23 24 27 31 32 36 37 39 40 47 49 
32 2 3 4 8 9 13 14 18 21 24 25 26 27 28 29 30 31 32 34 36 37 38 39 41 42 43 44 45 46 47 48 49 
20 0 1 6 7 8 11 13 15 17 18 19 21 22 25 26 30 34 37 38 49 
20 2 4 6 10 12 13 15 17 24 28 30 32 36 38 39 40 42 43 48 49 
29 0 3 9 10 11 13 15 16 17 18 20 21 22 23 24 25 26 29 30 31 32 34 35 44 45 46 47 48 49 
28 0 3 4 5 7 8 9 10 11 12 14 15 18 19 21 24 25 29 30 32 34 35 41 42 43 45 46 48 
30 2 7 8 9 11 12 13 14 15 16 17 19 21 22 24 25 26 29 31 32 33 34 37 38 39 40 41 42 44 49 
21 3 4 5 8 9 10 13 14 16 21 23 25 32 34 38 39 41 42 45 46 49 
25 0 3 4 6 7 8 9 11 12 15 16 18 21 25 27 28 33 35 37 38 40 46 47 48 49 
22 1 2 3 5 9 11 12 14 18 23 24 25 27 28 29 30 31 32 34 36 37 44 
24 1 2 3 4 5 7 8 9 10 12 18 19 20 24 29 31 32 36 39 40 41 42 47 48 
23 4 5 8 9 13 14 17 18 21 23 24 28 29 30 31 33 35 36 37 39 45 46 49 
30 0 3 6 7 8 13 17 18 20 22 23 24 25 27 29 31 33 34 35 36 37 39 41 42 43 45 46 47 48 49 
26 2 3 4 8 9 12 14 16 17 21 22 25 26 28 29 30 31 32 33 34 35 40 44 46 47 49 
21 0 1 3 4 6 7 15 18 23 27 28 30 35 37 38 39 40 43 46 47 48 
