50:50
11 7 11 14 16 19 28 32 41 42 45 46 
16 0 1 2 7 8 13 14 19 20 22 23 27 29 31 42 45 
9 7 22 24 25 32 36 39 41 46 
13 4 6 7 12 14 17 20 26 32 33 40 41 43 
19 1 5 6 15 19 22 24 26 28 29 32 33 36 39 45 46 47 48 49 
11 0 2 5 17 18 19 20 22 35 41 46 
14 4 6 8 13 16 23 28 30 32 33 35 43 45 46 
11 0 15 20 30 32 33 37 40 41 45 46 
13 3 4 9 16 18 20 21 28 29 33 36 45 47 
13 4 8 9 12 15 16 17 22 25 26 28 30 41 
12 0 3 13 18 24 25 37 38 42 43 45 49 
17 0 10 11 12 13 14 15 21 24 27 28 30 34 37 42 45 47 
11 6 24 25 28 29 30 35 36 38 47 48 
15 0 4 5 9 11 19 23 33 35 36 39 44 45 46 47 
16 0 3 11 15 19 23 26 29 31 34 35 38 39 40 47 48 
15 2 3 4 11 13 15 16 20 26 30 33 34 39 41 44 
12 1 13 14 17 19 20 21 22 31 33 37 46 
15 1 6 13 15 16 20 22 28 30 32 38 40 41 42 44 
12 0 1 2 3 24 27 29 38 39 47 48 49 
15 12 13 14 17 18 20 26 32 34 39 41 42 45 46 49 
7 5 11 22 29 30 35 48 
12 7 13 14 16 17 22 23 32 34 39 40 41 
11 6 7 12 15 19 22 26 30 36 42 44 
13 1 2 11 17 19 21 30 32 37 38 43 47 49 
12 4 5 11 17 31 34 35 36 39 46 48 49 
10 14 17 20 21 22 28 34 35 48 49 
6 0 13 20 22 29 48 
11 1 4 21 25 29 36 37 38 39 40 46 
16 0 5 11 13 17 20 21 23 27 32 39 40 42 43 45 48 
5 2 12 14 29 49 
18 0 1 3 4 7 8 10 16 28 32 33 37 40 42 44 45 46 49 
13 1 5 11 13 18 21 27 28 30 31 35 36 45 
16 0 4 7 11 15 17 27 32 35 36 39 40 42 45 46 48 
8 1 7 14 16 22 30 40 48 
10 4 14 19 30 36 40 41 46 47 48 
8 9 10 12 38 39 43 45 46 
17 0 2 8 10 14 18 21 23 24 26 29 33 34 35 37 43 45 
14 7 9 10 18 20 23 25 26 28 29 30 36 41 44 
17 1 2 4 11 15 16 18 19 21 22 26 28 29 32 33 34 36 
13 6 8 14 17 19 20 21 23 29 38 45 47 48 
16 0 7 9 14 16 17 18 21 22 25 27 28 29 41 43 47 
14 2 11 12 15 17 19 20 21 24 29 34 41 48 49 
9 1 6 7 10 22 25 30 35 37 
14 1 10 12 15 18 19 23 25 35 41 43 46 48 49 
11 5 10 11 15 17 20 25 32 40 44 49 
12 0 16 23 27 28 29 30 31 39 44 45 49 
14 1 10 14 19 20 25 27 30 32 38 44 45 46 48 
17 1 5 7 8 9 10 13 14 15 17 25 33 36 37 39 43 46 
7 2 25 26 29 34 42 48 
11 0 4 5 9 25 26 30 32 35 45 47 
