50:75
22 3 5 8 9 11 17 25 27 28 29 30 33 36 39 46 48 49 50 51 65 66 67 
15 5 6 15 28 51 52 56 58 59 65 66 69 70 71 73 
15 4 6 7 8 13 30 31 32 42 43 48 50 55 65 70 
16 0 1 5 8 14 22 26 35 36 37 39 46 47 57 73 74 
24 4 6 12 17 21 22 24 27 31 34 40 41 42 44 50 51 53 54 55 59 60 67 69 74 
19 1 5 8 18 24 28 30 38 39 45 46 49 56 60 61 69 72 73 74 
17 3 6 11 14 15 17 29 31 33 34 47 48 54 60 67 70 74 
18 4 15 17 23 26 27 29 30 32 34 35 40 50 51 54 55 64 72 
19 4 9 11 16 25 28 33 34 36 38 39 42 48 50 56 59 60 62 65 
14 10 17 21 32 33 37 39 50 54 55 59 62 67 73 
19 2 7 13 14 18 19 20 27 37 43 44 46 48 49 56 61 62 66 68 
22 1 5 6 11 16 18 22 24 29 41 47 50 51 53 56 57 58 60 62 64 72 73 
20 2 3 6 15 18 19 21 23 27 36 40 41 47 48 53 55 58 61 62 67 
17 0 9 10 19 21 25 27 32 36 38 41 58 61 63 65 71 72 
24 4 8 9 11 12 13 14 16 22 23 28 34 38 41 43 45 51 54 55 57 58 63 70 73 
21 1 2 5 6 17 18 22 24 29 31 32 39 41 45 48 49 61 64 69 70 72 
19 2 4 6 8 14 15 16 18 19 28 30 31 32 41 48 54 60 64 65 
22 3 6 14 15 27 28 36 39 41 43 46 48 49 50 52 59 60 61 64 67 68 70 
14 1 5 6 21 27 31 35 37 39 42 48 49 56 66 
19 0 1 2 5 6 11 15 27 33 36 40 46 47 52 55 57 61 70 71 
12 3 4 11 12 16 30 32 33 35 41 49 50 
21 3 7 8 9 10 11 15 16 19 23 30 35 45 47 50 52 53 62 64 69 70 
23 7 9 11 12 20 27 30 35 36 37 38 40 43 44 52 54 56 58 61 62 67 69 71 
20 1 5 7 9 10 11 12 13 28 29 33 36 37 41 46 54 56 59 62 70 
22 5 6 11 13 14 18 22 24 29 31 37 51 55 57 62 63 65 66 68 70 72 74 
11 3 4 13 17 31 32 40 48 60 67 68 
18 8 17 19 28 35 37 38 39 47 49 53 54 55 62 63 71 72 74 
23 1 5 13 15 19 23 25 28 29 32 35 41 42 44 46 48 50 55 58 59 66 68 73 
21 1 4 7 10 19 22 27 33 35 36 37 44 45 51 61 64 65 67 68 69 71 
19 1 2 8 9 16 17 20 23 24 27 42 43 45 46 48 51 53 65 66 
22 6 12 16 21 25 28 30 33 34 35 37 38 39 42 45 49 52 54 58 59 68 69 
19 3 10 12 15 16 32 36 40 41 45 48 60 64 65 67 68 69 70 71 
11 0 28 31 32 35 41 49 50 60 68 73 
18 7 13 16 26 27 31 33 42 44 48 54 56 58 61 64 69 70 72 
16 0 2 4 6 13 19 25 27 28 52 54 63 64 69 71 73 
17 0 6 11 15 16 19 23 24 25 30 31 38 48 56 60 61 66 
21 3 4 11 14 17 21 25 28 33 36 40 49 51 52 54 60 64 66 68 73 74 
19 6 11 13 15 21 22 23 29 31 36 41 42 44 60 61 65 66 68 72 
11 0 6 8 23 27 40 50 55 67 69 73 
19 3 4 6 8 9 13 15 22 24 33 45 49 53 57 60 64 65 69 73 
15 1 3 6 8 10 13 23 29 35 36 39 44 64 67 73 
16 5 9 11 15 17 20 25 28 30 41 44 54 61 65 68 71 
19 4 14 20 25 26 27 32 33 35 36 37 42 43 46 47 50 56 66 69 
23 0 1 9 11 12 15 17 19 21 26 30 32 33 37 38 41 45 49 51 52 65 68 70 
20 0 4 14 20 27 32 35 42 44 45 49 50 53 55 58 59 61 67 68 69 
18 10 19 20 25 26 27 36 42 43 46 52 54 57 60 62 64 65 66 
23 3 4 10 11 19 23 25 26 27 29 31 33 34 35 37 39 41 42 46 50 51 54 69 
19 4 7 8 9 16 23 30 31 32 35 36 49 51 52 54 57 68 69 70 
20 10 12 13 14 15 18 22 24 33 39 40 47 51 52 56 58 62 67 68 71 
23 3 4 7 9 12 13 21 22 23 28 29 30 41 46 50 53 54 59 61 64 66 69 70 
