50:25
5 2 9 14 19 20 
4 7 10 19 21 
6 5 11 12 13 15 16 
4 4 9 11 20 
8 2 11 13 14 15 17 21 22 
4 4 14 16 24 
10 0 3 6 7 9 11 12 14 23 24 
6 5 12 16 19 21 23 
8 2 8 9 10 11 16 22 23 
3 0 4 13 
10 3 4 6 7 10 13 15 20 22 24 
6 4 11 12 15 16 19 
7 2 5 11 13 16 19 22 
7 3 5 8 11 13 18 20 
5 1 5 7 14 24 
7 0 4 5 7 13 15 23 
6 0 6 10 12 17 18 
2 14 16 
7 4 10 14 15 19 22 24 
8 5 8 9 14 21 22 23 24 
6 6 7 12 13 19 24 
2 13 15 
8 2 3 4 5 13 15 16 19 
12 0 2 4 8 11 12 15 16 19 20 21 22 
5 0 5 11 14 20 
6 8 13 15 16 18 20 
6 7 8 15 17 21 24 
4 4 10 13 15 
3 6 12 20 
7 4 5 8 11 17 21 23 
6 0 1 2 4 11 12 
8 2 3 6 15 16 18 23 24 
6 1 4 10 20 21 24 
5 9 13 16 20 22 
7 6 7 12 16 18 23 24 
3 1 17 18 
7 2 5 8 9 15 16 17 
7 5 8 12 15 20 23 24 
7 0 3 5 9 14 16 20 
4 8 11 12 16 
9 5 7 9 10 11 15 18 19 22 
6 1 8 9 17 22 23 
8 0 2 5 7 12 13 18 22 
3 9 17 18 
5 10 13 16 20 23 
4 0 9 13 16 
5 6 12 13 21 24 
5 0 5 11 13 17 
4 1 3 6 22 
7 1 2 6 9 15 17 19 
