50:25
7 0 3 14 18 19 23 24 
6 0 5 7 13 14 20 
7 2 6 8 11 18 20 24 
9 1 6 9 12 14 17 19 21 24 
5 5 14 17 20 23 
6 0 6 12 20 23 24 
5 1 5 7 13 22 
5 5 7 15 18 20 
10 0 1 3 4 13 15 17 19 21 24 
10 5 6 9 10 11 12 13 16 19 20 
5 1 7 8 11 24 
6 0 7 9 12 20 24 
6 5 11 15 18 23 24 
8 0 1 4 15 16 21 23 24 
6 3 4 5 6 16 21 
9 2 3 5 8 11 12 15 17 20 
6 6 7 9 14 20 21 
7 3 4 5 15 16 18 19 
7 0 1 2 3 12 21 24 
6 2 5 8 9 13 20 
3 3 18 23 
7 1 2 7 8 12 16 20 
5 11 14 19 21 22 
7 2 8 9 13 15 20 21 
6 1 3 11 12 14 15 
4 2 11 20 21 
4 3 6 16 17 
6 0 4 7 9 11 12 
4 1 5 8 13 
9 1 9 11 12 13 14 16 19 20 
5 10 14 15 18 23 
7 1 2 3 10 20 22 24 
6 3 7 18 20 21 23 
6 0 1 3 5 10 16 
8 2 5 7 8 11 16 20 24 
13 0 1 4 7 8 10 11 13 14 17 18 20 22 
6 3 5 8 11 14 19 
5 4 16 20 21 24 
4 6 9 20 23 
7 0 1 5 6 15 23 24 
5 2 3 10 12 17 
7 1 2 4 6 14 17 22 
5 8 9 10 14 16 
8 7 8 10 11 12 14 20 21 
14 0 3 5 7 11 13 14 15 16 17 18 19 22 24 
10 3 4 8 11 12 13 16 19 20 22 
9 0 2 3 4 5 11 13 16 18 
5 5 8 13 17 22 
7 1 2 5 13 18 19 24 
6 1 4 8 11 17 21 
