50:25
7 0 1 3 7 12 22 23 
6 0 1 14 16 20 21 
4 6 8 10 17 
6 0 1 13 15 18 22 
7 1 7 8 11 16 17 18 
5 4 7 10 14 17 
7 4 13 14 16 17 18 24 
5 0 1 4 16 19 
4 8 12 13 20 
8 3 5 14 15 18 19 22 24 
4 4 8 14 20 
8 0 1 3 4 9 11 18 19 
2 2 11 
3 7 8 21 
9 3 8 10 11 13 14 16 17 18 
5 7 8 15 20 23 
7 2 10 11 16 18 21 22 
7 0 3 10 12 14 16 21 
5 0 4 12 23 24 
6 7 8 10 13 20 22 
4 3 6 12 18 
2 19 20 
7 0 10 11 17 19 22 24 
4 0 15 18 20 
6 1 8 13 14 20 22 
7 4 5 9 16 19 23 24 
5 1 2 14 17 20 
6 5 7 9 12 16 18 
8 4 7 11 12 13 15 18 21 
3 7 22 24 
7 2 4 7 15 16 21 23 
7 0 4 8 10 13 14 22 
3 2 9 23 
4 2 10 17 20 
7 0 2 6 7 13 20 21 
4 7 14 18 24 
4 4 6 18 19 
2 8 21 
5 3 7 8 16 20 
8 1 2 6 9 11 14 22 24 
3 11 16 21 
7 4 6 10 14 15 19 22 
7 0 4 6 8 14 22 23 
11 0 1 2 7 10 11 14 15 17 20 24 
7 7 9 13 15 19 20 23 
5 0 1 5 6 23 
9 0 1 4 7 10 16 18 22 24 
5 9 10 19 21 22 
7 1 2 7 12 15 20 21 
7 5 6 7 9 15 18 24 
