50:50
7 3 6 22 24 38 39 46 
14 1 6 10 15 18 22 23 24 25 35 36 42 43 44 
12 2 4 6 7 11 13 16 20 25 27 39 45 
10 1 2 7 18 22 28 30 31 36 39 
13 1 2 4 6 7 10 13 14 17 22 33 36 43 
10 2 14 16 18 19 22 24 29 33 48 
12 1 3 6 11 12 19 21 24 25 30 45 48 
11 8 10 11 17 21 25 31 33 35 40 47 
11 3 4 7 18 23 24 30 31 44 48 49 
10 9 10 12 16 18 20 22 32 42 47 
9 8 11 26 31 33 34 35 40 47 
13 1 7 9 23 24 29 32 35 38 44 45 46 49 
13 1 5 6 8 13 16 22 24 35 40 42 46 48 
10 2 4 11 20 25 26 29 31 46 48 
14 0 2 9 11 15 19 32 34 38 39 43 44 46 48 
9 2 3 11 12 19 23 36 38 43 
14 7 8 14 16 20 23 24 28 29 32 36 38 40 45 
12 3 14 22 25 28 29 30 33 37 47 48 49 
6 5 9 30 34 37 38 
11 2 14 17 18 19 24 35 40 44 45 47 
15 0 2 5 13 16 20 23 30 33 36 37 38 42 43 48 
13 2 5 9 16 17 19 23 25 31 38 39 48 49 
11 2 4 10 14 22 31 34 35 37 43 47 
18 2 7 8 10 13 14 15 16 18 25 28 32 36 37 39 45 46 47 
11 1 2 3 4 5 11 12 16 33 36 42 
7 2 4 25 33 35 38 48 
12 5 17 18 22 27 28 32 37 38 42 43 44 
12 1 16 17 18 22 23 25 30 32 34 40 46 
9 6 20 26 27 28 31 34 36 37 
9 11 20 29 31 35 36 44 48 49 
8 1 4 8 18 22 25 30 48 
16 0 3 9 13 16 18 20 22 25 26 27 29 37 43 45 47 
14 3 6 24 25 28 29 30 31 36 38 40 41 46 48 
9 0 8 11 15 17 22 25 26 37 
13 2 4 7 9 15 17 21 28 29 30 33 39 43 
12 4 6 9 13 18 27 32 35 37 40 43 45 
11 6 9 19 23 28 29 30 35 40 41 46 
12 2 6 9 12 13 16 19 22 30 36 42 43 
9 7 9 17 25 33 36 40 45 46 
15 0 1 7 10 12 19 24 25 26 30 33 39 43 44 48 
14 5 12 13 17 18 20 21 24 26 30 33 36 37 48 
14 0 4 7 15 25 27 32 33 35 37 44 45 48 49 
5 6 19 20 39 41 
18 1 3 6 7 9 18 26 29 32 34 36 37 40 42 46 47 48 49 
12 1 6 11 17 19 25 26 29 31 32 43 44 
14 1 5 7 10 13 16 20 25 26 31 40 41 43 49 
11 14 15 16 19 20 22 29 32 37 41 46 
20 3 4 5 9 13 20 21 24 27 31 33 34 36 39 41 44 45 46 47 49 
11 7 9 11 14 18 24 35 36 38 40 46 
20 2 3 12 14 15 16 17 18 19 21 22 23 30 37 41 44 45 47 48 49 
