50:25
7 4 7 9 13 14 17 20 
11 3 4 10 11 12 13 14 15 16 18 19 
6 3 5 7 13 15 18 
11 1 2 4 6 7 8 9 13 15 20 22 
9 7 8 9 10 13 14 16 18 19 
6 7 13 15 16 19 22 
7 3 4 5 9 15 21 23 
9 2 5 10 12 14 15 16 17 22 
6 1 3 4 5 12 21 
9 0 3 5 8 10 11 16 17 22 
3 5 9 21 
5 8 11 16 17 21 
6 0 1 6 8 12 18 
4 6 8 10 19 
4 0 1 8 20 
4 1 13 18 19 
6 9 12 16 19 20 23 
4 0 6 8 12 
7 4 8 13 15 18 20 22 
8 8 12 16 18 19 21 22 23 
8 3 4 10 12 14 16 21 22 
5 0 1 4 18 24 
6 8 10 18 20 21 24 
4 1 7 9 16 
5 5 9 11 14 20 
6 6 10 13 17 19 20 
4 7 8 21 22 
5 0 1 2 21 22 
3 19 21 23 
9 1 3 4 8 12 14 18 23 24 
6 2 3 6 9 22 23 
5 6 8 14 19 21 
6 0 6 10 15 16 22 
4 1 4 6 20 
4 5 20 22 24 
13 3 4 5 9 10 11 12 13 15 16 22 23 24 
8 6 9 16 19 20 21 22 23 
8 8 9 10 12 17 18 21 24 
4 2 5 18 19 
8 0 2 5 9 15 18 19 24 
5 1 7 10 16 22 
6 3 12 14 17 18 23 
6 8 11 17 20 22 23 
2 16 22 
4 7 17 18 22 
5 5 9 11 14 19 
6 2 8 14 15 16 21 
5 1 2 8 11 24 
6 4 7 10 15 20 21 
6 5 11 13 14 16 17 
