50:50
26 0 1 2 4 5 8 9 10 11 13 14 15 16 17 19 26 29 31 32 33 34 36 38 45 46 47 
32 0 1 2 4 7 9 10 11 14 16 17 18 20 21 22 23 25 26 28 30 31 32 33 34 35 36 38 40 44 45 46 48 
28 0 1 3 4 5 6 8 14 16 17 19 20 22 23 25 26 27 29 31 33 34 35 38 39 43 46 48 49 
28 0 1 3 4 6 7 9 11 15 16 19 21 22 23 26 27 30 33 35 37 39 41 43 44 45 46 47 49 
22 1 5 7 9 15 19 21 25 28 31 32 35 36 37 38 40 42 43 44 45 47 49 
26 4 5 7 9 12 14 15 16 17 19 20 21 23 24 25 29 30 31 32 35 41 43 44 46 47 48 
21 1 5 7 8 9 11 13 14 15 19 22 23 28 29 34 35 37 42 43 45 47 
28 0 2 5 9 13 14 15 17 18 19 22 24 26 28 29 33 34 35 36 37 39 40 43 44 45 46 48 49 
29 0 1 2 3 4 6 7 8 9 10 11 14 15 16 17 18 19 23 25 28 30 36 37 40 41 43 47 48 49 
28 0 3 4 5 6 8 10 12 13 14 15 17 18 22 23 24 26 28 29 31 32 33 34 35 38 39 48 49 
17 4 8 10 11 12 13 15 18 22 25 33 34 36 37 42 46 48 
28 0 1 4 5 6 10 13 14 16 17 20 22 23 24 26 28 29 30 33 36 39 42 43 44 45 46 47 49 
24 4 5 7 8 9 13 15 16 17 18 27 29 30 32 33 34 35 36 37 40 41 42 46 47 
23 2 4 5 8 10 12 13 17 19 23 25 27 31 32 33 34 36 38 40 43 44 45 47 
26 2 3 5 8 9 11 13 14 17 18 19 20 21 25 26 28 29 30 33 34 40 41 44 46 47 48 
18 2 3 4 8 14 16 20 22 23 29 31 35 38 39 43 44 46 48 
21 5 6 8 9 10 13 17 18 20 25 26 27 31 32 34 35 45 46 47 48 49 
21 0 4 8 10 11 12 15 17 20 22 24 25 29 35 37 40 41 43 45 46 49 
21 0 2 3 8 11 15 19 22 24 25 26 33 34 35 37 39 42 44 45 46 48 
26 0 4 6 7 8 10 11 16 18 19 21 23 25 26 28 29 31 32 34 35 37 40 41 42 45 47 
24 0 2 3 6 7 9 11 16 17 18 19 20 21 22 24 25 28 32 37 38 39 40 45 47 
22 0 1 2 5 8 9 10 11 13 16 21 23 25 30 33 34 37 38 40 43 44 48 
28 0 1 8 9 10 12 13 14 19 20 22 23 25 29 30 32 33 35 36 37 39 41 42 43 44 45 47 49 
29 1 2 4 6 9 10 11 12 14 18 21 23 24 25 26 27 28 29 30 31 32 34 35 37 38 39 41 42 48 
24 0 1 4 5 8 9 12 14 16 18 23 26 27 28 32 34 37 38 41 42 43 44 47 48 
26 1 4 5 8 9 10 11 13 15 18 19 21 22 23 24 25 35 37 39 40 41 42 43 45 46 48 
23 3 7 9 10 12 14 16 17 19 20 21 24 25 26 27 29 30 34 40 42 46 47 49 
34 0 1 2 6 7 8 10 11 13 14 15 18 19 20 21 22 25 26 27 28 30 31 34 36 37 39 40 41 43 44 46 47 48 49 
22 2 4 5 7 10 12 13 14 15 16 19 22 26 30 31 34 38 42 43 47 48 49 
26 0 1 3 6 7 10 12 14 15 17 18 21 24 25 29 30 32 33 34 35 37 40 42 43 44 49 
19 1 2 3 4 7 9 10 13 18 19 20 21 25 26 32 33 39 42 44 
28 0 1 2 5 6 7 10 13 15 16 17 18 23 27 28 30 33 34 36 37 39 40 43 44 45 46 47 49 
28 0 2 6 8 10 11 12 13 17 18 19 20 22 26 27 31 32 33 35 37 39 40 41 42 43 44 46 49 
24 0 1 2 3 8 13 16 19 22 23 24 25 30 31 32 33 36 37 39 40 41 43 48 49 
29 1 2 4 6 7 8 9 10 11 12 13 14 16 18 19 21 24 25 26 27 28 32 35 38 42 43 45 47 48 
22 0 2 4 11 14 19 26 27 29 30 32 34 35 36 37 38 39 40 42 43 47 49 
28 3 4 5 6 10 11 12 13 17 18 20 21 24 25 27 29 30 34 35 36 37 39 41 43 44 45 46 49 
19 1 5 6 7 8 9 13 19 20 26 30 33 34 36 37 42 43 46 49 
24 0 4 6 7 9 10 16 17 18 19 22 23 25 27 29 30 32 34 35 37 39 40 43 49 
21 0 3 7 9 11 16 18 22 23 26 29 31 35 37 39 40 43 44 46 48 49 
26 0 2 4 5 7 8 10 12 13 15 17 22 23 24 27 28 33 36 38 39 41 42 45 46 47 48 
27 1 3 4 7 8 10 14 16 17 18 19 23 25 26 33 35 36 37 38 39 40 41 42 43 44 45 47 
23 3 7 10 11 12 13 15 16 21 22 23 24 25 26 31 36 37 40 41 42 44 48 49 
27 0 1 2 4 7 9 10 11 12 16 17 18 19 20 21 23 26 29 30 36 37 38 42 43 45 46 48 
24 0 1 2 3 5 10 15 18 21 22 24 29 30 31 33 34 36 37 38 39 42 43 46 47 
27 0 1 2 3 4 6 8 9 10 12 14 17 19 25 27 29 30 32 33 34 35 38 39 41 43 44 48 
30 2 5 6 7 8 10 11 17 18 19 21 22 23 24 26 27 29 31 32 33 34 35 36 37 38 42 44 46 47 48 
25 0 2 4 5 6 7 9 13 16 17 20 22 23 24 25 26 28 34 35 41 42 43 45 48 49 
25 1 2 6 7 8 9 12 14 15 17 19 21 24 25 27 28 29 36 40 42 43 46 47 48 49 
23 6 8 9 10 12 14 15 19 20 21 22 24 28 30 31 35 38 40 41 42 44 48 49 
