50:75
23 0 1 11 14 15 16 18 23 24 25 26 30 40 43 47 53 54 56 57 58 64 72 73 
18 3 7 8 14 15 16 26 29 35 36 37 46 47 55 64 67 71 74 
18 1 2 4 8 10 16 20 22 24 34 42 44 53 59 60 65 70 73 
20 7 15 18 21 22 25 26 29 31 34 37 40 42 43 46 55 60 62 63 72 
18 0 1 6 20 21 26 30 33 35 39 41 46 47 52 58 60 68 71 
18 4 17 19 21 22 29 30 31 37 42 44 45 51 55 59 60 70 72 
19 0 5 9 13 17 18 19 20 22 31 32 33 37 41 44 45 58 68 74 
21 3 4 5 8 13 14 20 21 23 24 26 41 44 46 50 56 61 67 68 69 72 
21 0 1 5 6 12 14 15 20 21 22 25 26 28 36 44 55 58 62 69 72 73 
17 3 4 13 15 17 18 22 26 38 39 49 53 55 60 61 69 71 
17 0 4 12 13 26 30 31 40 43 44 49 51 55 66 68 70 71 
17 2 3 5 6 14 21 32 36 37 39 43 45 49 51 66 71 74 
19 0 8 14 18 19 23 24 25 27 33 34 35 39 43 45 51 53 54 69 
21 3 5 6 7 9 11 13 15 20 27 29 33 34 37 40 41 42 49 56 57 71 
15 3 4 7 8 9 13 22 26 29 42 56 59 68 70 72 
15 2 13 17 22 26 30 33 34 37 39 41 47 49 71 73 
28 0 3 4 7 10 13 14 18 25 26 27 29 31 33 37 42 45 46 49 50 54 57 63 65 68 70 71 73 
20 3 16 18 19 21 22 23 24 25 28 33 34 43 44 47 48 57 58 72 74 
23 4 8 11 12 14 15 17 19 29 30 31 32 36 38 43 46 54 59 60 62 68 71 73 
24 12 15 16 17 22 23 24 27 28 29 35 36 39 40 43 45 50 53 54 57 60 61 66 67 
9 2 11 26 28 40 41 47 53 55 
14 1 6 7 8 11 18 20 28 40 41 44 54 63 67 
16 10 17 19 27 34 35 36 38 41 45 51 55 58 60 62 72 
21 6 19 23 26 32 33 43 47 50 51 53 55 56 58 59 60 63 64 67 71 73 
16 12 15 16 27 36 38 40 42 48 49 54 59 62 64 71 72 
17 5 11 13 15 21 22 23 24 26 29 34 41 48 54 57 62 63 
22 0 1 4 7 8 9 10 17 21 30 38 42 50 51 54 56 63 64 66 68 69 74 
20 0 7 9 10 14 23 26 28 29 36 47 48 52 54 55 56 57 60 66 67 
10 2 9 13 22 35 47 48 53 63 73 
14 5 14 23 24 25 28 38 40 42 48 63 64 65 67 
23 1 5 9 11 13 14 21 25 34 35 36 37 40 46 48 49 50 52 61 65 67 68 74 
24 0 1 2 5 7 13 15 18 21 31 32 36 46 47 49 54 56 61 64 67 69 71 73 74 
22 2 13 20 23 27 28 30 32 33 37 38 39 50 55 56 57 58 59 61 62 63 70 
19 0 1 7 9 12 20 21 23 29 32 36 45 47 51 53 56 67 71 73 
18 2 6 15 17 18 20 21 23 29 34 38 44 47 53 58 66 68 73 
20 2 7 10 11 14 18 19 30 35 36 44 46 50 51 52 55 60 61 62 73 
22 1 5 8 9 11 13 14 17 19 22 24 28 35 38 42 45 46 47 57 58 66 69 
20 2 4 5 11 16 22 25 28 30 32 37 38 40 42 49 52 54 60 67 70 
18 2 3 17 18 20 28 30 33 41 45 46 47 57 60 63 65 67 70 
21 0 3 5 7 12 13 24 25 27 36 39 40 43 44 46 48 51 52 59 63 68 
18 3 9 14 19 20 22 24 30 32 36 37 40 41 45 55 60 63 74 
20 3 10 14 15 19 20 21 22 27 28 29 41 42 45 51 66 67 68 69 73 
25 0 1 2 4 7 15 18 23 24 31 32 33 34 35 36 41 43 47 53 57 60 63 65 71 73 
15 0 1 5 9 10 31 35 38 41 47 52 54 60 69 70 
21 5 7 9 10 14 27 32 37 40 41 43 49 52 55 58 61 62 63 71 72 74 
20 1 7 11 13 15 32 37 41 44 47 48 50 57 60 63 64 65 69 70 72 
17 8 9 13 16 17 21 23 25 34 38 41 52 54 59 67 70 71 
21 1 5 8 12 13 15 19 24 27 35 36 42 48 50 54 59 60 62 68 70 73 
19 5 6 9 13 19 22 24 30 31 34 37 38 39 40 57 62 64 65 72 
21 2 3 7 9 13 14 24 30 33 38 42 45 46 58 59 61 63 66 69 71 72 
