50:50
11 12 17 18 23 33 35 37 39 41 42 46 
22 0 3 8 9 10 14 19 21 22 25 26 30 31 32 34 35 38 40 41 43 45 49 
14 4 5 7 16 19 29 33 34 36 39 40 44 47 49 
10 1 10 16 18 24 29 31 32 37 39 
12 1 7 9 15 16 17 18 20 21 28 43 46 
10 4 5 13 21 28 29 34 35 39 46 
10 3 4 5 14 26 30 42 45 47 48 
8 3 5 18 22 31 40 43 48 
8 2 4 16 31 36 41 43 48 
15 1 5 7 11 13 20 22 30 31 34 35 37 38 44 45 
15 5 7 13 14 16 20 22 33 35 36 38 40 42 47 49 
10 1 5 6 17 26 29 31 33 35 46 
19 1 3 4 5 9 12 16 17 22 23 25 29 37 40 43 44 45 46 47 
11 0 1 2 7 10 14 26 28 37 39 46 
12 0 3 6 8 9 10 15 18 22 29 33 48 
10 4 5 18 21 32 36 38 44 45 48 
13 0 4 5 6 11 12 13 32 39 42 43 45 48 
11 0 5 16 17 24 31 40 42 44 47 48 
10 5 6 12 13 22 25 28 29 31 49 
12 2 11 13 17 21 23 29 35 39 42 44 46 
8 14 30 34 35 39 44 48 49 
13 11 13 16 18 19 20 26 27 31 33 43 45 48 
11 5 7 8 19 21 24 28 36 38 39 46 
16 6 7 11 12 20 21 28 31 35 39 40 41 42 45 46 48 
13 1 3 4 17 24 27 31 32 34 35 39 41 43 
22 0 5 6 8 10 13 14 17 19 22 23 24 25 30 31 33 35 36 37 42 43 49 
11 7 14 17 21 24 28 29 34 40 44 46 
15 0 3 6 14 15 16 22 25 26 28 35 36 41 42 45 
13 0 1 5 7 17 22 26 29 30 35 38 42 45 
11 1 4 7 10 24 27 29 32 43 45 48 
12 3 6 7 10 14 17 19 29 33 39 41 43 
11 3 5 7 10 12 26 30 31 37 41 44 
13 3 9 13 22 25 29 37 39 41 44 46 47 48 
13 0 2 5 15 18 19 22 24 27 30 32 45 48 
16 1 2 5 6 7 8 11 16 22 23 25 35 36 39 44 49 
12 0 3 6 9 10 15 19 20 30 38 45 48 
12 2 12 14 16 21 23 27 31 32 42 44 47 
13 3 4 10 12 13 16 23 24 25 28 29 33 47 
12 1 4 14 15 19 20 23 24 27 32 34 47 
10 3 6 17 21 22 26 38 42 43 48 
12 0 3 8 22 27 36 37 40 41 42 44 49 
13 8 11 12 14 16 17 27 28 29 30 40 44 46 
12 4 6 9 18 21 23 28 35 44 45 46 49 
17 2 6 7 11 18 20 22 24 25 27 28 32 34 42 44 47 48 
15 2 4 5 7 13 14 17 25 35 38 39 40 41 44 48 
12 2 10 14 16 21 30 34 38 39 41 44 47 
9 9 10 13 15 22 26 30 39 49 
19 0 5 9 12 13 16 17 20 26 34 35 38 39 40 43 44 45 46 47 
8 29 30 34 37 43 44 47 49 
16 0 5 11 12 17 20 21 24 25 28 31 34 38 40 43 47 
