50:75
41 0 1 2 4 5 7 9 13 16 18 19 20 21 22 26 28 30 33 34 35 41 42 44 46 48 53 54 55 56 58 59 60 61 62 63 65 69 70 72 73 74 
33 4 5 11 13 14 15 18 19 20 21 24 28 30 31 40 41 42 43 45 46 48 53 54 55 56 57 60 63 67 69 70 73 74 
32 2 3 7 9 15 16 18 19 20 21 22 28 31 32 33 35 38 42 43 45 52 56 57 58 60 61 62 64 68 69 71 73 
39 1 2 3 5 6 8 9 10 13 14 17 19 22 23 25 26 27 28 29 32 33 34 43 44 45 50 51 52 53 55 56 59 62 63 65 66 67 70 72 
41 1 9 10 11 12 17 20 21 22 27 28 30 32 33 34 37 38 40 42 46 47 48 49 50 52 53 54 56 57 58 59 60 61 62 63 65 67 69 70 73 74 
41 0 1 4 6 10 13 14 15 16 17 18 20 22 23 24 25 28 30 32 35 37 38 40 41 43 46 47 49 51 52 53 54 55 57 58 61 64 66 67 72 73 
42 2 3 9 10 11 13 14 16 19 20 21 23 25 26 28 31 32 34 35 36 37 38 39 41 42 43 46 47 48 50 51 53 56 57 58 61 62 65 66 67 69 71 
34 1 2 6 7 9 10 11 12 13 15 18 19 23 27 29 30 31 33 39 40 47 49 51 54 55 59 60 63 65 68 70 71 72 74 
34 0 4 6 7 11 16 17 18 19 20 22 24 28 31 32 36 37 40 44 45 47 55 57 60 62 64 66 67 68 69 70 72 73 74 
36 0 2 4 6 7 13 15 17 18 19 20 21 24 25 28 30 32 33 34 36 39 40 46 47 49 54 57 59 60 61 63 65 66 69 71 74 
40 1 2 4 7 8 9 11 12 14 15 17 18 19 21 22 25 29 35 37 38 42 45 46 47 48 49 51 52 56 58 59 60 61 64 65 66 68 69 71 72 
33 1 3 8 9 13 14 16 18 19 21 22 26 29 32 33 36 37 41 42 43 47 48 50 52 54 55 61 62 63 67 68 72 73 
45 3 4 8 9 10 11 12 13 16 17 19 20 22 23 26 27 28 29 30 31 32 33 34 35 38 40 43 48 50 51 52 53 56 57 58 59 60 62 65 66 68 70 71 72 73 
37 0 1 3 4 5 6 8 10 13 14 18 20 25 26 27 32 35 37 38 43 44 46 51 52 54 55 58 60 61 62 63 65 68 69 70 71 73 
37 1 6 14 15 17 19 20 21 22 25 26 28 29 30 32 33 35 38 41 42 45 46 47 51 52 53 54 57 58 64 65 66 68 69 70 71 72 
42 1 3 4 6 7 9 10 15 16 19 21 22 24 26 27 29 30 32 34 35 37 40 41 42 43 44 45 46 47 49 52 53 54 62 63 65 67 69 70 71 73 74 
41 1 3 4 5 6 8 9 10 11 12 18 20 22 24 27 28 29 31 32 33 36 38 40 43 45 47 48 49 53 54 55 57 58 59 62 63 64 65 67 69 70 
32 1 4 8 10 16 18 19 20 21 24 27 29 31 32 34 36 38 41 43 46 47 48 50 54 55 58 60 61 63 67 69 70 
39 1 2 7 13 14 15 16 17 23 26 27 28 29 30 31 32 33 35 36 39 41 42 43 45 46 48 49 51 52 53 54 56 59 60 64 65 67 68 69 
38 0 2 3 4 5 7 8 11 15 19 21 23 25 27 29 30 31 32 33 34 35 38 39 41 45 47 50 52 53 58 59 62 64 68 69 70 72 74 
40 1 2 3 4 5 8 11 12 13 16 17 18 20 23 25 28 30 31 33 34 35 38 42 43 44 47 48 50 51 53 56 58 60 63 64 65 66 68 69 72 
37 0 7 8 10 12 14 18 22 23 25 28 30 32 34 35 42 44 46 47 48 51 52 54 55 56 57 60 61 62 63 64 65 68 69 70 71 74 
34 0 1 3 5 10 11 13 16 21 23 24 27 29 32 33 39 42 44 45 46 48 53 54 55 56 61 62 63 64 65 66 70 71 74 
39 2 3 12 14 17 18 19 21 22 23 24 25 28 29 32 34 35 38 39 41 45 47 48 51 52 53 55 56 57 58 62 63 65 66 67 68 69 70 73 
47 0 1 2 5 6 8 9 10 11 14 16 17 19 21 24 25 26 27 31 32 33 36 37 39 41 44 45 46 47 48 49 51 52 54 55 57 59 60 62 63 65 66 67 69 71 73 74 
42 1 2 3 6 11 12 13 16 17 18 20 21 26 27 28 29 31 34 36 37 38 39 41 42 43 44 45 50 51 52 55 59 60 61 62 63 64 68 69 71 72 73 
40 2 3 4 5 7 10 12 13 16 18 21 22 24 28 30 32 34 36 37 38 41 43 44 45 50 55 56 57 58 59 61 62 63 64 67 69 71 72 73 74 
32 0 2 3 6 10 12 13 16 17 18 20 24 26 30 31 33 34 35 36 41 51 52 53 57 59 60 65 66 71 72 73 74 
35 3 5 7 9 13 14 15 16 17 19 20 22 23 25 28 29 30 34 36 37 40 43 46 47 49 51 52 53 54 56 64 68 69 70 72 
35 0 6 8 14 17 18 19 21 22 23 25 27 29 32 33 34 36 38 39 40 41 42 43 47 49 51 54 55 56 58 60 64 66 67 72 
41 1 3 4 6 9 10 13 16 17 18 19 21 22 25 27 28 29 30 31 37 38 39 40 41 44 46 48 53 55 56 57 58 60 61 62 64 68 70 71 72 74 
38 3 5 6 7 9 14 15 16 17 19 20 23 26 28 29 30 35 39 40 41 42 44 45 46 53 54 55 56 57 58 59 60 61 63 66 70 72 73 
42 0 4 7 8 9 10 11 12 13 14 15 18 22 23 26 27 28 29 30 32 35 37 38 40 41 42 43 49 50 51 52 54 56 57 58 61 62 64 69 71 72 73 
32 0 1 9 13 14 15 17 21 24 27 31 33 38 40 46 48 51 52 53 55 56 57 58 59 60 62 63 64 67 68 71 74 
36 1 4 6 10 14 17 19 20 21 24 25 26 28 32 33 34 37 38 39 42 44 46 51 55 56 57 59 60 61 65 66 67 69 72 73 74 
42 0 2 3 5 6 7 10 11 13 14 15 17 18 19 20 21 22 23 26 32 33 34 35 36 37 38 39 41 42 45 47 50 52 53 54 56 59 60 61 64 68 69 
46 0 1 2 3 4 5 8 9 10 11 12 13 15 16 17 18 21 23 24 25 26 27 29 32 33 34 35 38 42 46 47 48 50 51 54 55 56 57 58 60 61 62 64 66 68 72 
44 0 2 3 6 8 9 10 12 15 16 19 20 21 22 23 24 27 30 32 33 34 35 36 38 41 42 43 44 46 47 51 52 54 55 56 59 62 64 65 68 69 70 72 74 
36 3 4 7 9 15 16 18 20 26 28 30 32 34 36 38 39 40 42 44 46 47 48 49 50 52 54 55 59 63 65 67 69 70 71 73 74 
36 0 2 4 5 10 13 14 17 20 23 25 26 28 31 36 40 41 42 44 47 48 49 50 51 53 54 55 56 59 60 61 64 67 68 70 73 
40 1 2 3 4 5 6 7 9 10 11 12 13 17 18 22 29 30 32 33 35 38 39 43 44 45 50 51 54 55 57 59 61 63 64 65 66 67 68 73 74 
34 4 8 10 12 16 19 20 21 23 24 25 27 28 30 32 33 39 40 44 48 49 52 53 55 61 63 64 66 67 68 70 71 73 74 
45 0 1 7 8 9 10 12 13 14 15 17 18 20 26 27 28 30 31 33 34 35 37 39 40 43 46 48 49 50 53 54 56 59 60 61 63 64 65 67 68 69 70 71 72 73 
38 0 1 2 4 5 6 7 8 10 13 15 16 22 23 24 25 26 29 30 32 33 39 40 41 42 43 44 46 50 55 56 57 61 63 65 67 71 74 
41 0 3 5 7 8 9 10 11 12 13 14 15 16 17 19 22 23 27 33 35 39 43 44 47 49 50 51 52 53 55 57 58 59 60 61 62 64 65 66 73 74 
37 1 5 6 7 9 12 13 14 17 21 22 23 25 26 27 33 34 36 37 38 41 47 48 49 50 53 54 55 56 60 61 63 66 68 69 71 73 
40 0 1 2 7 8 12 13 15 20 21 22 23 25 28 29 31 33 35 36 37 38 40 42 43 44 45 46 51 52 55 56 58 59 64 65 69 70 71 72 74 
29 0 7 8 9 13 16 18 29 30 33 35 37 38 39 41 43 45 46 47 50 52 56 57 63 65 69 70 71 74 
40 0 1 4 5 7 9 14 16 17 18 20 24 25 27 31 33 34 39 40 41 43 44 45 47 48 49 50 51 53 54 56 57 58 59 63 64 66 70 73 74 
36 1 3 7 10 15 16 20 23 24 26 27 29 30 33 36 40 41 42 43 45 46 47 48 49 51 52 54 56 59 60 61 63 68 69 70 72 
