50:75
28 2 7 10 11 12 13 15 20 23 24 25 26 29 30 32 34 36 38 40 41 42 45 46 47 51 63 71 72 
42 1 2 4 7 12 13 14 15 16 17 19 22 24 26 27 29 30 32 33 34 35 36 37 41 42 43 49 50 52 53 54 55 56 59 60 63 64 65 69 70 72 74 
32 0 5 6 7 8 11 14 15 18 20 24 26 27 28 29 30 35 40 41 42 43 44 45 48 52 53 54 56 62 63 69 71 
41 1 2 5 6 11 12 14 16 17 18 21 22 23 24 25 26 27 28 30 31 32 33 35 39 40 43 44 46 50 53 54 55 57 58 60 61 65 66 67 68 73 
45 0 1 2 4 9 10 11 13 15 17 18 19 22 23 25 26 27 29 30 31 36 39 41 42 43 44 45 48 49 50 53 54 55 57 58 59 63 64 66 68 69 70 71 72 74 
34 2 3 5 7 9 11 13 15 17 19 20 21 22 26 30 31 32 33 37 38 39 40 45 46 48 53 55 60 63 64 67 68 69 73 
38 1 3 4 5 6 7 8 9 11 12 13 14 17 21 26 27 29 33 37 40 42 46 47 48 50 52 53 55 56 57 58 60 61 64 67 71 72 73 
37 0 6 8 9 11 16 18 20 23 24 25 27 29 31 34 37 41 42 43 44 47 48 51 54 56 57 58 60 61 62 63 64 65 68 70 72 74 
37 0 1 3 4 6 7 8 14 16 19 22 23 28 29 30 31 32 34 36 38 39 40 42 44 46 48 55 58 59 61 62 63 64 67 68 73 74 
33 0 6 8 9 12 13 14 15 16 17 18 21 24 27 28 29 30 31 33 37 38 39 41 48 49 53 55 58 62 63 65 66 68 
39 0 3 8 9 13 17 18 19 21 25 28 29 30 32 34 35 37 39 40 41 43 44 45 46 47 48 49 51 53 55 56 57 58 61 62 64 72 73 74 
38 2 4 6 7 9 10 14 15 17 19 20 21 22 23 25 28 29 33 35 36 38 40 46 47 51 52 53 54 55 56 57 60 62 63 64 66 67 73 
46 0 2 5 7 8 11 12 14 16 18 21 22 23 25 29 30 31 32 33 34 35 38 41 42 43 44 45 46 47 48 49 50 51 52 53 56 57 59 62 64 67 68 69 71 73 74 
32 3 4 6 7 13 15 17 21 25 29 30 31 38 41 42 44 47 48 49 50 51 52 54 56 57 60 62 63 67 72 73 74 
43 1 6 7 8 9 10 12 15 16 17 18 19 20 21 23 24 26 29 31 32 34 35 37 38 40 44 45 47 50 52 53 54 55 56 57 58 60 61 62 65 67 69 71 
43 0 3 7 9 11 12 14 15 16 17 18 19 20 23 26 27 29 30 32 34 36 38 39 40 42 43 48 49 52 57 58 59 60 61 62 65 66 67 68 69 70 71 72 
32 4 9 12 13 15 19 22 23 24 27 28 30 32 37 38 42 45 46 47 48 50 54 58 60 62 65 66 67 68 71 72 73 
41 0 1 4 6 7 8 9 10 11 13 14 15 19 20 23 24 25 26 27 30 33 35 38 39 42 43 45 46 47 48 49 51 53 55 57 59 62 69 70 71 73 
41 2 3 5 7 8 9 11 13 18 20 22 23 24 25 26 28 29 30 32 34 35 38 39 40 41 42 44 45 47 51 54 56 58 60 63 64 66 67 69 70 72 
28 8 13 14 16 17 18 20 21 25 30 31 34 35 36 46 47 51 55 61 63 64 65 66 67 68 70 72 74 
35 0 1 2 4 7 8 10 12 13 21 23 24 26 31 32 33 35 39 40 41 42 44 48 50 51 53 54 58 59 60 61 64 67 68 74 
31 1 5 10 15 17 19 21 22 23 25 27 30 32 33 34 36 37 39 40 44 47 48 56 60 61 63 64 66 70 71 72 
39 5 6 8 9 10 12 13 15 16 20 21 23 24 26 29 30 33 34 36 38 42 45 46 47 51 52 53 54 55 57 61 62 63 66 68 69 70 71 72 
37 2 9 10 11 12 14 16 18 20 21 23 24 25 26 27 28 29 30 31 33 34 36 42 45 47 48 49 50 51 52 54 55 56 61 65 66 74 
33 0 1 4 8 13 14 16 20 23 25 27 28 30 33 34 35 36 40 41 42 43 48 50 51 52 53 57 58 62 67 68 69 74 
38 1 2 7 8 9 14 18 19 22 24 25 27 28 30 31 32 33 37 41 44 45 46 49 50 51 52 53 54 55 58 59 60 62 63 66 68 72 74 
39 0 3 6 8 9 11 12 15 16 17 18 20 23 25 28 32 33 36 39 40 43 44 46 47 48 52 53 55 57 59 61 63 66 67 68 70 72 73 74 
34 4 5 9 10 14 21 28 29 32 33 35 36 37 38 40 41 42 43 46 47 50 51 52 53 55 56 59 60 61 63 64 65 67 70 
42 3 4 6 7 8 10 11 13 16 19 20 24 25 27 28 30 32 33 34 35 36 37 39 41 42 43 44 45 46 47 48 51 55 56 58 59 61 62 65 66 73 74 
41 2 3 5 7 10 14 15 16 18 19 20 22 32 33 34 35 36 38 39 40 41 42 43 44 45 46 51 52 54 55 61 62 63 65 66 67 68 69 70 72 73 
36 0 5 9 12 16 17 18 19 22 26 28 32 33 35 37 38 43 45 48 49 51 53 54 56 57 58 59 63 64 65 66 67 69 71 72 74 
37 1 2 5 8 13 14 15 16 17 19 21 23 25 26 30 33 34 35 38 39 42 44 46 47 53 59 60 63 64 65 66 67 68 70 71 73 74 
34 2 6 10 12 14 16 17 18 20 22 27 28 29 30 32 33 35 36 37 39 43 45 47 48 49 51 52 55 58 60 63 65 66 67 
49 0 5 6 7 8 9 10 11 17 18 19 20 23 24 25 26 27 28 30 32 34 35 36 38 39 41 44 45 46 47 48 49 50 51 54 55 56 58 59 60 61 62 63 64 65 66 67 70 71 
39 5 6 7 8 9 11 12 13 14 16 21 22 26 27 29 30 33 34 36 39 41 42 43 46 49 50 51 52 54 55 56 57 58 59 61 64 65 71 73 
34 1 3 7 8 9 10 11 14 18 19 20 24 25 28 29 30 33 35 39 41 42 45 46 47 48 51 53 56 62 63 65 69 72 74 
38 0 1 4 6 7 8 10 11 15 17 20 23 25 27 28 32 33 34 36 39 40 41 42 43 45 49 50 52 53 54 56 57 58 62 63 64 67 70 
28 1 3 5 8 11 22 24 25 26 29 32 34 38 39 41 45 46 49 50 51 54 57 64 69 71 72 73 74 
41 0 6 7 8 10 11 16 17 19 20 21 22 23 24 25 29 32 33 36 39 45 46 49 50 51 52 53 54 55 57 58 59 60 62 63 64 65 66 67 68 73 
41 0 2 3 4 5 6 7 8 10 12 14 16 18 19 20 25 26 30 32 33 36 37 38 40 44 47 51 52 53 55 56 57 59 62 63 65 67 68 70 72 74 
39 0 3 4 6 8 9 10 11 13 17 20 21 23 24 25 26 27 29 30 31 33 34 35 41 43 44 45 46 47 49 50 52 54 61 64 65 70 71 73 
41 0 1 2 3 4 6 14 15 16 18 19 21 22 26 27 29 30 33 34 36 37 40 43 44 45 46 49 51 54 55 56 57 59 60 62 63 64 65 67 69 70 
42 0 2 4 6 8 12 14 15 16 18 19 22 23 24 26 27 33 34 35 37 39 40 43 49 50 51 53 55 58 59 61 62 63 64 65 66 67 69 70 71 72 73 
36 2 3 4 13 15 16 18 19 20 21 23 24 25 26 27 28 31 32 33 34 37 41 42 45 48 50 51 52 53 55 57 63 65 68 70 71 
41 1 3 4 5 11 12 15 16 17 18 19 20 22 23 24 25 26 28 29 32 33 34 39 41 42 44 45 46 48 50 57 58 60 61 62 64 65 68 69 70 73 
37 0 1 2 8 9 10 11 12 16 21 24 27 29 35 36 38 40 41 42 43 48 51 53 54 55 56 58 59 60 62 64 66 68 69 71 72 74 
39 0 1 3 5 6 7 8 9 10 11 13 16 17 18 24 25 26 28 29 34 36 37 41 42 43 44 46 49 52 54 55 59 65 66 67 68 69 72 74 
35 2 7 9 11 13 14 15 16 18 19 21 22 24 27 32 33 37 38 40 43 45 46 47 48 50 55 56 59 60 61 64 65 68 72 74 
40 0 2 3 5 7 9 10 11 12 15 16 18 24 25 26 32 33 34 36 38 39 40 42 44 45 46 49 50 51 52 53 54 55 56 57 58 62 64 69 70 
37 0 4 5 6 9 12 15 19 20 21 22 23 25 26 32 33 38 39 41 42 43 44 45 46 48 50 51 52 54 55 60 63 64 65 66 69 70 
