50:50
17 4 5 6 10 15 17 18 19 22 24 27 28 32 34 38 41 49 
12 4 6 8 10 11 13 15 23 31 33 36 47 
12 1 5 6 10 14 22 23 28 33 35 44 48 
12 13 14 22 23 27 31 33 38 39 42 45 49 
10 16 17 19 20 23 37 38 44 46 47 
13 0 5 6 8 10 11 29 31 32 35 36 39 42 
20 1 2 4 6 9 11 12 14 17 20 23 25 26 28 36 38 42 45 47 48 
17 0 1 14 20 23 26 27 28 30 31 37 38 41 43 45 46 47 
11 5 8 10 20 29 30 35 41 43 47 48 
18 1 4 7 8 9 10 11 12 16 19 22 36 39 41 42 44 47 49 
13 0 3 10 11 12 18 22 23 24 25 29 36 48 
10 20 22 24 26 27 29 30 36 40 41 
13 6 9 11 13 15 16 20 25 33 34 43 46 48 
13 2 5 7 12 21 22 24 28 29 31 37 46 48 
10 0 2 4 5 10 12 19 36 42 48 
10 3 5 8 16 20 28 36 39 46 47 
7 2 18 19 32 35 37 43 
11 1 4 9 17 26 28 33 38 40 44 49 
12 5 8 10 15 17 18 21 22 24 25 26 42 
13 2 13 14 22 24 27 28 29 33 35 39 40 41 
11 4 6 15 24 28 29 39 40 41 42 46 
13 2 6 10 15 20 23 26 27 33 37 39 42 44 
11 0 9 13 20 27 29 37 40 41 44 46 
13 3 4 6 8 14 17 21 26 27 31 38 40 41 
13 1 10 19 22 24 33 35 39 40 45 47 48 49 
10 0 8 14 15 22 23 30 44 48 49 
13 0 4 5 8 9 11 19 24 29 31 38 40 46 
15 2 5 13 14 16 19 22 30 31 33 37 39 44 47 49 
10 5 19 20 21 22 27 30 38 42 49 
12 2 6 8 10 11 13 14 22 24 25 29 40 
7 0 8 9 13 30 38 47 
12 5 6 8 10 14 15 18 22 26 31 45 47 
9 1 5 8 17 21 31 39 42 43 
11 5 13 14 17 19 20 22 23 25 30 32 
10 4 5 6 10 13 18 19 41 43 44 
11 0 4 6 9 11 13 21 24 32 33 35 
14 0 6 11 14 18 19 20 26 33 36 40 41 47 49 
13 2 9 11 15 20 24 25 27 28 34 35 36 38 
14 3 4 6 10 14 22 24 27 28 33 37 42 44 46 
12 4 12 13 17 18 26 27 28 29 33 40 45 
7 3 19 27 29 36 41 48 
8 0 1 9 11 19 38 47 49 
10 7 14 20 21 34 40 42 44 45 46 
16 3 5 12 14 15 16 20 22 23 24 25 26 40 41 45 49 
9 2 5 9 19 25 34 40 41 48 
11 6 9 10 14 17 25 26 29 32 39 46 
15 1 3 6 11 14 24 28 29 30 32 34 37 38 40 41 
14 3 9 11 12 15 16 19 24 25 26 30 32 38 46 
13 0 5 10 13 16 20 21 24 27 32 43 47 49 
15 3 4 7 17 20 22 24 25 28 29 35 38 40 46 47 
