50:25
11 3 6 9 10 11 12 13 14 19 20 24 
11 0 4 5 7 9 12 13 15 19 23 24 
9 5 6 7 9 11 14 19 21 23 
14 1 2 6 8 9 10 11 12 13 14 18 21 22 24 
14 1 2 3 5 9 10 11 14 15 19 21 22 23 24 
14 0 1 6 7 9 11 12 13 16 18 19 20 21 22 
12 0 2 4 7 8 9 10 13 19 20 21 23 
17 2 4 5 6 7 8 9 10 12 14 18 19 20 21 22 23 24 
10 0 2 5 7 8 12 15 21 22 23 
15 0 3 4 8 9 10 11 12 16 17 19 20 21 22 24 
14 1 2 6 8 9 11 13 14 15 17 18 20 21 24 
10 7 8 9 10 11 12 19 21 22 23 
9 4 5 6 9 15 21 22 23 24 
11 2 4 5 9 11 12 14 16 19 21 22 
16 1 2 3 4 5 7 10 12 13 15 16 17 20 22 23 24 
9 2 4 5 6 8 10 13 15 22 
15 1 2 3 4 8 10 11 13 16 17 18 19 21 22 24 
15 0 1 2 3 6 8 11 12 14 15 16 18 19 20 22 
14 2 4 5 7 8 9 10 11 12 18 20 21 23 24 
10 0 2 6 7 9 10 11 12 15 21 
17 0 1 2 3 4 6 11 12 14 15 16 17 18 19 20 21 23 
14 2 3 4 5 7 11 12 14 15 16 18 21 22 23 
16 0 1 2 3 4 5 7 8 9 14 16 17 19 20 22 24 
12 0 3 4 5 7 8 11 13 15 17 18 19 
15 0 1 3 4 6 7 10 12 14 15 16 18 19 22 23 
12 0 3 6 10 13 14 16 17 18 22 23 24 
9 1 4 6 11 13 14 18 21 22 
14 2 3 4 5 7 8 13 16 17 18 19 20 22 24 
13 1 4 5 7 9 10 12 13 14 17 19 21 22 
9 4 5 10 11 12 13 15 18 21 
12 1 2 3 4 6 10 13 14 15 20 21 24 
14 0 1 3 4 6 9 12 13 14 15 18 20 21 22 
13 0 1 5 6 7 8 9 12 13 14 18 19 23 
17 2 4 5 6 7 8 9 10 16 17 18 19 20 21 22 23 24 
13 0 4 6 9 10 11 13 14 18 20 21 23 24 
9 0 3 6 9 12 13 16 18 24 
17 0 1 2 3 6 7 8 10 11 12 15 16 17 20 21 22 24 
13 0 2 4 5 6 9 10 11 15 18 19 23 24 
13 1 3 5 6 9 10 11 12 17 18 19 22 24 
14 0 1 3 4 5 6 7 8 9 10 11 18 22 24 
10 4 6 11 13 14 15 16 19 21 24 
16 0 1 2 4 5 8 9 10 11 14 15 16 17 19 21 23 
11 1 5 10 11 12 14 18 21 22 23 24 
15 0 2 4 5 9 10 11 12 13 16 18 19 20 22 24 
9 4 5 6 7 9 10 13 14 16 
9 5 9 12 14 15 16 19 20 24 
12 0 2 4 7 12 13 14 15 16 17 20 23 
9 1 4 8 9 12 17 19 22 24 
14 1 2 4 5 7 9 13 15 16 18 19 20 21 22 
11 0 5 9 12 13 15 16 18 20 21 23 
