50:75
17 0 3 7 12 16 25 26 34 35 36 38 42 47 52 68 69 72 
18 4 13 29 36 37 44 48 50 51 52 56 57 58 62 64 67 70 71 
15 1 4 7 16 25 30 33 37 54 56 61 65 67 68 69 
15 2 6 12 24 25 30 34 36 40 43 46 51 60 64 71 
17 4 7 8 10 15 23 25 29 37 38 39 43 46 55 60 64 72 
18 3 9 17 20 23 24 25 26 28 29 34 36 40 43 51 53 54 58 
17 2 8 10 21 22 23 30 32 33 37 39 47 48 59 60 63 66 
21 5 6 7 11 26 31 33 35 39 42 43 44 45 49 53 56 58 67 69 70 71 
21 0 2 5 6 8 17 18 24 26 28 31 32 37 42 43 44 56 58 69 71 74 
18 1 5 6 7 11 14 20 21 27 29 30 35 39 42 45 57 59 68 
13 3 5 13 20 28 39 55 59 67 68 70 71 73 
19 4 7 11 17 19 26 29 30 33 43 44 47 50 56 58 69 70 73 74 
13 6 14 18 19 24 28 46 48 49 51 62 73 74 
26 0 2 4 7 8 12 17 22 23 25 33 37 38 44 45 46 47 52 53 54 56 65 67 68 71 73 
16 2 8 11 13 19 23 29 31 37 44 49 58 63 65 66 71 
17 3 6 8 10 15 24 26 27 30 36 47 50 53 54 60 71 72 
18 4 20 22 30 31 32 38 40 41 46 47 48 51 52 59 63 65 74 
21 2 5 7 8 11 12 15 25 28 34 39 42 43 44 46 51 52 55 57 61 63 
18 0 7 9 14 17 20 24 29 30 36 42 43 45 46 50 54 62 74 
21 0 2 4 14 21 22 26 28 31 37 38 44 45 51 54 55 61 62 70 73 74 
17 1 2 6 10 24 34 40 42 51 53 56 61 64 68 72 73 74 
16 6 10 13 37 38 41 42 43 49 53 57 59 64 71 72 74 
22 3 7 8 10 11 12 13 18 25 26 33 37 44 52 53 54 58 65 67 69 71 74 
12 7 16 17 28 37 38 42 44 57 59 60 62 
20 0 5 19 21 24 26 30 31 41 42 43 45 47 50 51 52 58 65 69 72 
13 6 8 10 13 17 24 26 29 35 39 62 68 73 
21 0 3 5 9 10 17 19 21 33 36 37 42 43 47 50 52 53 58 59 70 71 
18 0 2 3 4 7 8 12 13 17 21 27 29 42 43 44 47 51 67 
20 1 2 6 12 15 19 21 25 26 32 40 41 42 43 46 47 50 52 59 62 
22 0 2 5 8 9 10 11 19 20 22 24 31 33 36 39 47 50 53 54 60 65 70 
25 1 7 8 11 13 16 19 20 25 29 30 31 33 38 48 51 54 57 58 61 62 64 68 70 72 
24 2 8 10 12 13 15 18 22 24 28 32 33 39 45 54 58 59 60 64 66 67 71 72 73 
21 1 3 4 18 21 26 29 30 33 37 38 42 44 46 49 54 55 57 60 61 64 
24 5 6 7 10 13 16 21 26 27 28 34 35 36 42 43 46 48 50 60 65 69 70 71 74 
20 5 8 9 12 15 19 23 24 25 31 39 40 42 44 59 61 62 70 73 74 
13 4 6 8 13 16 22 33 46 52 55 63 71 73 
24 2 4 5 9 10 13 18 19 21 28 33 36 37 40 43 45 48 56 59 63 65 70 72 73 
23 1 4 11 16 19 20 22 24 26 29 30 34 36 41 50 51 52 53 55 69 70 73 74 
22 0 2 3 6 9 16 20 24 27 31 34 35 41 50 51 52 55 62 64 65 67 71 
18 0 5 8 16 24 33 36 40 41 50 53 55 57 59 61 62 68 71 
11 9 22 23 28 29 38 43 51 57 65 67 
22 2 4 7 12 16 17 18 21 27 28 29 37 39 42 48 50 54 63 65 70 71 73 
16 1 3 4 6 13 14 15 21 35 40 41 54 61 64 65 74 
17 4 19 20 21 25 26 29 34 35 47 49 50 52 56 62 65 70 
18 2 10 25 26 32 34 35 36 37 42 45 49 52 53 56 58 66 67 
23 6 8 9 13 15 26 29 31 32 33 36 38 39 45 46 53 55 58 60 63 68 69 73 
23 4 6 10 13 16 17 23 27 28 32 40 41 44 45 48 52 53 57 59 60 63 65 73 
17 1 6 12 14 15 19 20 23 29 34 39 41 46 48 63 64 74 
20 1 2 5 13 14 29 30 32 37 40 41 42 47 50 55 58 59 61 63 74 
16 0 3 7 9 11 14 22 26 27 32 39 44 49 54 62 67 
