50:75
24 1 2 3 5 6 8 10 17 20 25 26 28 30 33 35 36 40 53 58 61 62 69 70 74 
23 5 6 9 13 15 16 20 21 22 25 27 34 36 37 38 43 44 47 48 51 63 69 71 
19 3 8 16 19 22 24 25 28 34 35 38 46 49 51 58 63 66 71 72 
23 2 3 5 15 18 21 26 28 32 35 36 38 42 43 44 55 57 58 63 65 66 67 73 
17 6 11 13 14 18 19 21 27 31 36 39 42 45 48 53 65 72 
18 4 10 11 13 14 18 24 27 28 31 36 38 43 50 52 61 63 73 
18 5 7 9 13 14 16 17 26 27 30 32 37 43 49 50 53 56 74 
23 4 11 15 20 21 22 23 31 40 41 43 44 49 50 55 59 62 63 66 67 68 69 72 
20 0 1 4 6 12 15 16 17 21 30 39 48 50 55 56 57 61 64 70 74 
13 3 6 21 22 29 33 47 49 52 57 58 60 69 
24 0 6 9 20 21 22 26 27 28 31 32 33 43 45 47 52 56 58 64 66 71 72 73 74 
22 1 6 9 12 13 26 33 34 35 45 46 47 49 54 55 61 63 64 67 68 73 74 
19 1 8 15 20 23 29 35 36 37 40 41 44 49 50 55 59 66 71 72 
19 0 1 2 5 14 18 23 26 27 35 40 42 45 50 59 61 68 70 71 
21 0 6 10 14 20 22 26 27 33 35 36 40 42 47 51 57 63 66 68 70 71 
20 5 11 12 15 16 19 21 24 28 30 35 41 43 45 46 57 58 65 69 72 
14 17 20 24 26 28 35 38 43 49 52 54 64 65 73 
19 0 2 5 7 10 17 18 19 21 24 26 32 37 44 45 46 54 57 66 
14 3 11 12 15 19 27 45 50 54 55 58 60 63 66 
24 1 3 5 7 15 17 21 25 27 28 33 35 36 38 43 45 46 47 48 55 58 62 72 73 
19 3 16 17 25 31 36 37 38 41 44 45 50 51 54 62 63 69 71 72 
20 2 4 9 11 13 14 23 26 30 31 41 43 49 51 52 53 54 57 62 70 
14 0 7 10 11 16 34 44 52 53 54 56 60 67 72 
20 5 7 8 11 12 16 17 26 34 45 48 49 53 54 57 60 62 65 67 73 
20 1 13 14 16 19 20 23 31 35 38 40 41 42 44 46 56 60 63 64 66 
15 1 8 10 17 23 25 27 35 43 44 46 50 51 54 60 
19 3 4 5 6 9 12 13 19 20 22 24 33 35 36 44 51 58 64 72 
26 0 1 2 4 7 9 11 13 15 16 21 24 25 28 36 38 43 44 45 47 57 61 66 67 69 71 
19 0 3 5 6 14 20 23 27 43 44 45 47 52 55 56 62 69 70 74 
22 1 2 3 5 7 8 15 19 21 37 39 41 43 45 50 54 56 64 67 69 70 72 
11 4 15 17 18 20 30 32 42 54 62 67 
20 1 9 10 17 24 25 37 42 43 44 47 48 52 54 56 58 65 66 67 72 
19 0 3 14 17 26 33 38 39 42 43 44 47 49 54 57 58 59 60 67 
21 13 16 23 25 27 29 32 38 41 44 46 47 50 55 57 58 60 63 67 70 74 
21 1 3 6 7 8 11 19 25 35 41 43 45 48 49 52 58 59 65 69 70 72 
20 1 4 10 11 12 13 14 15 19 21 28 31 35 39 40 41 44 51 64 73 
22 0 4 5 7 9 10 15 19 21 22 23 26 29 30 33 37 38 40 41 44 62 67 
17 1 4 5 6 8 10 14 18 19 29 34 38 41 56 62 63 65 
22 3 4 5 9 12 13 14 20 21 26 29 30 31 34 40 46 49 55 59 62 67 73 
14 2 5 6 7 17 22 31 32 42 44 46 55 64 67 
19 0 2 5 11 13 14 29 36 37 38 39 42 49 58 62 63 67 70 71 
13 0 29 30 35 38 43 45 47 50 54 56 57 60 
21 1 4 5 11 15 17 21 23 33 34 36 37 38 48 52 55 57 61 64 73 74 
19 0 1 2 4 6 9 10 22 23 28 29 31 33 37 38 40 51 66 74 
20 1 8 9 10 24 25 26 31 34 36 39 42 47 51 60 67 69 70 72 74 
20 8 14 18 20 25 27 30 33 38 43 44 48 55 57 58 63 67 71 72 74 
22 1 2 3 4 9 10 13 16 21 31 37 38 40 42 45 56 57 61 65 68 70 73 
23 1 2 10 13 14 22 23 26 27 31 34 35 36 38 39 41 43 45 47 55 57 59 63 
26 0 1 3 14 15 16 23 26 28 31 34 39 40 41 43 45 46 47 55 65 67 70 71 72 73 74 
20 1 4 9 10 21 24 27 29 32 35 39 46 48 49 52 55 62 67 68 70 
