50:25
6 1 4 7 11 19 22 
8 1 6 9 11 12 14 18 22 
5 2 10 18 19 23 
10 5 7 8 9 16 18 20 21 22 24 
4 0 8 11 23 
8 0 3 4 10 15 17 21 22 
6 7 9 15 19 21 22 
8 1 5 9 12 14 15 16 20 
7 0 3 5 12 15 18 19 
7 2 3 6 15 18 19 20 
4 10 11 15 22 
14 0 5 6 7 8 9 13 14 15 16 17 20 21 22 
8 1 3 4 5 7 11 12 14 
8 5 10 11 13 14 17 19 21 
3 3 15 18 
9 0 1 4 12 14 16 18 21 24 
9 0 1 2 3 4 6 17 20 23 
10 0 4 5 6 11 15 18 20 23 24 
4 7 10 12 22 
6 3 6 8 20 23 24 
8 4 6 10 13 18 20 21 22 
3 0 6 20 
4 8 17 18 23 
8 0 1 2 3 12 13 17 23 
6 5 7 8 12 17 21 
6 2 3 9 15 19 24 
5 2 7 17 21 22 
6 0 4 8 9 16 18 
6 4 6 12 15 16 20 
7 2 3 4 6 9 12 14 
6 1 7 17 19 20 24 
9 2 4 10 14 15 19 20 21 23 
4 13 14 15 23 
5 8 15 19 21 23 
8 0 7 8 12 14 18 20 23 
7 4 6 8 15 16 18 24 
6 6 12 16 17 18 22 
6 3 4 6 8 13 21 
3 16 22 24 
7 1 6 7 10 15 21 24 
8 3 4 7 13 16 20 21 24 
8 1 4 6 9 15 17 21 24 
5 3 11 14 20 23 
6 1 7 9 11 12 16 
4 8 9 12 16 
7 4 5 13 17 18 22 24 
6 2 4 6 12 14 19 
8 7 9 10 12 13 15 18 21 
5 5 7 12 17 20 
8 4 6 9 15 19 22 23 24 
