50:50
11 0 2 4 5 11 16 19 23 32 35 45 
10 11 12 13 19 20 29 31 39 41 45 
11 3 5 11 12 19 23 24 28 34 36 46 
13 1 2 3 10 11 14 16 21 25 26 37 39 40 
13 3 5 9 16 20 25 26 28 29 30 34 35 42 
19 3 4 5 6 12 13 15 16 20 21 22 23 26 33 36 39 41 43 48 
17 0 1 2 3 4 5 12 18 21 24 26 29 32 34 37 42 48 
11 8 13 17 22 23 25 29 34 38 43 44 
9 0 2 9 21 24 25 26 31 46 
11 1 14 15 16 24 31 32 38 39 40 46 
14 3 8 11 16 17 18 20 24 30 39 41 42 46 49 
20 1 6 7 9 10 11 14 15 18 19 22 23 26 32 33 38 41 43 46 49 
12 5 9 11 14 15 16 20 25 32 33 38 47 
12 9 15 17 22 24 25 30 35 39 43 47 49 
8 6 12 23 31 34 37 46 49 
5 18 23 31 39 40 
13 3 10 12 17 19 26 28 30 37 38 40 45 46 
12 0 3 5 14 20 22 24 28 30 32 37 45 
18 0 2 3 12 13 14 16 17 22 25 29 32 34 36 38 40 41 42 
14 0 9 10 13 14 22 23 29 30 31 32 33 39 48 
12 1 4 15 16 22 23 26 28 29 32 42 45 
15 0 4 5 6 7 14 18 20 27 37 41 42 46 48 49 
10 2 21 22 23 33 42 43 44 47 49 
13 0 2 3 7 15 19 25 27 29 32 38 42 44 
14 0 5 6 7 14 15 20 26 29 32 38 39 40 46 
15 7 9 10 15 16 17 19 20 29 30 33 34 40 44 47 
12 7 11 14 17 24 28 30 33 38 40 44 49 
11 15 16 19 21 26 33 34 39 40 46 49 
19 0 1 8 13 14 16 18 21 24 26 27 28 29 32 35 37 38 43 47 
14 1 12 15 18 20 24 26 31 33 37 42 43 45 46 
12 0 4 8 9 13 16 22 28 31 35 36 39 
15 3 5 7 8 12 14 17 18 19 27 29 33 36 41 48 
11 2 4 20 27 32 35 37 38 41 42 47 
13 0 3 10 13 14 15 24 29 36 39 44 46 48 
20 1 2 8 12 14 16 18 19 21 22 23 24 25 27 34 36 37 39 41 48 
11 0 3 5 6 8 16 32 38 42 43 48 
9 2 4 5 14 23 28 39 42 47 
10 9 13 15 17 20 22 28 37 38 46 
7 2 3 5 18 19 39 42 
13 1 10 14 18 20 23 26 31 37 38 41 46 49 
10 3 14 21 29 31 34 40 42 46 48 
10 0 11 15 21 22 26 29 37 45 48 
13 2 3 9 11 16 17 18 28 31 32 34 39 45 
15 1 2 5 7 8 13 17 20 32 33 34 36 42 43 47 
13 1 7 8 9 10 13 17 21 29 38 41 43 46 
11 3 5 7 11 14 23 27 40 41 43 46 
18 2 4 5 8 16 19 21 22 23 24 25 29 35 39 42 46 47 49 
17 0 2 7 10 13 14 16 17 19 20 21 27 34 38 45 46 48 
16 3 9 11 20 21 22 23 26 28 36 37 38 43 47 48 49 
17 0 1 3 4 5 8 12 14 17 18 19 20 23 25 27 30 37 
