50:50
26 0 1 2 3 12 14 15 16 18 19 20 21 22 23 26 30 31 32 36 37 40 41 42 43 44 47 
20 0 2 9 11 13 15 18 19 20 22 29 30 31 33 36 37 43 45 46 47 
32 1 3 5 7 9 10 11 12 13 15 16 20 22 25 26 27 29 30 31 32 35 36 37 38 39 42 43 44 46 47 48 49 
19 0 1 4 5 9 14 15 19 22 26 30 31 32 35 36 38 45 46 49 
27 1 3 4 5 8 10 11 12 13 17 18 20 21 24 25 26 27 30 32 34 35 36 37 39 41 43 49 
23 3 6 8 9 11 13 14 17 19 23 24 25 30 32 35 37 38 41 42 44 46 48 49 
32 0 2 4 5 6 8 9 10 16 17 18 19 20 22 23 24 26 28 29 30 31 32 34 35 36 37 38 39 40 42 43 44 
22 1 6 8 10 12 13 14 15 17 21 24 25 27 29 30 31 32 34 39 40 44 45 
25 1 3 4 5 9 10 17 19 21 22 23 25 26 28 30 32 33 34 39 40 42 45 47 48 49 
21 2 4 8 9 13 15 18 19 20 21 22 23 24 26 31 33 35 39 46 47 49 
15 0 6 7 10 12 13 19 22 29 30 31 38 39 47 48 
20 2 7 9 10 13 17 19 21 23 24 27 28 33 35 36 37 38 42 46 48 
24 2 4 6 11 12 15 19 20 21 22 24 26 27 29 30 32 34 35 36 38 40 41 42 46 
28 0 2 3 4 5 10 12 13 14 16 18 24 27 28 30 31 32 33 34 37 38 39 40 42 43 47 48 49 
29 0 5 6 10 12 13 14 16 17 18 19 20 21 26 28 29 31 32 34 37 38 39 40 42 43 44 45 47 48 
26 2 4 6 8 10 11 13 18 19 21 23 27 29 30 31 33 35 36 37 38 39 41 42 44 45 47 
29 0 2 3 7 8 10 12 13 14 17 18 21 23 25 26 27 28 30 31 32 33 34 35 36 37 38 42 44 48 
22 7 8 10 11 12 13 18 20 26 29 31 32 35 36 38 39 42 43 44 45 46 49 
24 1 2 3 4 5 6 10 11 12 13 15 17 19 20 28 32 33 34 35 36 37 40 44 47 
28 0 1 2 4 5 7 16 18 19 22 24 25 26 27 28 29 30 34 37 38 40 41 42 44 45 47 48 49 
27 0 3 4 5 9 10 14 15 18 20 21 22 24 25 28 29 30 33 35 36 38 41 42 43 44 46 48 
18 5 8 9 11 14 17 20 21 22 25 26 27 29 32 38 44 45 47 
29 0 3 4 6 7 9 11 13 14 18 19 21 22 24 27 29 31 32 33 34 35 37 40 43 44 45 46 48 49 
24 0 6 9 12 13 15 16 19 20 21 22 23 25 28 30 32 34 35 37 42 45 46 47 48 
20 1 2 7 8 9 13 14 17 18 19 24 26 29 30 31 35 36 40 42 44 
30 0 2 3 8 9 12 13 14 15 18 19 20 21 22 23 26 28 30 32 33 35 36 37 40 41 42 46 47 48 49 
22 1 2 3 5 9 13 14 15 16 20 21 22 24 25 26 27 30 32 34 41 45 46 
28 1 3 7 8 10 11 12 13 15 16 18 19 23 25 28 29 30 31 32 33 35 36 37 39 43 46 47 49 
29 0 1 2 5 7 9 11 12 13 16 17 18 19 20 23 25 26 27 32 33 34 35 36 37 38 39 41 42 44 
24 1 3 8 12 13 14 16 17 18 20 25 26 27 28 29 30 31 35 36 37 39 42 43 49 
24 1 3 4 7 11 12 13 17 18 21 22 23 24 27 30 31 32 33 35 41 45 46 47 49 
29 1 2 3 4 7 11 12 14 15 19 20 23 24 25 26 29 30 31 32 34 36 37 38 39 40 42 45 47 48 
19 2 6 7 10 12 18 19 23 24 25 26 32 34 35 40 41 42 46 49 
22 5 6 7 9 12 13 16 17 18 19 21 22 23 26 27 29 40 42 43 44 48 49 
26 2 4 5 8 9 11 12 16 17 19 20 21 22 23 24 25 27 30 31 35 36 37 41 43 44 45 
21 3 4 5 6 9 11 17 19 23 25 29 32 35 36 37 38 42 43 45 47 48 
21 3 7 8 9 11 13 15 16 19 21 22 27 28 30 32 34 35 36 43 45 48 
27 0 2 4 6 8 11 12 14 15 16 17 18 19 20 21 26 27 29 30 33 35 37 41 42 44 45 46 
20 5 6 10 15 16 18 22 27 28 29 33 36 38 40 41 43 44 46 47 48 
30 0 1 2 3 5 8 9 12 14 16 17 18 20 23 25 27 29 32 33 34 36 37 39 40 41 42 43 44 45 49 
30 0 1 2 3 4 5 8 9 10 11 12 13 14 15 16 17 18 22 26 28 30 33 34 35 38 40 41 43 46 48 
22 2 3 5 8 9 10 11 13 15 17 20 23 26 27 29 32 33 36 38 39 45 47 
22 0 2 5 7 9 10 13 15 16 17 19 23 24 29 32 35 36 37 38 39 43 45 
30 0 1 2 4 6 9 10 11 12 13 14 16 18 21 22 23 25 27 28 29 30 31 32 34 36 37 39 42 44 48 
25 0 2 3 8 11 13 16 17 18 22 26 27 28 30 31 32 33 35 37 40 41 42 45 48 49 
26 0 5 7 12 13 15 16 20 22 24 27 29 30 31 32 33 37 38 39 40 41 43 44 47 48 49 
21 0 3 4 5 6 10 13 14 16 18 19 21 22 27 33 34 37 39 43 46 49 
28 0 5 6 7 9 11 12 13 15 16 17 18 19 20 23 24 27 31 32 33 36 39 40 42 43 46 47 49 
25 0 1 2 3 4 6 7 8 12 17 20 22 24 25 27 28 36 39 41 42 44 45 47 48 49 
29 2 5 6 7 10 11 12 14 16 19 20 23 24 25 26 27 28 31 32 34 35 36 37 39 42 43 44 46 48 
