50:75
61 0 1 2 3 4 5 6 7 8 9 10 12 14 15 16 17 21 22 23 24 25 26 27 28 29 30 31 32 34 36 37 38 39 41 42 43 44 45 46 47 49 50 52 55 56 57 59 60 61 62 63 64 65 66 67 68 70 71 72 73 74 
51 0 1 2 3 4 5 6 9 11 12 13 14 15 16 18 20 21 22 23 25 26 27 28 29 31 33 36 37 39 40 42 43 47 48 49 50 52 54 55 56 57 59 60 62 63 64 67 68 72 73 74 
48 0 1 2 4 5 6 7 8 10 12 14 17 19 23 24 26 27 28 29 30 32 34 35 36 37 38 40 41 42 44 45 47 50 53 54 57 58 59 60 62 64 66 67 68 69 71 73 74 
57 0 3 4 6 7 8 9 11 12 13 15 17 18 19 20 21 22 23 24 25 27 28 29 30 31 32 33 35 36 37 38 40 41 42 45 46 47 49 50 51 53 54 55 56 57 58 60 61 62 64 65 67 69 70 71 73 74 
59 0 2 3 5 6 8 9 10 11 12 13 14 15 17 19 21 22 23 24 26 28 30 31 32 33 34 35 36 37 38 40 41 42 43 44 45 46 47 48 49 50 51 53 54 55 56 58 59 60 61 63 64 65 67 68 69 71 73 74 
59 0 1 2 3 4 6 7 8 10 12 13 14 15 16 17 21 24 25 27 29 30 31 32 34 36 37 38 39 40 41 42 43 44 45 46 47 48 49 50 51 52 54 55 56 57 58 60 61 62 63 64 67 68 69 70 71 72 73 74 
58 3 4 6 8 9 10 11 12 13 15 17 18 20 21 23 24 25 26 27 28 29 31 33 34 35 36 37 38 39 40 41 42 43 44 46 47 48 49 50 51 53 54 56 57 58 59 60 61 62 63 64 65 66 67 69 70 71 73 
57 0 1 2 6 7 9 10 12 13 14 15 16 17 18 19 20 21 23 24 25 26 27 28 30 32 33 34 35 36 37 38 41 43 46 47 48 49 50 51 52 53 54 55 57 58 59 60 61 62 63 64 66 68 69 71 72 73 
56 1 2 3 4 5 6 7 8 9 11 12 13 14 15 16 18 19 20 21 22 23 26 27 30 31 32 33 34 35 36 37 39 40 42 43 45 47 48 49 53 54 56 57 58 60 61 62 63 65 66 67 68 69 70 71 74 
52 1 4 5 6 7 8 10 11 13 14 16 17 18 20 21 26 27 28 29 30 31 32 33 34 35 37 39 41 42 44 45 46 47 50 51 52 53 54 55 56 57 58 61 62 63 64 66 67 69 70 73 74 
53 0 2 3 5 6 7 10 12 13 14 15 16 18 20 21 22 23 24 25 26 28 29 30 31 32 33 34 36 38 39 41 42 45 47 49 50 51 52 54 56 59 60 61 62 63 64 66 67 69 70 71 72 74 
59 0 1 2 6 7 8 9 10 11 12 13 14 15 16 17 18 20 21 23 24 25 26 28 29 30 31 32 33 34 36 37 38 39 40 41 42 43 44 48 49 50 53 54 56 57 59 60 61 63 64 65 66 67 69 70 71 72 73 74 
57 0 1 2 3 5 8 9 10 11 12 13 15 17 18 19 21 22 23 24 26 30 31 32 33 34 35 36 40 41 42 43 44 45 46 47 48 49 52 53 55 56 57 58 59 60 61 62 63 64 65 66 68 69 70 71 72 74 
53 0 2 5 8 9 11 12 13 14 16 17 18 19 22 24 25 26 27 29 30 31 32 33 34 35 36 38 39 40 42 43 44 45 46 47 48 49 50 51 52 53 55 57 59 60 61 64 66 67 69 70 73 74 
58 0 3 4 5 7 8 9 10 11 12 13 14 16 17 18 19 21 22 23 24 25 26 27 28 29 30 31 32 33 34 35 37 38 40 41 42 44 45 47 48 49 50 51 52 54 55 56 57 58 59 64 65 66 67 68 70 72 73 
62 1 2 3 5 6 8 9 10 11 12 13 14 15 16 17 18 19 20 21 22 23 24 25 27 28 29 30 31 32 33 34 35 36 37 38 41 42 43 44 45 46 47 49 50 51 52 54 55 56 59 61 62 63 64 65 67 68 69 70 71 73 74 
66 0 1 2 4 5 6 7 10 11 12 13 14 16 17 18 19 20 21 22 23 24 26 27 29 30 31 32 33 34 35 36 37 39 40 41 42 43 44 45 46 47 48 49 50 51 52 53 54 55 56 57 58 59 60 62 64 65 66 67 68 69 70 71 72 73 74 
63 1 3 4 5 6 7 9 10 12 13 14 15 16 17 18 19 20 21 22 23 24 25 26 27 28 29 30 31 32 33 34 36 39 40 41 42 43 44 45 48 49 52 53 54 55 56 57 58 59 61 62 63 64 65 66 67 68 69 70 71 72 73 74 
58 0 1 2 3 4 6 7 8 10 11 12 13 15 17 19 20 21 22 24 25 26 27 28 29 32 33 34 36 37 38 39 40 41 42 43 45 46 47 48 52 54 55 56 57 58 59 60 61 63 64 65 66 67 68 71 72 73 74 
56 0 1 2 3 4 5 8 10 13 14 15 16 17 18 19 21 23 26 27 28 29 32 33 34 35 36 38 41 42 44 45 47 48 50 51 52 53 55 56 57 58 60 61 62 63 64 65 66 67 68 69 70 71 72 73 74 
55 1 2 3 4 5 7 8 9 10 11 13 15 16 18 19 20 23 24 25 26 27 28 29 30 31 32 33 34 35 37 38 39 40 41 43 48 49 50 51 52 53 54 56 57 61 62 63 64 66 68 69 70 71 72 73 
58 2 4 7 9 12 13 14 15 16 17 18 19 20 21 22 23 25 26 27 29 30 31 32 34 36 37 38 39 40 41 42 43 44 45 46 48 49 50 51 53 54 55 56 57 58 59 60 61 63 64 65 66 67 69 71 72 73 74 
56 0 1 2 3 4 5 6 7 8 9 10 11 12 13 14 16 17 18 19 20 23 25 26 27 28 29 30 31 32 33 38 39 40 41 43 44 45 47 48 49 50 52 53 54 55 56 59 60 61 62 64 67 70 71 72 74 
59 0 1 2 3 4 5 6 7 8 9 11 14 16 17 19 20 22 23 26 28 29 30 31 33 34 35 36 37 38 39 41 42 43 46 47 48 49 50 51 52 53 54 55 56 58 59 60 61 62 63 64 65 66 67 68 69 72 73 74 
53 0 1 3 5 6 7 8 11 12 14 15 16 18 20 21 22 23 25 26 29 30 31 33 36 37 38 40 41 42 44 45 46 47 48 49 50 51 52 56 58 59 60 61 62 63 64 65 66 67 69 70 71 73 
61 0 1 2 4 5 6 7 8 9 10 11 12 13 14 16 17 18 20 21 22 26 27 28 29 30 33 35 36 37 38 40 41 42 43 44 45 46 47 48 49 50 51 52 53 54 55 58 59 60 61 62 63 64 65 66 68 69 71 72 73 74 
61 0 1 2 3 4 6 7 8 9 10 12 13 14 15 16 17 18 20 22 23 24 25 26 27 28 29 31 32 33 34 35 37 38 39 40 43 44 45 46 48 49 52 53 54 56 57 58 59 60 61 62 63 64 65 66 68 70 71 72 73 74 
54 1 4 5 8 9 10 11 12 13 14 17 18 19 21 22 24 25 27 28 31 32 35 38 39 40 41 42 43 45 46 47 48 49 50 51 52 53 54 55 56 57 59 60 62 63 64 65 66 67 68 69 71 73 74 
56 0 1 3 4 5 6 7 8 9 10 11 14 15 17 18 19 22 23 24 26 30 31 32 33 35 36 37 39 40 41 42 43 44 45 47 49 50 51 52 54 55 56 57 58 59 60 61 64 66 67 69 70 71 72 73 74 
58 0 1 2 3 4 6 9 10 11 12 14 15 16 17 19 20 24 25 26 28 29 30 32 33 34 35 36 37 38 40 41 42 43 44 46 47 49 51 52 54 56 57 58 59 60 61 62 63 64 65 66 67 68 69 70 72 73 74 
58 1 2 3 4 6 7 8 9 10 12 13 14 15 16 17 19 20 21 22 23 26 27 28 31 32 33 36 37 39 40 41 42 43 46 47 48 49 51 52 53 54 55 56 57 58 59 60 61 62 63 66 67 68 69 71 72 73 74 
55 0 1 2 4 5 6 7 8 10 12 13 14 15 16 17 19 20 22 23 26 27 28 30 31 32 34 35 36 37 38 41 44 46 47 48 49 50 51 52 53 55 56 57 58 59 60 62 63 67 69 70 71 72 73 74 
54 1 2 3 4 7 8 9 10 11 12 13 15 17 18 19 20 21 22 23 24 25 28 29 30 31 32 35 38 39 40 41 42 45 46 47 49 50 51 52 53 56 57 59 61 62 63 64 65 67 69 70 71 73 74 
59 0 1 2 3 4 5 6 9 10 11 12 13 14 16 18 20 21 22 23 24 27 28 29 30 31 32 35 36 37 38 39 41 43 44 45 46 47 48 49 50 51 52 53 55 56 58 60 61 62 63 64 65 66 67 70 71 72 73 74 
53 0 2 3 6 7 8 9 10 11 12 13 14 15 16 17 18 19 20 22 24 25 26 27 28 30 31 32 33 35 36 37 39 40 41 42 44 45 46 47 48 52 54 55 58 61 62 63 64 65 67 70 73 74 
55 0 1 3 4 6 8 9 10 12 13 14 16 17 18 19 20 22 23 24 25 27 28 29 30 31 33 34 36 37 38 40 41 43 44 45 46 47 49 50 51 52 53 56 57 58 59 60 62 64 67 68 69 70 73 74 
57 0 1 2 4 5 6 7 8 9 11 12 13 15 17 19 20 21 22 23 25 28 30 31 32 33 34 35 36 37 38 39 40 41 43 44 45 46 48 49 50 51 53 56 57 58 59 60 61 63 64 65 67 68 69 70 71 74 
60 1 5 6 7 9 10 11 12 13 14 16 17 18 20 21 23 24 25 27 28 30 31 32 33 35 36 37 38 39 40 41 43 44 45 46 47 48 49 50 51 52 54 55 56 57 58 59 61 62 63 64 65 66 67 68 69 70 71 72 73 
56 1 2 3 4 6 7 8 10 11 12 13 14 15 16 17 18 19 21 22 25 26 27 28 29 30 32 33 35 36 37 38 39 40 42 43 44 46 47 49 50 53 54 56 58 59 60 62 64 65 66 67 68 69 71 72 74 
59 0 3 5 6 7 8 9 10 11 12 13 14 15 16 17 18 20 21 22 23 24 25 26 27 28 29 30 31 34 36 37 38 41 42 43 44 46 48 49 51 52 54 56 57 58 59 60 61 62 63 64 65 66 68 69 70 72 73 74 
60 0 1 2 3 5 6 7 9 10 13 14 15 16 17 18 20 21 23 24 25 26 27 28 29 30 31 33 34 35 36 38 39 40 41 42 43 44 45 46 47 48 49 50 51 52 53 54 56 58 60 61 63 65 67 68 69 70 71 72 74 
61 0 1 2 4 5 6 7 9 11 14 15 16 17 18 19 20 21 22 23 24 25 26 27 28 29 30 31 32 33 34 37 38 41 42 43 44 45 46 47 48 51 52 53 55 56 57 58 59 60 61 62 63 64 66 67 68 70 71 72 73 74 
56 1 3 4 6 7 9 10 11 12 13 14 15 16 17 19 20 21 23 24 26 27 28 29 31 32 34 38 40 42 43 44 45 46 47 48 49 50 51 52 53 54 55 57 58 59 60 61 62 64 67 69 70 71 72 73 74 
48 0 1 5 6 8 9 10 12 13 14 15 16 18 19 20 21 22 24 25 26 27 29 30 31 32 34 36 37 38 42 43 44 46 48 49 50 51 55 56 59 60 62 63 65 66 67 70 73 
58 0 1 2 3 4 5 6 7 8 9 10 12 13 15 16 17 18 19 20 21 24 26 29 32 33 34 35 39 40 41 42 43 44 45 46 47 49 50 51 52 53 54 55 56 57 58 59 60 61 63 64 65 67 68 69 70 71 74 
59 0 2 4 5 6 7 9 10 11 13 14 16 17 19 20 21 22 23 24 26 28 29 30 31 33 34 35 36 37 39 40 41 42 43 44 45 46 47 48 49 51 52 53 54 55 57 58 59 60 61 62 63 65 67 68 69 70 71 72 
55 0 1 3 4 5 8 9 11 12 13 15 16 17 18 19 21 22 23 24 25 26 28 29 31 32 34 35 37 38 39 40 41 44 46 50 51 52 54 55 56 57 58 59 60 61 63 64 65 66 68 69 70 72 73 74 
51 0 3 4 7 11 14 15 16 17 18 19 20 21 22 23 24 26 27 28 30 31 32 33 34 35 38 40 41 42 43 44 45 47 48 51 52 53 54 55 56 57 59 60 63 64 66 67 68 71 73 74 
59 0 1 3 4 5 6 7 8 9 10 11 12 13 14 15 17 18 20 21 22 23 25 26 27 28 29 30 31 32 33 34 35 38 39 40 42 43 44 45 46 47 50 51 53 54 56 57 58 59 60 61 62 63 64 65 67 69 70 71 
48 0 1 2 3 4 5 6 7 8 12 13 14 15 17 18 19 21 23 24 26 27 29 30 31 32 34 38 40 41 46 48 51 52 53 54 56 57 58 59 61 62 63 66 70 71 72 73 74 
