50:25
17 1 2 3 4 7 8 9 10 11 12 16 17 18 19 21 22 23 
18 0 1 2 3 4 5 9 10 11 12 13 14 15 16 18 20 21 22 
10 0 4 7 9 11 12 17 22 23 24 
15 0 3 4 5 6 9 10 11 12 13 15 16 17 21 23 
12 6 8 9 11 14 17 18 19 20 21 22 23 
13 0 1 2 3 4 8 13 14 15 16 17 20 24 
11 0 2 4 5 8 10 11 14 15 17 20 
14 1 4 7 8 9 12 13 14 15 16 17 19 20 21 
10 1 4 9 12 14 16 18 21 22 24 
16 0 1 2 3 4 5 7 8 12 13 16 17 18 19 20 23 
9 0 2 3 7 10 18 20 22 24 
14 0 1 2 4 5 6 7 8 10 12 15 18 22 23 
11 0 3 5 8 10 11 16 17 18 20 21 
15 0 1 2 5 6 7 8 9 11 12 16 18 20 21 24 
12 3 4 5 9 10 11 14 18 19 20 22 24 
15 0 1 2 3 5 7 11 12 13 16 18 20 21 22 24 
9 1 2 3 5 8 16 18 23 24 
14 1 3 4 5 6 7 10 12 13 15 19 20 21 24 
14 0 2 3 6 7 11 13 15 16 17 19 20 22 24 
11 0 3 5 8 10 11 12 16 18 20 24 
15 0 3 5 8 10 11 12 14 15 16 18 19 20 23 24 
11 0 4 6 9 10 15 16 17 19 21 23 
7 1 7 8 10 11 13 18 
13 0 2 3 6 7 8 12 14 15 16 19 21 22 
3 1 4 20 
12 0 2 4 5 6 8 19 20 21 22 23 24 
13 2 4 6 8 10 11 12 14 17 18 20 21 22 
13 1 4 8 9 10 13 15 16 17 18 19 20 21 
13 0 3 4 5 8 11 12 14 16 18 22 23 24 
16 0 1 2 4 5 6 10 11 14 15 17 18 20 22 23 24 
4 1 4 18 21 
11 0 1 3 6 8 16 19 20 21 22 24 
13 2 5 9 10 11 12 13 14 15 17 21 22 23 
17 0 1 3 4 6 8 10 11 13 16 17 18 19 20 21 22 23 
13 0 1 2 3 4 6 12 13 15 17 20 22 23 
11 2 3 4 6 7 8 9 13 17 19 20 
16 2 4 5 7 8 10 11 12 14 15 16 17 18 19 22 23 
10 0 1 5 8 9 10 11 13 21 24 
9 0 2 3 8 12 15 17 18 19 
13 0 1 3 4 8 9 11 13 16 17 20 21 23 
12 1 3 5 7 9 10 13 17 19 21 23 24 
13 0 1 2 3 4 8 9 10 13 14 19 23 24 
10 3 7 8 11 13 17 19 20 23 24 
15 1 4 5 7 8 9 10 11 13 14 18 19 20 21 23 
10 2 4 9 11 13 14 15 17 23 24 
12 0 1 2 5 7 8 12 13 14 17 19 23 
16 2 3 4 7 9 10 11 12 13 14 16 17 18 19 20 22 
13 0 2 3 7 8 9 10 15 19 20 21 22 23 
11 5 6 7 8 9 13 14 19 22 23 24 
14 1 3 4 8 9 10 11 12 15 16 18 19 21 23 
