50:25
7 2 4 5 8 12 23 24 
7 6 7 8 9 11 16 23 
6 2 5 7 9 10 18 
9 3 5 6 7 8 12 16 17 22 
10 2 4 5 14 15 16 18 19 22 24 
6 1 5 8 9 14 17 
6 1 5 6 14 16 24 
8 0 5 8 9 14 15 21 23 
7 0 2 4 6 8 11 18 
4 3 5 17 23 
5 3 7 12 14 21 
11 0 5 6 8 9 10 13 17 21 22 23 
8 2 5 7 16 19 20 21 24 
6 2 5 8 18 23 24 
6 0 9 10 17 21 24 
6 4 5 10 14 22 24 
6 4 7 10 15 19 24 
5 1 9 15 19 23 
9 5 6 12 14 15 16 17 21 23 
15 2 5 6 9 11 12 13 14 17 19 20 21 22 23 24 
10 3 7 12 15 17 20 21 22 23 24 
4 0 6 7 9 
7 5 9 11 12 18 20 24 
6 7 8 9 12 13 15 
6 4 11 15 16 18 21 
5 0 2 4 19 20 
5 4 5 6 13 21 
5 2 7 8 10 15 
8 0 5 6 7 8 14 16 21 
10 2 4 9 10 11 12 13 15 17 20 
5 12 15 17 19 22 
9 4 6 15 17 18 19 20 22 23 
6 0 6 14 16 20 22 
7 7 10 12 14 20 23 24 
10 8 12 13 15 16 18 20 22 23 24 
4 5 11 12 22 
2 7 24 
7 7 8 10 12 21 22 24 
5 0 1 4 9 10 
7 0 7 8 10 17 19 20 
4 1 8 14 20 
1 6 
8 1 3 7 15 16 18 19 23 
6 3 10 11 13 17 23 
6 2 3 14 20 23 24 
5 4 5 10 15 18 
4 0 9 13 20 
4 2 3 13 19 
5 5 16 18 22 23 
7 0 4 9 10 17 19 23 
