50:50
21 0 1 5 6 7 10 11 12 15 19 20 24 30 31 33 35 36 41 44 46 49 
30 0 1 5 9 10 11 12 13 14 15 16 17 18 19 20 22 23 25 27 29 30 32 33 35 36 37 39 41 44 45 
21 5 12 13 14 15 16 18 19 22 28 29 31 33 34 38 39 41 42 44 45 49 
23 2 3 4 7 9 10 11 12 13 17 18 23 30 31 33 35 38 41 43 44 45 47 49 
29 2 3 4 5 6 9 11 12 13 14 15 16 17 19 23 25 28 32 33 34 35 36 38 39 42 43 45 46 48 
20 0 1 2 5 7 13 21 23 24 25 26 28 32 34 36 37 40 45 47 49 
30 0 2 3 7 8 10 13 15 18 19 21 22 23 26 27 28 29 32 35 36 37 38 40 41 42 44 45 46 47 49 
24 4 5 6 7 13 14 15 16 20 21 24 25 27 30 31 32 33 35 37 39 44 45 47 48 
26 4 5 6 7 8 10 15 16 17 18 19 21 25 26 28 29 30 31 33 35 40 44 46 47 48 49 
27 0 3 5 6 7 10 11 13 17 18 19 25 26 28 29 32 33 34 35 38 39 40 41 43 45 47 48 
27 0 1 3 5 6 10 12 14 15 18 20 21 22 25 27 28 29 30 32 39 40 41 42 45 46 47 49 
30 0 1 4 5 8 10 11 13 14 15 18 19 20 21 23 24 25 26 27 29 31 33 36 37 40 42 45 46 48 49 
20 0 7 8 13 15 16 17 20 25 29 34 36 37 39 42 43 44 47 48 49 
23 0 1 2 6 8 10 11 15 17 21 22 25 32 33 35 38 39 41 42 43 44 45 49 
24 1 6 7 8 10 11 14 15 19 21 22 23 27 29 30 31 32 35 36 37 41 43 45 49 
19 2 3 4 5 8 10 11 14 17 19 22 24 25 30 37 40 41 47 48 
25 1 2 3 4 6 8 9 11 13 15 16 20 23 26 27 29 31 34 41 42 43 44 45 46 47 
25 0 3 4 5 7 8 10 11 13 14 15 18 20 25 26 27 28 30 36 39 40 41 43 47 48 
24 0 2 4 5 7 9 10 12 13 15 20 21 22 24 28 30 31 32 36 38 40 43 46 47 
27 0 1 4 5 6 9 11 14 18 19 23 25 26 27 31 32 35 36 39 40 41 42 43 44 47 48 49 
20 0 1 3 6 9 12 14 21 22 24 29 31 32 36 40 41 42 44 48 49 
16 13 14 15 18 19 20 24 30 31 34 35 39 40 43 45 49 
31 0 1 5 7 8 9 10 11 14 16 17 19 20 21 23 24 27 28 29 30 31 32 33 34 35 42 43 45 46 48 49 
23 2 3 4 6 9 11 12 13 17 18 19 21 22 26 28 31 32 33 38 39 43 44 45 
20 4 8 10 11 14 15 20 23 27 28 29 30 31 33 34 35 39 41 42 44 
24 1 2 3 4 5 8 9 15 18 22 23 24 26 27 31 33 34 36 37 44 46 47 48 49 
24 1 3 5 8 9 10 11 13 15 16 17 20 22 24 26 32 38 39 40 44 45 46 47 48 
28 0 1 4 5 6 7 9 10 11 13 15 18 19 20 21 22 24 26 27 30 31 35 37 40 44 46 47 49 
24 4 7 8 9 11 14 15 16 17 18 24 26 31 33 34 36 38 39 40 41 42 44 46 47 
34 0 1 2 6 7 8 9 10 12 14 15 17 18 20 21 22 24 26 27 28 30 31 32 33 37 38 39 40 41 42 45 46 47 49 
27 0 1 2 4 5 6 7 9 10 12 14 15 17 20 23 29 31 32 33 36 39 40 41 42 44 45 46 
26 0 3 4 5 10 11 12 16 19 20 22 23 28 29 30 33 34 35 36 37 39 44 45 47 48 49 
24 0 2 6 7 8 12 15 17 18 21 22 24 28 29 30 31 33 34 35 39 40 43 44 48 
33 0 1 2 5 6 7 8 9 11 13 14 15 17 20 22 23 24 25 26 28 29 32 33 34 36 38 39 40 42 43 44 46 49 
24 0 1 3 4 5 7 8 9 13 16 17 22 23 24 25 28 29 31 32 38 43 44 46 47 
19 1 3 4 5 7 11 12 13 14 21 23 32 37 41 42 43 44 45 46 
26 2 3 11 12 14 16 17 18 21 22 24 25 27 28 32 34 35 37 38 39 40 42 43 44 46 47 
23 0 3 4 6 7 10 17 18 20 21 22 27 29 31 33 34 35 36 39 40 41 42 48 
23 2 7 8 9 12 14 16 17 18 21 22 24 26 30 31 32 34 38 40 44 46 47 48 
27 0 3 4 6 7 8 9 10 12 13 17 19 23 26 28 29 30 31 32 33 34 35 36 42 43 48 49 
22 2 4 6 9 11 13 14 15 16 19 20 23 26 29 32 33 34 38 40 41 44 45 
29 2 4 5 9 10 12 16 18 20 23 24 25 26 27 29 32 33 35 36 37 38 39 40 44 45 46 47 48 49 
24 0 2 5 6 7 9 12 16 17 19 20 21 25 26 28 30 32 33 35 38 39 43 48 49 
23 0 1 2 3 4 6 10 12 14 19 20 22 27 30 32 34 39 40 41 42 45 48 49 
19 1 3 4 5 13 16 17 18 23 24 37 39 41 42 43 45 46 48 49 
29 0 1 2 3 4 5 6 8 10 12 13 16 18 21 22 23 26 27 28 30 32 33 34 35 38 44 45 47 49 
26 4 7 9 10 11 12 13 15 17 18 19 20 22 25 26 28 29 31 34 35 36 44 45 46 47 49 
16 0 5 9 10 12 13 15 16 23 29 30 31 36 39 45 48 
20 3 5 6 9 15 16 18 20 24 25 26 27 28 30 32 34 35 43 44 48 
27 2 3 4 6 8 10 14 17 18 19 20 21 22 24 25 26 27 31 32 33 36 40 41 42 43 47 49 
