50:50
25 0 1 5 7 9 13 14 18 21 22 23 27 30 31 33 35 36 38 39 44 45 46 47 48 49 
24 3 5 7 9 10 15 17 19 20 22 23 24 25 30 31 32 34 35 36 37 43 44 47 49 
23 0 2 4 8 9 10 11 15 19 21 22 23 25 27 28 29 32 34 37 38 42 45 48 
23 0 2 3 6 7 8 11 14 15 16 18 20 21 22 25 32 37 38 39 42 45 47 49 
23 1 3 6 7 8 10 13 15 16 17 18 19 20 21 22 24 30 36 38 41 44 45 49 
21 1 3 7 10 11 12 14 17 20 24 25 26 27 32 36 38 39 41 42 44 45 
29 0 1 3 4 5 6 7 9 10 11 12 13 15 16 17 18 19 22 23 25 31 33 34 39 40 41 43 45 46 
25 1 2 5 7 11 13 15 22 23 24 28 29 30 31 33 35 36 38 39 41 43 44 47 48 49 
22 0 2 3 4 8 9 10 11 12 15 16 17 20 25 28 31 33 34 37 38 44 47 
27 0 2 5 7 9 12 13 14 16 18 22 24 25 26 27 30 32 35 36 37 38 39 40 41 42 45 48 
24 4 7 8 13 14 15 18 19 20 23 25 26 27 28 29 30 34 35 37 38 40 41 45 49 
21 2 3 7 8 9 11 15 17 19 20 28 32 33 34 35 40 41 43 44 46 49 
26 0 2 6 7 8 11 12 13 14 17 19 20 23 27 29 30 32 37 38 39 41 42 43 46 47 48 
27 1 2 4 5 8 10 14 15 19 21 22 23 25 26 28 29 30 31 32 34 39 40 43 44 46 47 49 
24 0 2 3 5 6 8 12 13 14 17 18 19 20 22 23 27 30 32 34 39 43 45 48 49 
24 0 6 8 9 10 11 15 19 27 28 30 33 34 35 36 37 38 39 42 43 44 45 48 49 
23 1 2 6 7 8 9 10 11 12 15 16 19 21 23 26 27 31 34 37 38 41 42 44 
23 1 4 9 10 11 13 14 19 22 24 27 28 29 31 36 41 42 43 44 46 47 48 49 
26 0 1 9 12 14 15 17 19 22 23 27 28 29 30 32 35 37 38 39 40 41 42 45 46 47 48 
26 0 1 4 7 10 12 16 17 18 19 22 24 26 29 31 32 33 34 39 41 42 43 44 45 46 47 
26 0 2 8 13 15 16 18 19 21 22 23 24 25 26 30 31 35 36 37 39 42 44 45 46 47 49 
24 0 2 6 7 10 14 22 23 25 26 28 30 32 33 34 35 36 37 40 44 45 46 47 49 
24 3 6 7 8 11 13 15 17 18 19 20 21 24 25 26 27 29 36 37 40 42 45 48 49 
23 1 2 4 6 8 14 15 16 17 18 23 24 26 28 29 31 33 35 38 43 44 48 49 
20 1 3 4 5 7 13 23 24 26 29 30 31 32 33 34 36 41 47 48 49 
22 0 1 9 10 11 12 14 16 17 20 21 24 26 31 32 37 38 40 41 46 47 48 
28 2 5 6 7 8 9 11 12 15 16 20 21 22 25 27 28 29 31 33 35 37 38 40 41 42 45 46 47 
19 0 3 4 7 10 16 19 21 22 24 25 27 29 30 32 34 39 43 46 
24 0 1 2 4 5 7 9 10 12 15 16 17 21 23 26 29 33 36 37 38 39 44 46 47 
24 0 1 2 3 5 7 13 15 16 17 19 20 23 26 28 30 31 32 35 40 45 46 47 49 
30 0 3 4 5 6 7 9 10 11 15 16 18 19 20 21 24 25 26 31 33 34 36 37 38 39 42 44 45 46 49 
26 1 2 3 4 7 8 9 12 14 17 18 22 23 26 29 31 33 37 39 42 43 44 45 46 48 49 
27 1 2 3 4 6 7 8 11 13 14 15 17 22 24 27 28 29 30 31 32 33 34 35 37 39 45 46 
22 1 9 10 11 12 13 14 15 17 21 22 23 25 26 28 37 39 40 42 44 48 49 
28 3 4 6 7 10 13 14 15 16 20 21 22 26 28 31 32 34 35 36 40 41 42 44 45 46 47 48 49 
27 0 1 2 3 5 6 7 9 13 14 17 20 23 27 30 31 32 33 34 35 38 39 41 44 45 46 47 
17 3 14 15 19 22 24 26 28 32 34 35 36 44 46 47 48 49 
20 0 1 4 5 7 8 10 11 13 17 22 25 26 28 35 36 37 39 40 43 
27 0 3 4 5 9 10 11 12 13 14 16 17 19 21 24 26 27 28 33 34 35 36 39 40 43 44 48 
28 3 4 5 7 8 9 10 11 13 14 16 20 21 24 26 27 28 29 30 32 34 36 38 39 40 41 42 49 
28 2 3 4 6 9 10 12 13 15 16 18 19 20 21 23 24 25 26 30 31 36 39 40 42 43 44 47 49 
22 0 4 6 7 9 10 15 19 21 24 25 27 29 30 32 33 36 40 41 45 47 48 
27 5 7 9 12 13 14 15 17 18 20 21 23 26 27 28 30 32 34 36 38 40 41 43 44 46 48 49 
29 1 2 3 4 6 8 9 10 11 14 18 20 21 23 25 26 28 29 30 32 33 34 36 37 38 40 44 45 49 
27 1 2 4 5 6 7 9 10 14 15 16 18 20 22 23 26 27 29 30 32 34 37 41 43 44 45 47 
23 0 4 5 9 13 15 20 21 23 26 27 28 30 34 37 38 40 41 42 43 44 46 49 
28 0 2 3 5 6 8 9 11 14 15 17 18 19 22 23 26 27 30 31 32 34 35 37 38 41 42 46 49 
23 1 2 3 5 8 10 14 18 20 24 26 28 32 33 34 35 36 39 43 44 45 47 49 
25 0 1 2 3 7 8 10 14 15 17 18 19 25 29 35 36 37 39 40 42 43 44 45 46 49 
24 1 5 6 10 12 16 18 20 21 22 23 25 28 29 30 36 38 39 43 44 45 47 48 49 
