50:75
32 1 3 7 8 9 10 11 12 13 15 18 22 31 32 33 34 37 38 40 42 44 47 51 53 54 55 58 59 62 69 71 72 
39 1 4 5 6 9 11 12 14 15 17 22 23 24 26 28 32 33 34 35 36 37 39 40 42 43 44 50 52 54 57 58 62 63 65 66 67 69 70 74 
37 0 1 2 6 7 10 11 13 15 16 19 21 25 26 29 31 32 33 34 35 37 38 39 40 44 46 48 51 54 55 57 60 68 69 70 73 74 
37 0 2 4 7 9 10 16 18 21 23 26 27 31 32 33 35 36 41 42 45 46 47 50 51 52 55 57 58 61 63 64 66 67 68 69 72 73 
39 1 2 6 7 8 10 11 13 15 16 19 20 21 23 24 27 32 38 39 41 43 45 46 47 48 49 50 51 52 54 57 59 60 62 63 66 71 72 73 
42 3 5 6 7 9 10 11 14 15 16 17 19 20 24 25 26 28 30 31 32 33 34 35 36 38 39 42 46 48 50 51 52 56 57 58 59 60 61 65 67 70 74 
35 0 2 5 7 11 13 14 15 16 18 21 27 28 29 33 34 36 37 42 46 47 48 49 50 52 53 57 58 59 66 67 68 71 73 74 
39 0 2 4 5 6 7 9 12 13 15 19 20 26 27 28 30 32 33 34 35 38 39 42 48 50 52 54 55 56 58 60 62 64 67 68 69 70 71 73 
36 1 11 16 17 20 21 23 24 27 28 29 30 31 33 35 36 39 40 42 43 48 49 53 54 57 58 59 60 63 64 67 68 69 70 71 72 
40 0 2 3 7 8 9 10 11 13 15 18 19 20 23 27 28 30 32 33 36 37 38 39 40 43 45 52 53 54 55 56 57 62 63 64 66 67 68 69 70 
35 1 3 4 5 6 7 10 12 14 17 18 20 23 24 25 31 33 35 37 38 39 45 47 50 53 54 56 59 60 61 63 67 70 73 74 
35 0 2 4 9 11 14 16 17 21 22 23 25 26 27 29 31 39 44 45 47 48 49 50 51 52 53 54 55 56 59 62 65 67 69 74 
41 0 2 4 5 7 11 12 13 16 18 20 21 22 23 24 26 29 30 33 34 35 41 42 43 45 46 53 54 55 57 58 59 61 63 65 68 69 70 71 72 73 
34 0 3 4 5 8 11 12 13 14 19 23 24 27 28 29 36 37 38 40 41 45 46 47 48 54 56 58 61 62 63 66 67 68 71 
33 1 3 4 7 9 10 11 18 19 21 22 24 27 29 32 36 37 41 42 44 46 51 53 54 56 63 64 65 66 69 71 72 74 
41 0 2 3 4 5 11 12 13 14 15 16 20 22 24 25 26 28 29 33 35 36 42 44 45 47 48 49 50 51 52 53 54 55 56 61 64 66 68 69 70 73 
36 2 3 6 7 10 11 12 13 15 16 17 21 22 23 25 28 29 30 34 36 39 40 41 42 44 45 47 50 52 53 58 64 66 69 70 72 
38 0 1 2 5 7 9 10 11 21 25 28 29 30 32 34 35 36 38 42 45 46 47 50 52 53 54 55 56 57 58 59 60 65 66 69 70 72 74 
37 3 4 5 6 9 10 11 12 13 14 20 25 26 27 28 29 33 34 35 38 41 43 44 46 47 48 53 55 56 59 61 62 68 69 70 71 72 
34 1 6 7 8 15 18 22 23 24 26 27 29 33 34 35 39 40 41 44 45 47 48 49 51 52 53 55 59 60 61 65 70 71 73 
37 0 3 5 7 8 14 21 22 23 24 26 27 29 30 31 34 37 38 39 40 45 49 50 51 53 56 57 59 60 62 63 66 68 69 71 72 74 
33 0 5 9 11 14 16 17 18 19 21 25 26 29 34 37 38 39 40 43 45 46 48 49 55 58 60 61 62 66 67 71 73 74 
35 0 1 2 10 13 15 16 18 19 20 21 25 26 27 28 30 32 38 39 40 49 51 52 53 55 57 58 59 65 67 68 69 70 71 73 
43 0 3 4 8 9 10 11 12 13 15 16 17 18 19 20 23 25 26 30 31 32 33 34 37 38 40 42 43 44 46 49 53 54 55 58 59 60 62 65 67 69 70 73 
36 0 2 6 11 12 14 20 21 22 25 26 28 29 31 32 33 34 38 39 41 44 50 51 52 55 60 61 62 63 64 65 67 69 71 73 74 
37 1 5 6 7 10 13 15 16 18 19 20 22 24 26 30 32 36 37 38 39 40 41 44 45 46 47 48 49 52 53 54 56 58 59 61 64 74 
32 0 2 6 8 10 12 13 14 15 18 20 22 25 27 28 29 31 32 33 35 36 37 39 43 45 46 49 50 52 57 69 72 
34 0 4 5 6 7 8 11 12 13 17 19 20 21 22 23 24 32 39 40 42 45 46 47 49 56 59 60 62 64 67 68 70 72 74 
38 0 4 5 6 7 9 10 16 17 19 20 21 22 23 28 29 31 32 34 37 39 41 42 43 44 47 48 49 53 54 55 59 60 63 64 66 68 70 
31 2 3 6 8 9 12 14 16 17 18 21 24 28 30 31 32 35 36 37 39 40 45 46 51 53 59 60 61 65 67 71 
32 0 1 2 3 8 11 13 19 21 22 25 28 29 32 35 36 38 43 44 46 48 50 51 54 59 61 64 65 67 69 70 71 
28 1 11 16 17 18 19 20 22 25 32 33 39 40 44 45 47 52 54 56 59 60 61 65 66 69 70 71 72 
34 0 1 2 5 6 7 9 10 13 14 18 19 20 26 31 32 33 36 37 38 42 43 44 48 49 52 56 59 61 62 64 65 69 71 
34 2 4 6 7 12 14 16 19 20 21 22 23 25 27 32 33 34 35 38 41 42 46 47 49 52 55 58 60 62 63 68 70 72 73 
37 0 1 2 5 6 11 13 14 15 16 17 19 20 21 28 29 31 32 36 37 38 39 41 42 43 44 47 52 54 60 61 62 63 64 66 67 74 
34 1 2 9 14 19 22 23 24 27 28 36 37 39 43 44 45 46 47 48 50 51 52 54 56 57 59 60 61 62 64 65 68 69 71 
38 0 1 4 5 6 7 11 13 14 16 18 19 21 22 23 30 33 35 36 38 40 41 42 45 47 49 51 52 56 60 64 67 68 69 70 71 73 74 
40 1 2 4 5 6 7 9 11 13 14 18 19 22 23 24 30 31 32 33 34 35 39 43 44 49 50 52 54 55 56 58 59 61 62 63 67 68 69 72 74 
33 0 3 5 8 9 18 20 22 26 28 29 31 32 37 38 40 41 42 43 45 49 50 57 60 61 62 63 64 66 69 71 73 74 
36 1 2 3 5 8 9 10 12 14 18 19 22 27 28 32 35 36 39 41 42 43 45 48 51 53 59 60 61 62 63 64 65 66 67 69 70 
41 1 3 4 6 7 8 10 12 13 16 22 23 26 27 28 31 34 35 36 40 41 44 45 46 48 49 51 52 53 54 57 58 59 60 61 62 63 68 69 73 74 
31 6 8 9 11 12 13 14 15 17 19 20 21 22 25 27 28 29 30 31 37 38 39 41 42 45 46 50 53 63 68 69 
35 1 4 7 9 10 11 16 19 20 21 22 23 25 28 30 32 33 34 39 40 44 45 46 47 48 52 55 56 59 60 64 66 69 70 72 
45 0 1 2 4 5 9 10 13 14 17 18 19 21 23 24 27 28 30 31 33 34 35 36 39 40 41 44 45 49 50 51 52 53 57 58 60 61 62 63 66 67 69 70 71 74 
38 6 8 9 10 12 14 15 17 19 20 21 22 23 24 25 26 27 33 35 36 37 39 40 41 42 45 49 53 55 59 61 62 63 64 65 68 69 74 
34 1 2 6 8 11 12 13 14 16 17 19 21 22 23 26 28 32 33 34 35 40 42 43 47 51 52 56 59 62 67 68 70 72 74 
40 0 1 2 6 7 8 10 11 15 16 17 19 21 22 23 26 28 29 32 34 35 37 40 42 43 46 48 49 51 52 54 55 59 63 64 65 67 70 72 73 
36 1 2 4 5 7 8 9 10 12 13 14 15 16 18 20 22 24 28 29 31 32 34 39 41 43 45 48 50 52 54 57 58 62 65 67 70 
35 1 2 3 4 5 9 11 13 15 20 22 24 27 30 31 35 37 40 42 45 46 50 51 55 58 59 61 63 64 65 66 68 69 71 74 
32 3 8 9 11 15 16 17 20 21 22 23 24 25 28 30 31 32 36 37 42 44 47 48 50 53 60 66 69 70 72 73 74 
