50:25
9 7 8 9 11 14 18 19 21 22 
9 1 2 3 5 9 15 16 20 23 
11 2 3 7 10 13 15 17 19 20 21 22 
9 0 2 3 4 5 9 11 16 19 
8 3 8 11 13 16 17 20 24 
14 0 1 4 5 7 8 13 15 17 19 20 21 22 23 
13 0 2 3 4 6 8 9 10 13 14 18 19 21 
12 0 1 2 5 6 7 9 11 17 20 21 23 
9 7 8 9 10 11 13 16 20 21 
10 0 1 2 3 9 11 12 18 19 22 
12 0 1 6 7 9 14 15 16 18 19 20 24 
14 0 1 3 4 7 8 9 11 12 13 14 16 20 24 
13 2 5 7 8 9 10 13 14 15 17 19 21 22 
8 4 5 8 10 12 13 16 23 
12 1 3 6 7 10 13 14 15 17 19 23 24 
14 0 1 2 6 9 10 11 13 14 15 17 18 19 21 
10 0 1 2 6 7 12 13 14 16 18 
8 1 4 8 15 16 17 22 23 
16 5 6 7 8 9 10 11 14 15 16 17 18 19 20 23 24 
12 0 3 4 6 8 12 15 16 18 19 20 23 
10 2 3 6 11 16 17 19 20 23 24 
14 1 3 5 6 7 9 10 11 13 17 18 21 22 23 
9 0 7 9 10 12 16 19 21 22 
13 5 6 7 8 9 10 11 13 16 19 20 22 24 
13 0 2 4 6 9 11 14 16 17 19 20 21 24 
14 3 5 6 7 10 11 12 13 14 17 20 21 22 24 
14 0 2 3 4 6 7 9 12 13 14 15 20 23 24 
12 1 4 6 8 9 10 12 15 16 21 22 24 
14 0 3 4 5 6 11 12 14 16 17 21 22 23 24 
10 1 3 4 6 7 10 17 19 21 24 
13 0 2 5 6 7 8 15 16 17 18 20 23 24 
11 2 7 10 11 13 14 16 17 21 23 24 
13 1 3 4 6 7 8 15 16 17 18 20 23 24 
13 0 1 2 3 4 5 7 12 14 17 18 21 24 
16 0 1 2 5 6 8 9 10 12 14 15 16 17 18 19 24 
11 0 3 5 6 8 9 11 15 17 19 23 
13 4 5 6 7 9 15 16 17 18 19 21 22 23 
15 1 3 4 6 7 10 12 14 15 16 18 21 22 23 24 
9 4 6 7 8 11 16 17 20 23 
15 1 2 3 4 5 7 8 9 10 14 15 19 20 21 23 
14 0 3 4 6 7 9 10 11 12 15 18 21 22 23 
14 2 3 4 5 8 9 10 12 13 17 19 21 22 24 
8 0 3 6 8 11 18 19 20 
15 0 2 4 8 9 11 12 14 15 16 17 20 21 22 24 
14 0 2 3 5 8 9 11 14 17 18 19 21 22 23 
10 0 1 2 8 9 10 11 15 20 22 
15 0 1 2 4 5 7 8 9 11 12 13 14 17 20 22 
12 2 3 5 8 9 11 12 13 15 19 20 24 
14 0 2 4 7 8 11 12 13 14 16 19 21 22 24 
12 0 3 4 6 10 13 15 16 19 20 21 23 
