50:50
9 0 11 12 19 20 21 27 37 44 
9 3 4 12 26 28 32 33 40 43 
9 0 2 3 9 16 20 27 41 48 
14 0 3 4 12 14 16 28 31 33 34 37 41 42 45 
20 6 7 8 9 11 13 14 17 19 24 25 26 30 31 32 33 34 37 38 49 
14 3 9 10 13 16 17 22 23 26 35 39 40 44 47 
9 1 2 9 16 26 33 34 35 48 
14 3 5 10 15 16 20 23 24 25 28 33 35 39 42 
12 2 13 15 16 17 19 24 34 36 37 38 39 
16 4 15 17 18 19 20 21 28 29 33 35 40 44 46 47 49 
13 2 3 12 17 19 20 22 23 24 27 37 38 44 
14 2 6 10 15 22 28 29 36 37 41 43 44 46 48 
10 7 9 13 18 20 27 38 39 45 47 
13 7 10 14 21 30 31 32 33 38 41 42 45 46 
7 15 18 25 26 41 43 47 
16 1 3 4 6 7 10 11 12 18 19 20 25 28 32 35 48 
12 1 9 10 13 20 30 32 33 39 41 45 49 
12 0 1 3 6 12 23 26 29 32 33 40 44 
12 0 18 19 26 27 28 29 30 34 42 43 47 
14 4 7 10 12 15 20 21 23 24 32 35 37 44 46 
8 1 4 11 18 19 36 41 48 
14 1 3 7 11 19 20 22 27 34 36 37 38 43 45 
12 2 3 10 23 24 29 30 32 33 46 47 48 
20 3 7 8 10 13 15 16 21 23 25 27 28 31 32 34 40 41 43 44 46 
14 1 15 20 21 24 28 30 32 37 39 40 41 43 46 
17 2 3 15 17 19 22 25 29 31 34 38 41 43 44 45 46 48 
12 5 7 11 13 20 24 28 29 35 38 45 49 
12 7 8 10 11 15 20 24 29 37 43 48 49 
11 1 2 8 11 25 26 29 30 33 35 48 
16 0 8 10 11 19 21 22 23 28 31 36 37 39 40 44 49 
11 2 6 8 9 18 23 29 31 32 40 48 
11 4 10 11 13 16 20 28 31 37 39 42 
6 10 16 31 33 37 38 
13 5 7 9 19 23 29 34 38 40 42 44 46 47 
9 0 6 11 22 23 34 39 41 46 
15 0 1 5 7 9 11 13 16 17 18 21 32 34 39 48 
14 2 3 6 12 14 15 20 27 30 31 33 38 40 43 
11 5 9 18 21 28 29 31 37 41 42 44 
21 3 4 5 8 9 12 13 16 18 19 22 24 28 30 32 33 36 38 41 44 48 
6 10 18 25 26 32 44 
14 3 4 5 6 7 20 22 25 31 33 36 40 45 47 
10 12 18 21 26 27 28 39 40 43 48 
13 10 12 18 20 25 26 27 28 36 40 42 46 49 
14 3 5 6 8 11 13 24 31 33 34 35 36 38 46 
16 0 1 4 6 8 12 22 24 26 27 36 37 39 40 43 49 
17 6 8 10 12 15 16 22 27 28 29 30 34 37 38 41 43 45 
11 0 1 2 3 7 11 14 32 41 47 48 
9 14 15 19 22 29 34 35 43 49 
13 3 9 11 21 22 23 24 26 31 33 40 41 47 
10 8 13 15 16 18 21 25 29 37 42 
