50:75
36 0 1 2 3 4 5 7 9 10 11 16 18 19 21 22 25 28 30 32 33 34 35 40 41 42 45 47 48 50 57 58 59 60 68 70 73 
33 1 2 4 6 7 10 11 13 15 17 19 20 21 22 25 27 29 32 39 44 47 48 50 51 58 61 62 63 64 70 72 73 74 
35 2 6 9 15 16 18 21 22 27 28 31 35 37 38 40 41 42 43 46 47 52 54 57 58 59 60 62 63 65 66 67 68 70 71 73 
34 0 1 3 4 10 17 22 23 24 27 28 30 32 35 40 42 43 44 47 48 50 51 52 54 55 56 57 62 65 66 70 71 73 74 
39 0 1 2 4 6 7 11 12 14 15 18 23 24 26 28 34 35 36 38 39 40 41 43 44 48 51 53 54 59 60 61 62 63 64 66 68 70 71 72 
33 0 1 2 5 10 14 15 16 18 20 26 27 29 31 32 34 35 36 38 40 41 43 44 46 47 48 49 52 63 66 68 69 73 
38 2 3 4 6 7 9 13 14 16 17 18 19 21 23 24 26 27 29 30 32 36 37 40 41 42 43 52 53 56 60 61 62 63 65 66 68 72 73 
41 1 3 6 10 11 13 17 18 19 22 24 25 26 28 29 31 32 33 35 39 40 41 42 43 45 46 47 48 49 51 52 55 56 58 60 65 66 68 70 72 73 
35 0 2 3 4 7 13 15 18 19 22 23 25 26 27 30 33 34 36 44 46 48 49 50 53 54 58 59 63 64 66 67 69 71 73 74 
37 1 2 3 4 6 7 10 11 12 13 17 18 19 20 21 22 23 25 27 28 29 30 34 36 38 42 43 47 56 60 61 62 70 71 72 73 74 
32 1 3 11 12 13 14 17 18 20 21 22 25 26 30 38 39 43 44 46 47 48 49 51 52 53 54 55 59 61 66 72 73 
35 4 5 6 12 14 15 16 17 18 19 20 22 25 27 28 35 39 41 42 43 44 45 46 47 51 54 55 58 59 61 62 63 64 67 69 
38 1 2 3 7 8 10 13 15 17 18 19 20 21 23 26 27 28 34 39 40 41 43 44 45 46 49 52 54 55 56 60 64 67 68 69 70 72 74 
40 0 1 2 3 5 6 10 11 12 16 17 18 22 24 26 27 28 30 31 32 33 35 38 40 41 43 44 46 47 49 50 51 52 54 55 60 64 68 72 73 
38 5 6 7 8 9 13 14 15 17 18 19 20 22 23 25 27 28 29 30 31 32 33 37 38 40 47 48 51 52 53 54 55 56 57 58 60 64 73 
40 1 2 3 4 5 7 8 11 12 13 18 19 26 27 29 31 33 34 36 37 38 40 43 44 49 51 54 57 58 59 61 63 64 65 67 68 70 71 73 74 
38 2 3 5 6 8 9 10 12 13 14 17 18 20 21 27 31 35 36 37 38 41 44 46 47 49 50 53 57 59 60 61 63 65 66 67 69 71 73 
36 0 2 3 8 10 12 14 18 19 22 26 28 31 35 36 37 39 40 41 42 46 51 53 55 57 59 60 61 62 64 65 66 67 69 72 73 
36 0 4 8 10 11 14 18 21 24 26 27 28 29 31 32 33 34 36 38 39 40 43 44 47 48 52 54 55 56 58 59 60 64 67 68 73 
43 0 2 3 5 6 8 10 11 13 15 16 17 18 19 20 24 26 28 29 31 32 33 35 36 38 40 41 43 44 45 51 53 57 61 62 63 65 66 68 69 70 73 74 
33 3 6 9 11 17 18 22 23 25 27 29 32 34 36 37 38 40 41 42 43 46 49 50 53 58 60 62 63 64 65 68 69 72 
35 0 5 6 7 8 9 10 12 19 21 23 25 27 28 29 30 31 32 33 34 37 43 48 52 54 58 59 60 63 66 67 68 70 71 74 
44 0 1 2 3 4 5 6 7 8 9 10 13 14 15 16 20 24 26 27 28 33 34 35 36 37 39 40 43 45 47 49 50 51 52 53 55 59 61 62 64 65 66 71 72 
33 0 2 4 6 7 9 10 12 13 20 21 25 29 30 36 38 40 45 46 48 50 52 56 57 60 61 63 65 66 67 68 69 74 
38 2 3 5 6 8 9 10 11 12 13 15 21 22 25 27 28 29 30 34 37 38 39 42 44 56 57 60 61 62 63 65 66 69 70 71 72 73 74 
41 0 1 2 4 9 11 14 15 16 17 19 20 21 22 23 26 27 29 30 31 36 39 40 41 44 47 48 53 55 56 57 58 59 62 63 64 65 66 70 72 74 
39 0 2 4 8 12 14 15 16 17 18 21 23 25 29 31 32 33 35 36 42 44 45 49 50 51 56 57 58 59 60 61 62 63 65 70 71 72 73 74 
34 5 10 11 12 13 15 19 20 23 26 27 30 31 33 34 35 36 38 41 42 43 45 49 51 52 54 56 59 61 63 64 67 70 71 
36 2 3 5 6 7 8 11 12 13 15 17 19 20 24 25 26 28 30 33 41 43 46 48 49 50 51 52 54 55 56 57 59 60 64 69 71 
28 2 7 10 13 16 19 24 25 26 28 29 30 36 37 44 45 50 51 52 54 56 59 61 62 63 66 70 74 
35 1 2 7 10 14 16 17 21 22 23 24 27 30 31 34 35 36 39 40 43 46 47 48 49 50 53 54 57 59 61 65 67 70 71 72 
34 3 6 8 9 11 12 17 19 20 22 23 26 27 29 32 36 37 38 40 41 44 46 49 54 56 59 62 64 65 68 69 70 72 74 
38 1 3 4 7 10 12 15 17 18 21 22 23 26 27 29 38 39 40 42 43 44 46 47 48 52 55 56 57 59 61 63 64 66 68 69 70 71 73 
38 0 2 3 7 8 10 11 12 16 17 19 20 21 22 24 29 30 34 36 37 38 40 41 42 43 45 47 48 49 50 52 58 59 62 64 66 69 74 
25 0 4 5 7 11 12 13 16 18 25 26 31 40 47 48 54 55 57 60 64 67 68 72 73 74 
31 0 1 2 3 4 6 10 15 17 18 24 25 26 30 33 34 36 37 40 41 43 48 53 54 59 60 64 68 69 72 73 
44 0 1 2 3 4 9 10 11 14 20 22 26 27 28 29 30 31 32 33 36 37 38 42 43 44 45 46 47 48 50 51 52 53 55 56 59 60 64 65 66 67 70 71 72 
40 1 2 3 4 6 8 13 14 15 17 18 21 22 23 24 26 28 29 30 32 34 36 37 41 42 44 47 48 52 55 57 58 60 64 67 68 69 70 72 74 
37 1 2 5 7 8 9 10 12 13 23 26 27 28 32 33 36 37 38 41 46 48 49 53 55 56 57 59 60 63 64 65 66 67 68 69 70 71 
35 1 2 5 7 8 10 13 14 15 17 20 21 22 26 29 30 31 33 34 35 38 42 44 48 49 54 55 56 58 59 63 64 66 71 73 
32 2 6 8 9 12 14 16 18 19 24 26 28 29 30 31 32 35 36 43 44 47 51 54 55 56 57 61 63 65 66 69 73 
41 0 2 4 5 6 9 13 15 16 19 20 23 27 28 29 30 34 35 38 41 43 45 48 49 51 52 53 55 56 57 58 60 62 63 64 65 68 69 71 72 73 
40 2 5 6 7 12 13 14 19 20 21 25 30 31 32 33 34 35 38 40 41 42 44 46 47 49 50 53 55 56 57 60 61 62 64 65 67 69 71 72 73 
43 2 5 8 11 12 14 15 16 17 18 20 23 24 25 26 28 29 31 32 36 39 41 42 44 45 47 48 49 50 53 54 55 56 57 59 61 65 67 68 69 70 72 73 
41 0 4 6 7 8 9 10 11 12 14 16 17 18 20 23 27 28 29 30 31 34 35 36 37 38 40 44 45 46 47 48 49 50 54 61 62 65 70 71 72 73 
40 1 3 5 7 11 12 13 14 15 16 17 18 20 22 24 25 26 27 30 31 32 34 38 40 42 44 45 47 53 55 56 57 58 61 62 64 65 67 68 74 
40 1 2 3 9 12 14 15 18 24 25 26 28 29 30 31 32 33 34 35 36 37 38 40 42 45 48 49 50 52 55 56 57 58 59 60 62 63 67 70 72 
39 0 1 4 5 8 14 15 19 21 22 23 24 26 27 28 31 33 36 40 41 42 43 44 47 48 50 51 54 55 56 57 58 60 61 64 68 70 72 74 
42 0 3 5 7 8 9 10 15 16 18 20 24 25 26 27 28 29 30 31 33 36 37 41 42 43 44 45 47 50 51 54 56 57 61 62 63 64 67 68 70 72 73 
40 0 2 5 6 11 12 13 14 17 20 26 27 30 31 32 33 34 36 37 38 39 40 42 43 44 46 48 49 51 54 55 56 57 58 59 61 67 68 70 71 
