50:25
12 0 2 4 6 7 8 12 14 19 20 21 24 
7 0 6 7 13 17 18 22 
12 0 5 6 10 12 15 17 18 20 21 22 24 
9 1 2 6 9 12 13 15 20 22 
10 4 5 8 14 15 16 17 20 21 23 
17 0 1 2 3 4 5 7 10 11 12 13 14 15 18 19 20 21 
12 0 1 3 4 5 6 12 13 15 20 22 23 
12 1 2 3 4 7 11 12 13 16 18 19 21 
10 7 10 11 12 14 15 16 17 18 22 
16 1 2 6 7 9 10 11 13 16 17 18 19 20 21 23 24 
14 0 1 2 6 7 8 9 10 12 18 20 22 23 24 
13 0 1 2 6 12 13 15 16 20 21 22 23 24 
18 0 1 2 3 5 6 7 11 12 14 15 16 17 18 19 20 22 24 
11 0 1 2 3 6 8 11 14 17 19 24 
15 1 3 4 5 7 9 10 11 13 14 15 21 22 23 24 
15 1 2 3 4 5 6 7 8 10 12 14 15 17 22 24 
17 0 3 4 6 7 8 9 10 11 13 15 17 18 19 21 23 24 
11 5 6 7 10 14 15 17 19 20 22 24 
11 0 1 3 4 7 8 15 16 18 21 23 
13 1 6 7 9 10 11 12 13 16 17 21 23 24 
14 1 2 3 4 5 7 8 10 11 12 15 19 22 24 
11 0 3 4 7 8 10 15 16 18 20 23 
12 0 2 3 8 10 11 12 13 20 22 23 24 
12 2 4 5 7 8 9 14 15 19 20 22 24 
17 1 2 3 7 8 10 11 12 13 14 15 16 17 18 21 23 24 
9 5 8 10 14 15 16 17 22 24 
12 2 6 7 8 9 10 11 16 19 22 23 24 
16 0 2 3 5 6 7 13 14 15 16 17 18 19 20 23 24 
16 2 3 4 6 8 9 10 11 12 13 14 15 16 21 23 24 
11 0 2 5 8 11 12 13 14 15 19 22 
12 4 5 8 11 12 13 15 17 18 19 20 24 
14 2 3 4 6 7 9 10 11 12 13 14 18 21 24 
15 0 4 5 7 8 9 10 11 12 14 17 19 20 21 24 
13 1 2 4 8 9 10 11 12 13 15 19 21 22 
16 0 1 2 3 7 8 9 10 12 13 14 16 20 21 23 24 
7 1 3 7 13 15 18 22 
11 0 1 4 5 11 14 15 18 21 23 24 
11 0 1 2 6 7 13 17 18 19 20 23 
10 3 5 8 11 14 16 17 18 19 24 
11 0 1 3 4 5 10 11 13 15 19 21 
10 4 6 7 8 9 10 14 16 19 20 
11 0 2 7 8 9 11 14 16 19 20 24 
10 1 6 10 14 15 16 17 19 21 24 
14 0 1 4 7 10 11 14 16 17 18 20 21 22 24 
15 0 1 2 4 5 7 8 10 12 13 18 20 21 23 24 
8 4 6 8 10 13 17 19 24 
12 0 1 2 3 5 7 8 17 19 20 21 22 
15 0 2 3 4 5 6 10 11 12 13 14 15 16 23 24 
12 0 1 2 3 5 6 9 11 15 19 21 22 
15 0 1 2 3 6 7 9 11 13 16 19 20 21 23 24 
