50:75
16 3 12 13 17 19 26 27 28 30 42 49 53 54 57 64 68 
22 2 11 13 15 17 20 21 24 27 28 29 33 37 39 43 45 46 48 57 62 63 66 
21 1 3 6 8 11 12 14 17 18 24 28 30 36 37 39 50 58 59 61 70 72 
16 2 8 12 18 22 34 43 47 48 53 55 60 61 66 68 74 
13 5 12 13 17 22 28 34 35 38 47 49 67 72 
21 3 4 12 17 18 27 28 29 31 34 39 45 48 53 56 58 59 67 68 69 70 
22 2 3 5 9 12 13 16 17 24 27 31 32 37 48 56 59 62 63 66 67 72 73 
25 1 4 6 13 14 16 19 21 23 25 29 31 32 35 38 39 40 49 53 55 61 62 69 73 74 
13 3 6 17 20 22 28 33 35 40 54 58 64 70 
16 10 11 15 16 23 30 34 38 41 45 56 57 59 61 66 68 
21 2 4 6 8 28 32 35 37 42 44 50 55 60 61 62 63 65 66 67 68 69 
20 3 6 11 12 13 14 17 28 29 30 44 55 57 61 64 65 68 69 70 72 
19 0 1 2 4 16 20 21 24 30 33 42 50 51 56 63 65 68 69 74 
19 0 15 17 21 27 29 32 33 35 37 39 46 49 52 57 59 64 65 68 
21 5 6 7 8 10 12 18 21 22 27 29 31 39 43 44 45 51 60 66 72 73 
16 3 4 9 16 17 23 27 30 34 39 48 49 54 55 62 66 
23 0 2 8 9 13 15 17 23 25 30 38 42 49 53 58 59 61 62 65 67 71 72 73 
20 0 6 11 19 28 31 38 48 49 50 51 52 54 58 61 65 66 69 70 74 
20 0 3 6 15 19 23 26 28 32 33 41 55 56 60 61 63 65 67 69 72 
17 3 5 7 9 14 16 19 28 33 36 42 51 60 64 69 71 73 
23 7 10 17 18 19 25 27 32 33 37 38 39 42 46 47 49 53 57 65 67 68 72 74 
20 1 3 8 10 14 15 16 24 26 33 35 43 48 49 52 54 55 57 64 68 
17 1 2 9 15 21 23 27 28 29 33 40 45 52 62 63 67 70 
17 4 7 9 11 16 17 19 23 25 27 29 35 36 37 38 57 60 
14 0 5 10 11 23 25 28 34 41 61 63 70 71 73 
20 1 2 3 5 9 14 18 20 22 24 27 34 42 50 52 54 55 56 63 74 
23 3 4 10 14 15 17 22 26 27 33 34 47 48 52 54 57 59 60 61 62 65 69 74 
20 0 3 11 12 17 19 25 29 34 38 44 46 50 51 52 54 56 66 69 71 
25 1 2 7 10 14 18 19 23 28 32 35 38 39 43 44 45 47 50 57 58 60 63 64 65 66 
16 3 5 6 11 25 33 35 36 37 41 46 48 51 70 71 73 
23 0 3 5 9 10 21 22 26 28 33 35 36 37 39 40 45 46 47 48 55 61 64 73 
23 5 7 11 19 20 24 25 29 30 31 34 35 38 40 46 54 57 59 60 68 71 72 74 
22 1 2 8 14 16 18 20 26 27 30 36 39 41 43 47 56 57 62 64 67 70 73 
20 1 5 11 30 31 35 38 39 40 42 47 48 49 55 60 64 66 68 69 73 
17 0 4 10 15 21 23 26 29 30 32 35 44 50 60 63 66 72 
23 3 4 6 12 16 18 19 20 28 29 32 33 36 41 42 44 47 51 55 57 65 69 70 
22 1 9 13 17 18 19 21 23 25 26 27 31 34 36 43 52 54 56 58 61 66 70 
19 0 1 17 18 21 25 30 31 33 43 47 53 56 59 60 62 65 69 73 
21 2 10 11 18 21 22 24 25 30 33 35 43 46 49 56 58 61 70 71 72 74 
21 0 1 4 13 19 21 25 28 29 30 31 34 38 42 46 53 60 64 67 72 73 
20 4 9 10 13 16 22 24 27 28 29 31 32 37 40 42 45 47 64 65 74 
22 4 9 10 14 16 30 36 38 39 41 49 50 55 56 58 59 61 65 66 69 70 74 
20 4 9 18 21 28 32 33 34 35 39 43 50 51 60 63 65 67 69 70 72 
24 2 3 6 17 18 21 22 25 30 32 35 36 45 48 54 56 57 58 62 63 65 66 68 74 
16 0 23 30 39 40 41 44 46 49 53 57 60 65 67 69 71 
16 2 3 5 8 23 29 37 43 45 56 57 58 59 60 66 67 
25 0 11 13 16 17 18 21 26 31 38 41 43 44 45 46 47 54 57 59 62 66 67 69 71 72 
11 0 7 10 16 17 29 30 31 37 54 67 
18 0 3 4 8 11 13 21 25 37 41 44 46 50 58 59 71 72 73 
22 4 5 6 12 13 15 17 18 22 30 31 34 37 44 47 51 55 63 64 70 71 73 
