50:75
18 3 4 11 12 28 29 30 31 34 37 47 48 49 55 56 59 60 71 
20 0 1 3 4 7 8 9 20 21 22 28 36 39 48 54 59 65 69 71 74 
12 0 3 26 27 33 36 46 51 56 60 68 74 
20 1 2 9 13 14 25 26 32 33 39 41 43 44 48 51 56 58 68 73 74 
20 2 3 4 8 21 24 26 27 28 32 36 39 44 46 48 55 64 65 67 73 
16 3 9 10 13 15 23 36 38 45 47 54 64 65 67 70 72 
18 2 8 17 20 27 31 32 35 38 41 46 48 50 51 53 60 61 70 
15 3 6 11 12 13 18 23 26 27 31 34 35 63 68 71 
22 0 6 10 11 17 21 22 23 26 28 30 31 37 39 40 42 53 60 66 69 72 74 
14 3 6 7 9 15 19 35 36 48 53 54 57 61 69 
26 8 9 15 19 21 24 30 32 33 37 41 43 44 46 48 51 52 55 56 59 60 61 64 70 71 72 
16 0 13 29 30 36 37 42 47 48 49 54 59 62 69 70 73 
19 3 10 11 12 21 26 29 36 47 48 49 50 52 54 55 66 68 70 74 
17 0 2 5 7 15 16 17 24 31 36 42 49 52 54 55 63 65 
24 6 7 10 11 12 14 16 22 23 29 32 33 37 45 50 51 52 53 57 58 60 62 68 73 
24 0 1 4 5 7 9 14 16 20 25 29 30 31 39 40 42 43 44 45 47 63 64 69 73 
16 2 4 5 6 7 13 18 23 26 29 31 36 41 50 51 70 
15 12 14 22 24 26 31 35 42 43 52 58 63 64 65 66 
17 1 5 7 8 12 16 18 32 33 36 40 41 52 55 61 62 74 
21 0 8 15 16 17 21 25 27 30 33 34 36 39 53 56 57 61 64 67 68 74 
19 1 2 15 19 22 25 26 31 32 34 42 43 47 54 57 60 63 71 74 
21 0 1 4 8 12 17 20 23 28 38 40 43 45 48 53 57 58 59 65 72 73 
15 1 3 5 10 13 19 28 39 47 48 52 61 68 72 74 
19 1 3 7 11 12 15 16 25 35 37 41 42 51 55 57 59 65 68 74 
23 3 7 9 13 17 19 25 30 32 33 35 38 39 41 44 45 46 48 51 69 71 72 73 
17 1 3 10 18 23 24 31 32 34 36 37 41 47 48 54 59 62 
17 2 6 9 20 21 28 32 35 39 46 48 52 54 60 65 69 74 
14 2 4 5 13 23 28 35 36 44 48 54 56 73 74 
19 17 19 21 28 31 33 37 38 39 47 54 61 64 65 66 68 69 70 72 
19 12 16 27 28 32 34 35 41 42 43 49 53 55 56 58 59 60 69 73 
11 8 11 13 15 17 33 34 49 53 62 68 
19 1 2 11 12 14 16 19 21 24 28 37 41 49 50 57 66 67 69 74 
27 0 1 8 10 15 16 20 21 23 27 28 29 31 34 35 37 44 47 48 49 51 55 57 60 65 68 71 
22 1 5 6 12 16 20 26 28 32 33 34 36 40 43 45 51 59 67 68 71 73 74 
19 0 2 4 6 7 9 12 14 23 29 30 34 36 46 49 62 65 69 71 
15 2 5 6 13 35 42 45 46 47 53 54 55 64 66 72 
24 4 5 9 12 18 20 23 24 29 30 34 37 40 42 43 47 57 59 63 65 66 68 70 73 
24 2 6 11 12 15 16 18 19 21 22 24 31 33 36 44 45 47 51 55 59 60 62 72 74 
14 1 14 16 19 31 36 41 44 46 52 54 67 68 73 
23 4 6 7 11 13 14 15 18 26 30 35 38 46 47 48 49 50 57 58 59 61 70 72 
15 1 4 16 17 21 22 33 34 36 37 41 54 60 61 70 
21 1 6 7 13 20 21 24 28 30 35 45 47 48 50 51 52 55 56 62 67 72 
24 3 6 7 10 12 17 21 22 33 34 35 39 45 49 50 51 54 56 59 62 65 66 73 74 
14 5 15 18 23 34 39 41 44 45 53 58 66 68 70 
17 3 25 29 33 35 36 38 43 45 51 52 53 56 59 61 64 68 
18 2 3 11 21 23 24 25 29 33 35 40 45 47 53 56 62 65 69 
16 11 13 25 27 28 39 45 46 49 50 56 59 61 63 65 74 
21 2 3 5 6 7 8 9 12 15 23 29 32 38 42 44 57 61 62 67 68 73 
21 0 1 8 9 16 18 20 22 30 38 39 44 45 47 57 58 62 63 64 70 71 
15 4 9 11 15 18 27 31 32 37 38 40 45 56 57 69 
