50:75
39 1 3 4 9 10 11 12 13 14 15 16 17 20 22 24 25 26 30 31 33 34 40 41 43 44 45 46 48 49 50 52 54 59 60 64 65 67 68 71 
39 1 2 4 5 7 9 11 12 13 18 19 22 25 26 27 29 32 34 36 37 38 44 45 46 50 52 54 55 58 59 60 62 63 64 65 67 68 70 71 
42 1 2 4 8 10 11 12 13 14 16 20 21 22 25 28 30 31 33 35 36 39 40 41 42 43 44 46 50 51 52 58 59 60 62 63 64 66 67 69 72 73 74 
42 1 2 3 5 6 8 11 14 17 19 20 22 24 25 27 28 30 34 36 37 39 40 42 44 47 49 50 51 52 55 57 58 59 60 62 63 64 65 66 67 69 73 
39 0 2 3 9 11 12 13 15 16 17 22 23 25 26 30 32 34 35 38 39 40 43 46 47 49 50 53 54 56 58 59 60 61 64 65 68 70 71 74 
40 0 1 4 7 9 12 13 15 16 17 18 19 20 23 26 29 30 33 35 36 38 41 42 44 45 46 48 49 50 53 58 59 60 62 65 69 71 72 73 74 
32 1 2 7 10 11 15 17 22 24 26 33 37 38 39 40 41 42 43 44 46 47 48 53 55 57 62 66 67 68 71 73 74 
33 3 6 8 9 14 16 17 22 23 26 27 29 30 32 33 35 38 39 40 43 44 45 48 49 50 51 59 61 64 67 70 72 73 
37 1 3 4 7 9 12 14 15 16 18 19 20 22 23 24 28 31 32 33 34 35 36 37 39 44 45 49 51 53 57 59 60 63 65 68 70 74 
43 0 1 2 4 5 7 8 13 15 17 20 23 24 25 26 29 30 31 32 33 40 43 46 47 49 50 52 54 55 56 57 58 59 60 61 62 64 65 66 67 69 71 74 
32 0 1 4 5 8 10 12 13 15 19 20 24 26 29 30 31 32 36 42 46 47 51 52 57 59 60 62 65 66 68 70 72 
34 0 6 8 9 10 11 13 15 17 20 23 24 29 30 32 33 34 36 38 39 40 42 43 44 45 46 48 50 53 57 61 66 73 74 
35 1 2 5 6 7 8 9 11 13 18 21 22 23 28 31 32 33 42 44 46 47 51 54 55 57 58 59 60 61 62 63 65 67 70 73 
45 2 7 8 10 12 14 16 17 18 19 21 22 24 25 26 27 29 31 32 33 34 35 38 39 43 44 45 47 48 49 51 53 54 56 57 58 59 60 61 64 70 71 72 73 74 
41 1 2 3 4 5 6 7 9 10 14 16 17 18 20 21 23 26 27 29 30 32 37 38 40 43 44 49 51 52 53 54 55 57 58 63 65 66 68 69 72 73 
40 1 3 4 5 7 8 9 10 14 17 18 23 24 25 26 28 29 34 35 37 38 39 40 42 45 47 52 54 55 57 58 59 61 63 65 66 68 71 72 74 
33 0 1 3 4 5 6 8 16 23 27 30 31 32 33 34 35 36 40 44 45 46 48 49 50 56 59 61 63 64 66 68 69 73 
32 0 2 5 12 13 15 16 18 19 20 23 24 27 34 35 36 38 40 44 45 47 49 51 53 54 55 56 58 63 71 72 73 
37 1 4 6 7 13 14 16 17 18 21 22 24 25 26 27 30 31 37 38 39 42 44 45 46 47 48 53 56 58 60 61 63 64 66 68 72 74 
42 0 1 4 5 7 8 11 12 13 14 15 18 19 22 23 26 28 29 30 32 34 35 36 37 38 40 44 47 48 50 51 53 54 56 58 59 65 68 69 70 73 74 
39 0 1 3 6 8 10 14 16 24 29 32 33 34 37 38 39 40 41 44 45 47 48 49 52 54 55 56 57 59 60 61 62 64 65 66 67 70 72 73 
44 0 5 6 8 9 10 11 14 16 17 22 23 25 26 27 28 30 32 34 35 38 39 41 42 43 44 45 47 51 53 54 55 56 58 59 61 62 63 64 65 66 72 73 74 
44 0 3 4 6 8 9 10 11 12 13 14 18 20 21 22 23 24 28 29 31 32 35 37 38 40 41 44 45 47 48 51 52 54 55 57 58 61 64 66 69 70 71 73 74 
36 0 1 3 6 10 12 14 16 17 21 22 23 24 25 27 28 30 32 33 39 42 43 44 48 52 55 56 57 59 60 61 63 64 69 70 72 
37 1 4 5 6 10 11 12 15 18 21 24 25 29 30 34 36 37 38 40 43 45 48 49 51 52 53 58 59 60 62 64 65 66 67 68 70 72 
38 0 1 4 6 9 10 12 16 17 23 24 25 26 27 29 33 34 35 36 37 41 42 43 44 45 47 49 51 52 53 57 59 62 63 66 69 72 73 
45 0 3 4 5 8 9 12 17 20 21 22 23 24 25 26 27 28 30 31 32 39 40 41 42 43 44 45 48 51 52 54 55 57 59 60 63 64 65 66 67 68 71 72 73 74 
42 1 2 3 4 5 6 8 10 11 15 20 21 22 24 26 27 31 33 35 36 38 39 41 47 48 49 50 53 54 56 57 58 59 60 61 62 65 66 68 69 70 74 
42 0 2 4 5 6 8 11 13 16 18 19 20 21 23 24 26 27 28 29 32 35 36 39 42 43 46 50 51 52 54 55 59 60 61 63 65 66 67 68 69 70 74 
36 4 5 7 8 12 15 21 22 26 27 28 29 33 37 38 39 41 45 46 48 51 52 54 56 58 61 63 64 65 66 67 69 70 71 73 74 
42 2 3 4 5 6 7 9 12 13 15 18 19 20 21 22 23 25 27 28 30 32 34 35 36 37 40 41 42 44 47 50 52 53 54 55 58 62 64 66 67 70 73 
31 0 1 3 10 12 13 14 15 21 23 25 26 28 29 33 35 38 40 42 45 50 56 57 60 61 62 64 65 66 70 72 
43 0 1 2 4 11 14 15 16 17 18 19 20 23 24 25 27 31 32 33 35 36 38 40 42 43 45 46 47 50 51 52 55 56 57 60 61 63 64 66 70 71 72 74 
32 0 1 3 6 9 10 11 12 14 16 17 19 23 24 31 35 36 38 39 40 43 46 49 50 53 55 60 63 64 67 68 73 
40 0 3 6 7 10 11 12 15 16 18 19 23 24 30 33 34 35 36 37 39 40 42 43 47 48 50 51 52 53 54 55 56 57 61 68 69 70 71 72 73 
40 1 2 4 6 10 11 13 14 16 17 18 20 21 23 24 26 27 28 29 32 33 37 38 41 42 45 46 50 53 58 59 60 61 63 64 67 69 70 73 74 
41 0 4 5 6 7 8 9 11 12 15 18 19 20 22 23 27 28 30 31 32 33 34 40 42 44 46 47 48 49 52 55 56 57 58 60 62 66 68 70 72 74 
41 1 3 5 6 7 8 9 10 15 18 19 23 24 25 27 29 33 35 36 37 38 40 41 42 45 48 49 50 52 54 57 60 62 65 66 67 68 69 71 73 74 
36 0 3 5 6 8 10 13 15 17 19 20 23 24 26 28 29 33 38 41 43 46 47 48 51 53 54 57 58 59 62 64 66 67 69 71 74 
44 0 3 6 9 10 11 12 15 19 20 21 22 23 24 26 28 30 34 35 37 38 39 44 45 46 50 51 52 53 54 57 58 59 60 61 62 64 65 67 69 70 71 73 74 
47 0 1 2 3 4 5 6 7 8 9 12 14 17 19 21 22 24 25 26 28 29 31 33 35 36 38 39 40 42 43 45 46 47 49 51 52 54 56 58 59 61 63 64 65 68 71 73 
39 1 5 7 8 10 11 12 18 19 20 27 31 32 34 35 38 39 42 45 46 47 48 50 51 52 53 54 55 57 58 59 60 62 63 66 67 68 72 73 
39 1 3 4 5 10 12 13 16 18 19 23 24 25 27 31 32 33 37 38 39 41 43 46 49 50 51 52 54 55 56 57 58 60 62 63 64 66 69 74 
40 1 2 3 4 6 7 9 11 12 14 17 18 19 20 22 29 30 31 33 34 36 38 39 42 43 44 46 47 49 50 51 52 53 55 64 65 66 67 69 72 
39 1 2 4 5 6 7 8 9 10 12 14 15 17 19 23 25 28 29 35 36 39 40 41 44 45 50 51 54 55 58 59 60 61 62 63 69 70 71 73 
44 1 3 4 5 6 7 9 10 11 12 13 15 18 19 20 21 23 24 25 26 27 30 31 32 35 36 38 39 40 42 43 44 46 48 50 52 55 56 57 62 69 70 72 73 
44 0 1 2 3 4 5 6 7 9 12 13 15 16 17 18 19 20 22 23 25 26 27 28 29 30 36 37 38 40 43 44 45 47 54 55 57 59 63 66 69 70 72 73 74 
37 0 4 6 7 10 13 14 16 17 19 21 23 24 29 30 31 33 34 35 38 39 42 43 44 46 47 49 51 52 53 55 58 65 70 71 72 73 
38 0 6 8 9 13 15 16 18 20 22 24 25 26 30 33 34 35 36 38 42 43 44 45 49 50 51 55 56 57 58 63 65 66 67 69 71 72 73 
46 0 1 4 5 6 7 8 9 10 13 15 17 18 20 21 22 24 26 27 30 31 32 33 34 35 36 37 38 39 42 43 48 52 53 54 55 59 60 61 62 63 64 65 69 70 73 
