50:25
14 0 1 5 7 8 9 11 13 15 17 19 20 23 24 
18 1 2 3 4 5 6 7 8 9 11 12 13 15 16 21 22 23 24 
12 3 5 8 9 11 12 13 14 19 20 22 23 
16 1 2 3 5 7 8 9 11 12 14 15 16 20 21 22 23 
8 0 5 7 13 17 21 22 23 
15 1 2 4 6 9 11 13 16 17 18 19 20 21 22 24 
17 1 2 4 5 6 8 9 10 11 12 13 14 15 17 18 19 22 
11 0 1 2 5 6 10 12 14 15 21 24 
15 1 2 3 4 5 8 9 10 11 12 13 15 16 19 22 
15 0 1 3 5 6 7 8 9 13 15 17 20 21 22 23 
11 5 6 8 9 11 12 13 17 20 22 23 
13 0 3 5 8 10 11 12 13 14 15 21 22 24 
11 0 1 3 6 7 8 12 15 17 18 24 
14 1 3 4 6 7 9 11 13 15 16 17 20 22 24 
14 0 1 2 3 4 5 6 7 9 12 14 17 23 24 
7 2 4 6 13 18 21 23 
15 1 4 6 8 9 10 13 14 15 16 17 19 20 22 24 
13 0 3 5 10 12 13 15 16 18 19 20 21 24 
15 0 2 5 6 7 8 9 11 12 14 17 18 20 21 22 
16 3 5 6 7 10 11 13 14 15 16 18 19 20 21 23 24 
16 0 1 3 4 5 7 8 12 13 14 15 16 17 20 22 24 
7 0 6 7 12 14 15 22 
13 1 3 8 9 11 13 14 15 17 19 20 21 23 
6 5 12 14 16 19 21 
12 0 1 2 3 4 5 12 15 17 19 20 24 
19 0 2 3 4 5 6 7 10 12 13 14 16 17 18 19 20 21 23 24 
13 0 7 8 9 12 13 14 15 16 18 20 21 22 
12 0 3 4 6 7 9 10 12 15 16 19 24 
12 1 3 5 6 8 9 10 13 17 18 19 24 
17 0 1 3 4 5 6 7 9 10 12 13 16 18 20 21 22 23 
12 1 2 3 5 7 8 10 11 14 22 23 24 
12 0 2 4 5 6 8 11 12 16 19 21 24 
9 1 3 6 8 10 11 12 18 21 
12 4 5 12 13 14 18 19 20 21 22 23 24 
8 2 4 6 9 16 22 23 24 
12 2 5 6 7 10 12 13 14 17 21 23 24 
14 2 4 5 6 8 9 14 16 17 19 20 22 23 24 
13 4 6 7 11 12 13 14 16 17 18 20 22 23 
19 0 2 4 6 7 8 10 11 12 13 14 17 18 19 20 21 22 23 24 
17 0 2 3 4 7 8 9 10 12 13 14 15 17 18 20 21 23 
14 0 4 5 7 8 9 11 15 16 17 18 19 22 24 
13 4 8 9 10 12 13 14 15 16 17 18 21 23 
12 0 3 6 9 11 12 16 17 19 20 21 22 
10 0 1 3 8 9 10 11 20 21 24 
13 0 4 5 8 9 13 14 15 17 20 22 23 24 
13 4 5 7 9 11 12 13 14 15 18 19 23 24 
19 0 1 4 5 7 8 9 10 11 13 14 15 17 18 19 20 22 23 24 
12 0 3 5 6 7 11 14 18 19 20 21 22 
12 4 6 8 9 11 13 14 17 18 19 22 24 
15 0 4 5 6 7 10 12 13 14 15 20 21 22 23 24 
