50:50
26 1 6 8 9 10 11 13 16 18 21 24 29 30 31 33 34 35 37 38 41 44 45 46 47 48 49 
26 1 2 5 6 7 8 12 15 16 17 18 19 20 21 22 23 28 29 30 32 35 36 39 44 45 49 
25 0 1 2 4 6 8 9 12 13 14 16 17 18 19 20 21 23 25 33 39 43 45 47 48 49 
29 0 1 2 3 5 6 7 9 11 12 13 16 17 18 19 21 24 27 30 31 32 34 35 37 38 39 41 45 46 
22 0 5 7 8 10 14 15 20 21 22 26 27 29 33 35 37 42 43 45 47 48 49 
30 0 1 2 3 4 5 6 7 8 10 13 14 15 16 18 19 20 24 26 29 31 32 33 35 36 39 40 45 47 49 
26 0 1 3 5 10 15 18 20 21 22 23 24 25 26 27 28 33 40 42 43 44 45 46 47 48 49 
23 1 3 4 5 6 7 10 11 12 17 19 22 23 25 27 31 32 34 35 36 40 43 46 
18 4 6 15 16 19 20 22 23 24 31 33 34 35 38 40 43 45 49 
25 0 1 2 3 6 8 10 13 14 15 16 17 19 21 22 24 27 30 36 38 41 43 45 47 48 
25 0 1 5 6 7 8 9 10 16 21 29 30 31 32 33 36 37 38 40 41 43 44 45 46 48 
20 0 2 3 6 7 8 17 21 22 23 26 29 32 34 37 38 39 40 43 47 
27 0 2 3 6 7 11 13 14 15 17 18 19 22 26 27 28 29 30 31 33 36 38 40 42 43 46 48 
28 0 2 3 4 5 6 9 14 15 16 17 19 20 21 22 23 25 26 29 32 33 34 36 38 40 41 47 48 
30 1 6 10 11 14 15 16 19 21 22 23 25 26 27 29 31 32 34 35 36 37 38 40 41 42 43 46 47 48 49 
28 0 2 4 5 6 7 8 10 11 12 14 15 17 20 21 22 24 25 26 28 30 32 33 41 42 45 46 49 
20 1 2 3 5 6 7 13 14 15 24 29 31 32 34 35 38 43 45 46 49 
27 0 3 4 5 7 11 13 14 15 16 17 18 19 22 24 25 29 32 35 36 39 40 41 43 44 46 47 
30 4 8 10 11 13 14 15 17 18 19 20 22 23 25 27 29 31 32 33 34 35 36 37 38 39 41 43 47 48 49 
22 5 6 7 12 14 15 16 17 19 23 24 26 28 29 30 35 36 39 41 44 46 49 
21 0 10 13 15 18 19 21 24 25 26 27 29 30 33 39 40 45 46 47 48 49 
27 1 3 7 8 9 10 11 12 13 14 17 18 19 20 22 25 26 29 30 31 35 37 38 42 45 47 49 
32 2 3 6 9 10 11 12 14 15 16 20 21 22 23 24 25 27 29 30 31 32 33 34 36 39 42 43 45 46 47 48 49 
21 1 2 3 7 9 11 12 14 16 18 21 23 24 26 27 39 42 43 44 48 49 
26 1 2 4 5 6 10 11 12 13 14 15 20 22 26 30 32 33 34 35 37 38 40 41 42 43 47 
27 0 2 4 5 9 10 11 12 15 17 18 20 21 22 26 28 30 34 35 36 37 38 39 42 44 48 49 
26 2 4 5 7 10 11 13 20 22 23 24 28 29 31 33 34 36 38 39 42 43 44 45 46 48 49 
25 1 3 4 7 9 10 12 15 17 23 24 26 27 30 31 33 34 35 36 41 42 43 45 46 49 
18 2 3 5 8 9 17 23 24 25 28 32 33 36 40 41 42 45 48 
27 0 1 6 7 8 9 11 14 18 19 20 21 22 24 25 29 32 33 35 38 39 40 41 42 43 44 48 
24 0 2 4 5 7 8 10 15 18 19 21 23 26 27 30 31 32 33 35 40 43 45 46 48 
29 1 2 4 9 10 11 12 13 14 15 17 18 19 20 22 27 28 29 31 32 34 35 38 39 41 43 44 47 48 
24 0 1 2 6 12 15 16 17 19 23 24 25 26 28 29 30 32 34 35 37 40 42 43 44 
25 0 2 5 11 13 14 16 18 19 20 21 25 26 29 30 32 33 37 38 40 41 42 45 47 48 
23 0 1 2 4 5 6 14 17 19 21 24 25 26 28 29 30 38 39 41 42 44 46 49 
26 0 1 2 4 8 9 12 14 16 20 22 24 25 26 27 28 30 31 32 36 38 40 42 43 46 49 
22 6 9 11 13 14 15 20 24 25 27 28 29 30 31 32 37 40 41 44 45 46 49 
23 5 6 7 8 10 17 18 19 21 22 24 25 27 28 29 31 32 33 37 41 44 45 48 
27 2 4 5 6 7 9 10 11 13 17 20 22 24 25 27 29 31 32 33 34 35 37 38 39 43 46 48 
18 0 2 3 4 7 9 15 16 21 22 25 31 32 37 44 47 48 49 
20 1 3 6 7 8 11 12 13 14 18 20 22 23 25 27 33 35 39 42 45 
19 0 1 4 5 6 7 11 12 13 17 20 22 25 27 30 31 32 33 45 
24 0 2 4 7 8 9 10 13 15 18 20 22 25 26 27 31 33 35 38 39 40 41 45 49 
17 0 5 7 12 19 24 27 28 30 34 36 37 39 40 43 46 48 
23 0 1 2 5 8 16 18 19 21 22 24 26 28 30 31 33 34 39 43 44 45 46 48 
24 3 5 10 11 12 13 14 15 16 17 18 19 20 23 24 25 26 27 35 40 41 43 45 48 
22 7 12 13 14 15 17 20 21 25 27 28 29 30 36 37 38 39 43 44 45 46 47 
25 2 3 7 11 15 16 20 21 22 23 24 29 30 31 32 36 37 38 39 40 42 43 46 47 49 
34 1 2 3 4 8 10 12 13 14 16 17 18 19 20 22 23 26 27 29 30 31 32 35 36 37 38 39 40 41 42 43 44 45 49 
19 1 3 10 12 13 14 18 21 23 24 25 26 27 29 32 36 40 45 47 
