50:50
29 0 1 2 3 4 5 8 9 14 15 16 17 19 24 27 30 31 32 33 35 36 37 39 40 43 44 45 46 48 
25 0 1 5 6 8 9 11 12 14 15 18 20 22 23 26 33 34 36 38 39 43 44 45 46 47 
22 0 5 7 8 9 10 11 14 15 16 17 22 24 29 30 31 32 35 36 37 47 48 
19 1 3 8 13 19 21 23 26 30 31 32 33 37 39 40 42 46 47 49 
24 1 3 4 8 10 12 13 14 16 17 20 25 26 27 31 32 33 36 38 40 42 43 44 47 
26 0 1 6 12 16 18 20 21 22 26 28 30 31 32 33 34 36 39 40 41 43 44 45 46 48 49 
23 0 4 5 6 9 11 15 16 21 22 23 28 30 32 36 38 40 41 42 43 45 46 47 
27 0 2 6 8 10 11 12 14 16 17 20 21 22 23 24 25 26 27 28 29 30 33 37 38 39 43 44 
23 4 5 8 9 12 14 16 17 20 23 30 31 32 33 34 36 37 38 40 41 42 45 47 
28 0 2 4 6 8 9 12 13 19 20 21 22 23 24 29 30 31 32 36 37 40 41 42 44 45 46 47 49 
25 0 2 3 4 5 7 8 11 13 14 15 17 19 20 22 24 29 32 33 40 42 43 45 47 49 
24 0 2 4 6 7 8 10 11 14 15 16 17 19 21 25 31 32 33 37 41 42 43 44 47 
23 1 3 4 7 8 9 11 12 14 22 23 24 25 29 31 33 36 37 39 40 41 44 47 
24 0 2 3 7 11 12 13 16 18 20 21 22 24 29 30 34 35 36 40 41 42 43 46 49 
18 1 6 7 8 13 14 17 20 22 24 31 33 34 37 39 40 43 48 
23 4 7 8 11 13 14 17 18 22 23 25 26 27 28 29 30 32 34 36 37 41 42 47 
25 0 1 2 3 6 8 10 11 12 13 14 19 20 24 25 26 32 33 36 37 39 43 44 48 49 
23 0 2 5 6 8 14 17 19 22 23 25 26 28 30 31 33 34 35 38 40 43 47 49 
30 2 3 4 5 6 7 9 10 13 15 16 17 19 20 21 22 24 30 32 33 35 36 37 39 41 42 43 44 48 49 
22 0 2 3 5 7 10 13 14 15 19 21 22 27 28 29 35 36 40 44 45 46 49 
27 0 5 6 10 11 12 14 15 16 17 20 21 24 26 33 35 37 38 40 41 42 43 44 45 47 48 49 
27 0 1 2 4 5 7 9 10 12 15 16 18 20 21 25 27 28 29 30 36 37 38 39 43 46 47 49 
23 1 5 7 9 10 12 13 16 18 19 20 22 27 29 30 32 33 34 36 37 38 40 46 
25 0 2 3 5 6 7 12 14 17 20 21 23 24 25 27 28 29 31 33 35 39 40 41 42 45 
24 2 3 4 5 10 11 16 18 23 26 27 28 29 30 31 32 33 34 35 37 39 45 46 49 
28 3 6 7 10 11 13 14 15 17 18 20 21 25 26 28 29 30 31 32 33 35 38 43 44 45 47 48 49 
27 1 2 3 4 11 13 14 15 16 17 18 24 25 28 30 32 33 36 38 39 40 41 42 43 44 48 49 
23 0 1 7 9 10 11 14 18 22 23 24 25 26 28 29 31 32 34 37 38 40 45 47 
29 1 6 8 9 11 13 15 17 18 19 21 23 24 25 26 28 29 31 33 34 35 38 39 40 41 44 45 47 49 
28 0 2 3 7 9 11 12 13 16 18 20 21 24 26 27 28 30 31 32 35 37 39 41 43 44 45 48 49 
26 0 2 3 4 6 7 8 9 10 13 15 17 19 20 21 24 26 27 30 31 32 34 41 42 43 47 
30 1 3 4 5 6 7 10 13 14 15 23 25 26 29 30 31 32 33 34 35 37 39 40 41 43 44 45 47 48 49 
31 0 1 4 6 7 9 10 12 16 17 18 19 21 22 23 24 25 27 29 30 32 33 36 37 38 40 41 44 45 46 47 
18 0 1 5 8 13 14 15 22 23 28 29 31 35 39 42 43 46 48 
25 0 1 4 5 6 8 9 10 14 17 21 22 23 27 28 29 30 32 36 40 42 43 44 47 48 
28 0 2 3 4 6 8 10 11 12 14 16 17 23 26 28 29 30 31 32 34 35 38 40 41 43 46 47 48 
29 0 4 6 7 10 11 15 17 22 24 25 26 28 29 31 32 34 35 36 39 40 41 42 43 45 46 47 48 49 
26 0 1 2 3 5 7 8 10 12 14 18 21 23 24 25 26 32 34 36 38 39 41 42 43 48 49 
26 0 1 2 3 4 6 10 11 13 14 16 19 20 21 23 26 29 31 34 37 38 39 45 46 47 49 
25 0 3 4 5 7 9 12 13 15 16 17 22 23 24 25 26 28 29 33 34 35 40 42 47 48 
35 2 3 4 5 7 8 9 10 12 13 15 20 21 22 23 25 26 27 28 29 30 31 33 34 35 37 38 40 42 43 44 45 46 47 49 
24 2 4 7 8 10 11 12 13 14 16 22 24 26 27 29 31 34 35 36 38 41 45 48 49 
22 0 2 8 12 15 18 19 23 25 27 28 32 33 34 35 37 44 45 46 47 48 49 
30 0 2 4 6 8 9 10 11 15 17 18 20 21 22 24 26 27 28 29 30 31 32 34 35 36 37 41 43 45 46 
20 0 1 4 5 6 7 8 12 14 15 20 21 23 28 34 38 40 44 45 48 
25 0 1 2 3 9 10 11 13 15 19 21 23 31 32 34 35 37 40 42 43 44 45 46 47 49 
31 0 1 2 7 9 10 11 12 13 16 18 19 20 22 23 25 26 27 28 30 31 32 33 34 36 38 43 46 47 48 49 
25 1 2 9 11 13 14 18 19 20 21 23 24 28 29 30 33 34 35 37 38 40 41 44 45 47 
29 0 1 3 4 5 7 8 10 11 14 16 17 18 19 20 23 26 27 29 31 35 36 38 39 40 41 42 44 47 
27 2 3 7 8 12 13 15 16 19 23 25 28 29 31 32 33 34 35 37 38 39 40 43 44 46 47 48 
