50:75
21 2 5 9 11 12 14 15 17 18 19 21 29 32 37 39 40 47 51 64 67 72 
29 12 13 14 16 19 24 25 26 27 28 32 33 35 38 40 42 43 45 46 49 51 54 57 59 60 63 64 71 74 
12 14 17 20 22 30 38 40 44 46 57 63 73 
21 6 8 10 14 15 16 21 22 23 29 30 34 36 45 49 55 59 60 65 69 73 
15 0 1 2 20 23 24 38 39 51 52 54 56 63 72 74 
24 0 1 2 4 6 7 11 16 18 22 26 27 28 30 31 32 33 35 38 57 64 69 70 74 
18 1 8 10 11 12 13 21 29 37 48 49 51 52 55 59 63 64 73 
25 0 8 9 11 14 16 18 19 28 30 34 35 38 42 44 45 46 47 49 51 54 58 65 69 74 
17 0 3 8 18 21 34 39 46 49 53 58 64 67 68 70 71 72 
17 0 1 2 15 20 21 23 26 37 41 43 48 52 63 66 73 74 
20 0 11 14 16 20 24 26 27 28 30 39 40 42 45 50 54 56 64 70 72 
24 4 5 12 13 14 20 23 24 26 32 33 35 36 39 40 43 49 52 56 57 58 65 67 70 
20 0 1 3 9 11 14 15 16 24 25 33 37 53 55 56 61 62 64 71 73 
20 1 3 12 13 21 22 24 26 30 35 41 44 45 47 54 58 63 64 65 70 
18 3 7 14 18 22 25 29 33 47 49 53 56 57 59 62 65 72 73 
17 2 5 12 19 25 30 31 32 38 39 43 58 59 62 65 67 73 
15 2 5 6 11 13 16 19 37 45 46 51 56 61 62 69 
17 10 16 23 27 28 31 37 38 44 50 51 52 61 63 64 70 73 
20 10 11 12 13 20 28 35 36 40 41 43 47 49 50 54 62 63 67 69 74 
20 4 11 12 16 23 28 38 40 41 46 47 48 52 53 54 57 61 63 70 71 
22 3 4 7 10 11 13 16 18 19 30 37 43 45 50 52 54 56 58 60 61 62 69 
21 7 13 16 21 22 27 29 31 38 40 42 46 48 53 57 60 61 68 70 71 73 
19 14 16 17 18 23 26 32 34 36 38 42 43 51 53 58 62 64 67 68 
19 2 5 11 12 16 19 20 23 27 32 36 39 44 46 56 59 71 72 73 
17 0 11 13 14 18 20 21 22 34 37 42 45 60 62 69 70 73 
25 0 4 13 17 19 20 21 28 31 32 38 39 40 44 49 52 53 54 58 64 68 69 71 72 73 
12 8 13 14 26 38 43 48 50 62 65 66 72 
17 0 9 11 15 18 32 33 39 41 42 43 46 56 58 71 72 74 
18 3 14 22 25 26 28 33 44 48 49 50 53 54 55 60 65 67 74 
24 0 1 5 7 9 18 20 24 28 30 31 33 35 36 38 43 44 46 49 50 53 54 68 74 
24 1 2 3 6 7 9 10 22 25 26 34 35 38 41 42 43 44 48 49 50 51 53 56 68 
20 0 6 13 15 17 19 20 28 31 32 34 37 38 46 49 62 64 66 69 73 
19 5 11 13 15 23 24 25 31 37 43 45 53 59 60 61 65 66 68 70 
18 2 3 7 8 10 15 17 19 22 25 37 53 54 56 58 67 69 70 
20 0 2 3 9 12 15 21 32 38 43 44 45 47 49 51 55 59 60 61 64 
20 4 7 9 10 16 22 24 25 27 30 32 35 45 46 54 60 63 65 67 73 
17 0 4 9 12 20 23 29 31 38 41 43 45 65 69 70 72 74 
19 4 6 8 11 28 31 35 43 46 47 50 52 54 57 58 59 62 70 72 
13 16 24 25 28 30 34 39 40 41 44 47 69 73 
20 4 7 13 21 25 26 29 33 34 35 38 42 43 45 57 61 64 65 67 74 
12 2 17 20 26 36 44 53 56 58 62 66 72 
16 2 3 4 6 9 25 29 32 38 40 42 45 49 56 66 69 
21 0 4 6 9 12 19 21 22 25 28 29 34 36 46 47 50 51 58 60 65 72 
18 3 6 8 21 25 31 33 34 40 44 48 51 55 62 64 69 70 73 
16 5 9 13 14 19 21 30 31 32 39 41 50 54 64 71 72 
21 4 9 10 11 15 16 18 21 29 36 37 40 45 49 50 52 58 61 63 72 73 
16 1 7 10 11 12 14 16 21 22 33 43 45 53 57 62 71 
16 0 2 10 15 18 20 21 32 33 40 41 55 65 66 69 74 
17 1 8 11 20 24 28 37 42 47 54 55 56 59 62 64 66 72 
20 2 4 15 18 28 29 30 32 35 36 37 42 48 53 55 56 58 59 66 72 
