50:75
11 0 1 18 24 30 36 37 43 55 72 73 
11 6 14 18 23 35 40 49 56 60 67 74 
16 0 2 3 5 8 27 28 35 38 42 43 50 54 56 71 72 
17 4 10 12 32 34 35 38 48 54 58 60 63 65 68 70 72 73 
15 3 20 21 22 24 29 31 34 42 48 51 56 64 65 68 
18 2 9 16 27 31 32 36 38 44 46 47 48 52 62 67 68 69 72 
16 0 3 7 9 11 16 27 34 39 45 46 50 55 61 71 72 
19 1 6 16 20 24 25 28 30 35 39 43 45 46 50 51 57 65 66 73 
12 2 11 12 20 26 28 29 31 37 39 42 44 
19 2 4 5 10 18 19 23 34 37 39 41 46 51 59 60 61 62 67 70 
23 0 2 4 8 21 23 25 26 27 30 32 33 37 41 48 51 54 59 60 67 69 72 73 
28 4 5 7 11 12 18 19 20 23 24 36 38 45 47 49 50 51 54 55 57 59 60 61 64 65 69 70 73 
18 0 1 3 4 5 7 9 11 17 18 32 43 47 52 53 59 72 73 
18 4 5 6 12 15 17 24 25 28 29 36 40 42 43 46 52 58 60 
20 0 6 10 13 16 20 24 25 26 35 36 39 43 49 55 60 64 65 67 69 
22 0 2 8 11 14 18 19 21 23 24 25 30 37 40 44 45 46 49 50 58 68 71 
22 7 8 14 20 32 33 37 39 42 44 45 52 56 61 62 64 66 67 69 70 73 74 
12 11 12 19 20 23 41 49 50 62 69 71 72 
17 5 15 18 20 21 22 31 32 35 37 40 48 51 54 57 70 73 
15 7 10 11 17 19 20 39 42 43 53 54 55 61 66 72 
17 1 5 6 9 26 27 30 38 40 41 43 52 53 60 62 64 70 
21 0 5 6 10 17 20 22 27 28 29 30 31 34 35 37 42 55 56 59 66 71 
17 4 7 11 18 19 22 24 25 26 39 41 42 58 62 71 72 73 
19 0 12 22 25 28 32 33 43 44 45 46 49 52 57 59 61 65 67 73 
15 5 7 8 18 20 21 23 33 38 47 56 59 61 65 72 
21 0 2 3 6 10 18 21 22 35 36 42 46 47 50 53 54 55 61 63 69 71 
12 6 9 15 20 30 35 47 48 56 64 66 71 
18 2 6 8 10 14 19 22 23 24 27 33 34 50 52 54 56 60 65 
21 4 5 7 8 10 12 16 19 23 32 34 42 45 52 55 57 62 67 71 72 74 
24 5 8 9 10 11 12 13 26 29 33 36 41 45 46 47 49 51 55 57 59 60 66 67 69 
13 2 18 20 25 27 30 34 44 45 59 60 66 68 
22 3 5 8 17 19 20 25 30 32 36 42 56 57 58 60 61 63 64 65 66 67 72 
17 3 5 8 17 19 20 21 23 30 33 40 42 45 48 51 58 65 
16 0 2 6 8 10 18 23 31 35 46 51 53 58 69 71 73 
21 1 3 5 7 16 18 30 33 34 36 39 41 46 48 54 55 56 67 69 72 73 
23 3 5 6 7 10 11 13 15 19 24 29 30 35 38 40 46 47 59 63 64 68 71 73 
22 4 8 12 14 15 21 24 26 32 35 36 37 38 39 43 49 50 51 61 62 63 66 
18 0 2 5 12 13 19 20 22 24 26 34 37 38 40 42 61 62 70 
17 8 10 16 21 23 25 26 33 39 42 46 52 56 58 60 62 65 
17 1 2 4 26 27 30 33 35 36 46 54 57 64 67 68 70 74 
25 2 5 9 10 13 18 28 35 36 37 38 39 41 43 44 45 47 50 51 55 56 62 69 71 74 
22 4 10 11 15 18 20 22 31 36 39 41 42 43 45 46 49 54 56 58 66 69 72 
17 1 5 7 8 16 24 25 28 31 35 38 40 43 58 71 72 74 
19 2 3 4 8 9 15 18 20 37 38 40 47 49 50 51 56 63 67 69 
18 0 1 3 4 6 7 8 11 20 26 27 39 43 45 54 57 65 66 
24 0 3 13 14 18 20 21 24 25 32 35 36 40 42 43 44 52 55 57 62 63 69 70 72 
23 0 3 9 12 13 14 17 19 27 30 42 45 48 49 53 54 58 61 64 70 72 73 74 
12 11 15 19 23 25 28 31 39 40 48 57 66 
16 0 2 4 17 18 19 43 47 50 52 54 60 61 64 71 73 
19 5 6 8 11 13 15 19 27 33 34 36 40 47 48 50 62 66 71 73 
