50:25
6 2 3 11 12 13 21 
6 2 7 10 13 21 24 
7 2 6 10 12 13 18 22 
4 3 15 18 19 
4 5 13 15 20 
5 8 14 18 19 21 
1 7 
8 0 3 11 12 14 16 19 24 
3 5 12 23 
5 3 12 16 20 22 
5 5 6 9 13 17 
6 5 10 16 21 22 24 
5 1 7 13 17 18 
2 12 22 
4 5 6 15 22 
3 7 13 16 
9 0 3 6 10 11 13 18 22 24 
6 4 7 9 12 20 24 
3 9 17 19 
3 6 10 19 
8 0 8 13 15 18 20 21 22 
7 3 5 6 17 19 20 21 
5 5 12 16 19 23 
9 0 2 10 12 13 15 16 18 23 
6 1 4 11 12 16 20 
6 0 3 7 14 15 19 
7 1 2 3 15 16 21 22 
6 1 4 7 8 10 18 
8 1 4 6 7 9 11 14 17 
6 2 6 9 12 13 14 
8 2 10 11 14 20 21 22 24 
3 7 8 18 
8 4 8 9 11 12 14 18 23 
5 6 12 15 16 18 
9 1 3 4 7 9 12 14 17 20 
4 0 3 13 19 
7 6 9 13 16 19 21 23 
5 2 5 7 18 23 
4 0 4 12 23 
6 2 8 10 13 15 19 
7 2 7 10 12 16 19 21 
8 1 7 9 12 20 21 23 24 
7 1 2 6 17 19 23 24 
8 2 10 11 12 16 18 20 23 
7 5 10 12 14 15 17 18 
8 5 8 11 13 15 19 20 23 
4 1 6 17 19 
6 5 6 18 19 22 24 
7 0 1 6 7 18 23 24 
1 16 
