50:75
25 2 9 12 13 14 18 19 23 24 28 32 36 37 42 44 47 48 52 53 54 55 58 64 67 68 
18 2 4 6 16 22 26 34 46 48 50 52 53 64 65 69 71 73 74 
19 0 5 8 10 15 22 23 28 34 35 39 43 46 51 55 56 57 61 66 
14 1 3 10 11 13 15 24 29 32 38 46 47 59 66 
20 1 8 22 23 24 26 33 38 40 47 50 53 54 57 58 62 65 66 69 70 
19 1 5 12 16 20 22 32 36 37 38 45 49 54 55 58 59 66 70 71 
15 6 13 17 19 23 31 35 36 43 58 60 65 68 70 72 
19 6 8 9 15 16 23 26 27 28 29 31 33 38 53 56 59 62 71 73 
23 0 2 4 5 17 22 25 26 27 29 31 37 38 39 41 43 53 55 59 62 63 65 72 
18 0 4 7 12 14 17 26 34 35 38 50 54 57 58 59 68 73 74 
17 2 7 8 9 10 16 35 38 41 46 52 53 54 55 61 70 71 
14 1 3 10 13 24 25 31 32 33 34 49 50 58 69 
23 2 4 5 6 7 14 17 20 21 29 32 34 37 40 41 47 50 60 63 64 65 70 74 
18 6 7 17 20 22 32 33 40 41 45 48 49 51 53 56 58 65 73 
24 1 5 9 10 12 17 26 36 38 43 45 50 52 58 59 60 61 62 64 65 67 68 70 72 
20 3 4 6 7 18 25 28 30 32 33 35 44 55 57 59 65 68 69 72 74 
20 6 9 11 13 17 19 20 22 25 32 35 45 47 49 60 61 65 68 69 73 
13 0 2 9 25 30 32 33 37 38 40 55 66 72 
21 6 9 10 11 18 19 23 26 32 34 35 36 39 45 49 50 56 59 67 68 70 
16 3 6 10 15 19 28 35 36 39 47 51 52 53 55 61 62 
21 1 5 6 8 9 13 16 17 23 30 35 39 40 43 51 52 54 57 66 68 72 
22 2 3 9 12 16 19 22 24 25 28 29 32 48 49 52 55 56 57 59 61 64 67 
20 2 6 9 12 14 17 18 21 25 29 33 39 40 41 53 57 58 60 66 73 
21 3 5 6 7 8 9 27 29 31 33 34 36 37 47 48 51 53 61 64 72 73 
14 6 8 13 17 18 20 27 31 39 44 51 55 57 61 
21 4 6 10 14 15 16 17 26 31 32 33 39 43 45 47 51 59 60 63 64 74 
17 4 7 11 22 23 25 33 34 40 44 47 52 53 56 59 70 72 
18 1 4 10 16 18 19 31 33 35 39 43 45 51 54 57 58 59 72 
20 2 4 5 11 19 26 27 31 35 43 45 49 50 53 54 62 67 69 72 73 
15 4 5 13 16 30 33 34 36 39 51 53 57 58 71 72 
15 1 2 5 11 14 18 27 29 32 44 47 61 62 65 70 
19 4 10 15 16 22 23 24 28 29 38 43 45 46 55 60 61 68 70 72 
13 10 14 16 18 20 30 33 35 37 56 57 66 68 
8 4 16 33 41 45 62 66 73 
17 1 3 11 15 18 35 41 42 47 48 55 56 61 62 64 65 66 
12 2 31 34 36 40 42 46 51 53 58 64 67 
23 2 5 7 14 16 19 21 23 25 27 30 33 36 37 45 49 52 64 65 68 70 72 73 
14 1 2 9 10 11 15 23 33 37 50 56 60 62 71 
18 4 9 11 12 13 16 18 23 35 48 52 53 59 60 66 67 68 73 
14 6 7 9 18 35 36 41 42 43 48 55 56 61 68 
17 5 10 17 18 22 24 26 33 34 36 42 43 44 59 62 69 70 
14 1 4 6 10 11 22 24 25 35 36 41 50 62 68 
18 4 6 8 11 13 23 26 32 38 46 48 50 52 54 56 60 62 68 
23 1 4 6 8 13 17 20 25 29 31 32 34 37 38 41 42 52 54 55 56 66 67 68 
17 1 6 7 9 12 17 19 20 22 24 27 35 47 50 61 63 64 
14 0 3 15 21 22 24 39 40 48 54 62 64 65 74 
18 0 5 10 11 14 26 28 29 36 47 48 50 55 57 65 68 69 73 
11 5 33 39 40 49 53 56 57 67 70 73 
14 2 5 7 14 19 36 38 39 49 50 55 59 60 68 
11 21 22 24 33 36 46 47 59 65 69 72 
