50:50
16 0 1 2 5 9 11 16 17 18 19 20 21 23 25 35 47 
14 0 1 4 10 18 24 29 36 37 41 43 47 48 49 
15 1 3 8 10 11 18 25 26 34 37 43 44 46 48 49 
9 2 3 4 5 7 13 16 32 35 
10 6 8 10 11 24 29 30 31 33 49 
10 0 5 10 14 22 23 24 25 30 47 
11 6 18 19 20 24 27 29 39 40 43 44 
22 1 4 5 8 17 18 20 21 23 25 29 30 32 33 34 36 38 39 42 46 47 49 
16 4 9 16 19 22 24 29 32 35 39 41 44 45 46 47 49 
10 4 6 8 15 23 29 37 40 45 49 
12 0 4 9 20 28 29 31 35 36 37 46 48 
7 3 30 39 40 41 42 48 
13 1 3 9 18 23 24 25 30 31 36 37 39 40 
9 2 7 22 27 33 37 39 44 46 
13 4 10 16 17 20 30 33 38 40 41 42 44 47 
10 2 16 17 19 23 26 27 38 39 40 
11 3 9 14 16 22 27 28 34 36 39 40 
15 5 6 8 12 14 15 18 21 23 25 26 30 37 38 41 
12 0 6 11 16 18 20 24 25 29 36 39 42 
11 0 2 5 8 11 12 13 21 29 44 46 
10 1 5 8 16 20 23 24 27 40 48 
16 3 11 12 17 18 19 25 30 31 34 35 37 38 39 41 42 
8 2 3 6 19 22 37 42 45 
14 4 10 17 22 23 26 27 32 33 34 36 38 44 46 
12 12 15 18 22 25 26 32 37 38 44 48 49 
12 3 6 14 24 27 29 30 31 34 39 41 48 
12 3 12 17 19 25 27 33 35 37 40 41 47 
13 2 7 17 19 22 24 31 33 38 40 42 44 49 
9 9 10 12 26 30 31 39 44 45 
11 0 1 2 13 29 30 31 32 33 35 36 
11 1 10 14 17 19 31 33 35 38 41 43 
12 2 10 11 21 22 27 28 29 31 39 40 42 
13 7 16 19 22 23 24 30 32 34 37 40 42 43 
13 0 3 6 12 13 20 25 28 31 32 42 46 48 
12 5 6 19 20 21 23 24 27 37 43 45 46 
12 3 4 10 12 13 15 18 20 30 40 43 48 
10 1 2 15 19 24 26 29 39 41 44 
9 10 12 15 20 21 30 31 42 44 
16 4 8 9 10 12 16 18 25 26 28 30 38 41 42 45 48 
9 11 12 14 18 32 38 40 43 45 
14 8 9 14 15 24 28 37 40 42 44 45 46 48 49 
13 2 5 9 11 13 14 25 26 32 36 38 39 42 
11 5 8 9 15 17 20 28 32 37 38 40 
12 6 7 9 16 19 20 22 24 25 26 33 42 
10 0 3 4 5 6 7 8 10 48 49 
12 0 4 5 9 16 20 27 29 30 38 42 48 
10 1 9 19 25 30 36 38 43 44 47 
12 0 2 4 5 8 11 15 16 22 29 30 48 
15 2 3 4 5 9 13 14 24 33 35 36 37 40 41 49 
11 2 4 5 23 25 27 28 34 39 40 41 
