50:75
33 0 6 14 16 17 18 19 21 24 30 32 35 36 37 39 41 42 45 47 48 49 50 51 52 53 56 60 65 67 68 70 71 74 
37 3 4 8 9 11 12 13 16 18 19 20 25 26 27 28 30 31 32 34 38 39 42 43 45 47 48 49 50 51 53 56 60 65 66 67 72 73 
41 0 1 3 4 5 8 12 16 17 18 20 21 22 23 24 25 26 27 28 29 30 32 34 39 40 41 43 45 46 47 52 53 54 56 57 60 62 65 69 71 73 
31 5 7 9 11 12 13 18 20 22 29 33 34 37 39 40 42 43 45 46 47 51 52 53 54 55 62 66 69 70 73 74 
31 0 3 4 6 8 9 11 13 17 20 21 23 24 26 27 28 30 32 33 38 40 43 48 49 50 53 59 60 61 66 69 
36 2 6 9 10 11 12 13 14 15 18 20 23 25 27 28 29 30 36 38 39 46 49 50 52 56 58 59 61 63 66 67 68 69 70 71 74 
37 2 3 4 7 8 10 17 19 21 22 26 28 29 31 33 35 36 37 39 42 45 48 49 51 53 54 55 57 58 59 60 61 62 63 66 70 73 
35 2 7 8 10 13 14 17 18 29 30 32 33 34 35 38 39 41 42 43 45 46 47 48 49 51 52 59 60 62 63 64 66 67 68 71 
38 0 4 5 6 7 8 10 11 13 17 18 22 23 24 25 27 29 31 37 38 40 47 48 50 52 57 62 63 64 65 66 67 68 69 70 71 72 73 
39 2 3 5 9 11 12 15 18 20 22 25 27 31 33 35 37 38 39 42 43 45 46 47 48 50 51 52 53 55 58 59 60 61 63 65 67 70 71 74 
42 0 3 4 5 7 10 12 16 17 18 19 21 26 27 28 30 31 33 36 37 38 39 40 41 43 47 49 50 52 53 54 55 57 58 59 60 62 65 67 70 73 74 
39 2 3 5 6 7 16 17 18 20 22 23 24 25 26 27 28 29 30 32 34 38 40 42 43 45 49 53 55 56 57 59 60 61 62 65 66 70 73 74 
43 0 3 4 5 8 9 11 12 15 16 22 23 24 25 26 27 32 33 34 35 37 38 40 41 42 43 44 45 47 48 49 50 52 57 58 59 62 63 64 65 66 68 74 
32 3 5 9 11 17 21 22 26 27 30 31 32 33 35 37 39 40 41 44 45 52 54 56 57 58 62 63 64 65 68 70 72 
42 0 1 2 3 4 5 8 9 11 13 14 16 17 18 20 21 22 23 26 27 31 32 33 35 37 38 42 44 46 47 54 55 57 62 63 66 67 68 69 70 72 73 
33 2 8 9 12 14 15 18 21 22 23 24 27 28 36 37 38 42 46 47 49 50 51 53 56 57 59 60 62 63 64 68 72 73 
39 0 3 4 5 10 12 13 17 18 21 22 24 26 28 29 30 31 32 33 37 39 40 43 44 45 46 49 51 52 55 56 57 58 62 67 68 69 71 72 
39 1 3 6 7 8 10 11 12 13 16 17 18 20 23 26 27 28 33 34 36 37 39 41 44 45 47 50 53 54 56 57 59 60 63 64 66 67 71 74 
39 0 1 2 5 6 8 13 16 17 18 20 21 27 29 31 32 33 34 35 36 37 39 42 43 45 46 47 56 57 58 59 62 63 65 66 67 69 73 74 
41 1 2 9 10 11 14 16 17 18 20 23 24 25 26 28 29 32 34 35 37 39 41 44 45 47 48 51 52 55 56 57 58 59 60 65 66 68 69 70 72 74 
33 0 2 4 8 11 16 17 18 19 20 21 22 23 25 26 29 30 31 33 35 40 42 44 46 48 56 58 60 63 66 68 69 71 
33 0 4 6 7 8 11 12 17 21 22 23 24 25 28 30 31 33 39 42 43 50 55 56 59 60 62 63 64 65 68 70 71 74 
30 0 2 3 4 9 12 13 15 21 24 26 27 32 34 39 41 42 46 48 49 51 52 53 54 55 56 57 61 68 69 
41 1 2 3 5 8 9 12 13 15 21 22 23 24 26 27 28 32 33 34 35 36 37 40 45 48 50 54 55 56 57 58 60 61 63 64 66 69 71 72 73 74 
38 0 2 6 9 11 13 14 15 16 18 19 20 23 25 27 29 35 40 45 46 49 50 51 52 53 54 55 56 57 58 60 63 65 68 70 71 72 74 
40 0 3 6 8 10 11 16 18 19 23 26 27 28 30 31 33 34 35 36 38 39 40 44 47 48 49 54 55 56 57 59 60 62 63 66 68 70 71 72 74 
36 1 3 5 9 11 13 17 18 20 22 23 24 28 32 38 39 41 42 43 44 46 48 50 53 54 56 57 58 59 61 62 65 66 67 72 73 
42 0 1 2 3 8 9 10 11 12 13 14 17 18 19 20 21 26 27 30 31 32 34 36 37 40 43 45 46 47 49 54 55 59 61 64 65 66 68 70 71 72 73 
43 0 4 5 6 7 9 10 11 13 14 15 19 21 23 24 27 28 29 30 31 35 36 37 38 40 42 44 45 48 50 54 56 57 58 59 60 61 62 63 64 65 68 71 
44 8 9 11 12 13 16 17 18 21 22 23 24 29 31 32 33 35 38 39 41 42 43 44 45 46 47 48 49 50 52 53 54 56 58 60 62 64 65 66 67 69 70 71 72 
40 4 6 7 8 9 10 11 12 13 14 15 17 18 19 20 22 24 31 32 33 34 36 37 41 44 45 48 49 50 54 55 56 57 59 61 62 63 68 69 73 
38 1 5 6 7 11 16 17 18 19 20 21 22 23 24 27 28 31 32 37 44 48 51 52 54 55 56 57 59 60 62 63 64 65 70 71 72 73 74 
31 0 7 11 15 17 20 21 23 25 27 28 30 32 33 35 37 38 40 43 44 45 46 47 49 53 54 58 59 60 65 70 
35 1 2 3 6 11 12 15 17 18 19 22 24 25 27 30 32 39 40 44 45 46 48 49 50 51 55 59 60 63 66 67 68 70 72 73 
32 1 5 7 9 11 13 15 20 23 28 29 33 34 36 37 39 42 44 52 54 55 56 57 58 60 63 64 65 67 68 71 72 
47 0 3 4 7 8 9 10 15 16 17 19 23 24 25 27 29 30 32 33 35 37 38 39 43 44 45 46 47 49 50 51 52 53 54 55 59 60 61 62 63 64 65 67 70 71 72 74 
39 5 8 9 10 13 14 15 16 18 22 24 25 27 29 31 32 39 40 41 43 44 45 46 51 52 54 55 56 59 60 62 64 65 66 68 69 70 71 72 
38 0 1 3 7 8 10 13 14 17 18 19 20 22 23 25 26 27 29 31 32 34 38 40 41 42 43 46 47 49 50 51 53 54 67 70 72 73 74 
32 1 2 4 5 6 7 8 9 12 13 15 16 19 20 21 28 32 33 35 40 41 44 48 49 54 56 59 62 66 67 70 73 
38 0 2 3 4 8 9 10 11 17 23 30 31 33 34 35 36 38 39 40 41 42 44 45 46 48 49 50 51 52 53 57 58 60 61 63 66 70 74 
30 0 5 6 7 8 9 11 12 17 19 21 22 25 26 32 35 38 39 40 42 49 53 56 58 59 61 62 63 66 71 
34 3 6 7 10 11 15 18 22 23 25 26 29 33 35 36 37 42 47 48 51 53 54 55 56 58 59 63 64 67 69 70 71 72 73 
33 0 3 5 6 7 8 10 21 22 24 27 28 29 30 31 36 37 41 42 43 44 45 46 48 49 50 58 62 63 66 67 73 74 
43 3 7 8 10 12 14 15 18 20 21 22 23 24 28 29 30 31 36 37 38 39 41 42 43 44 45 48 49 51 52 54 56 57 62 63 64 66 67 68 69 71 72 73 
40 0 2 3 5 7 9 11 13 14 18 19 20 22 23 24 25 26 27 30 31 32 33 34 35 39 40 41 43 44 46 47 49 50 54 55 56 60 66 72 74 
36 2 5 6 7 8 9 11 12 13 18 19 21 22 23 25 27 28 32 38 44 48 50 51 52 53 54 57 58 62 63 64 66 69 71 72 74 
35 0 3 6 10 11 12 13 16 17 18 19 21 22 26 27 28 32 35 36 38 39 40 41 45 46 51 53 59 63 64 65 66 68 73 74 
38 3 4 5 8 9 12 13 15 16 17 19 23 24 25 28 29 30 32 35 36 38 42 44 45 46 47 48 51 54 57 59 60 62 63 65 67 69 73 
37 0 1 8 9 10 11 12 13 15 19 22 25 28 30 31 32 33 34 39 42 44 46 51 54 55 56 57 59 60 61 63 66 67 68 69 70 72 
35 0 2 4 6 8 9 10 12 13 15 19 20 22 26 39 41 45 46 47 48 49 50 54 56 59 61 62 63 64 66 68 69 71 72 74 
