50:25
10 1 5 8 9 12 13 14 21 22 23 
4 6 12 13 23 
8 0 3 7 9 14 18 20 24 
5 1 4 5 16 22 
7 2 3 5 8 15 19 20 
8 0 6 9 15 17 19 20 24 
6 2 3 10 14 18 24 
6 5 8 13 14 15 19 
5 1 9 18 22 24 
8 0 4 7 8 9 14 16 20 
9 2 3 4 6 8 9 14 15 22 
4 0 4 5 19 
5 2 8 11 15 17 
4 2 3 10 16 
7 2 4 6 12 16 17 24 
4 0 9 11 13 
7 0 2 4 5 8 14 18 
6 1 6 7 16 18 21 
8 2 7 8 13 14 19 22 24 
8 0 1 2 4 6 11 20 21 
7 0 7 14 16 18 22 24 
7 2 9 11 15 16 17 22 
4 10 12 15 19 
7 1 7 10 11 15 17 20 
5 0 2 11 12 16 
7 1 2 4 10 14 17 20 
5 2 5 8 21 24 
4 5 16 23 24 
6 0 8 11 21 23 24 
6 0 8 9 13 15 21 
8 2 3 4 5 6 18 20 21 
3 11 18 23 
8 0 1 4 6 9 10 18 22 
5 5 7 8 10 23 
8 5 7 9 10 15 19 22 23 
7 5 12 15 18 19 20 21 
5 2 5 10 14 23 
7 2 4 6 8 9 18 23 
4 0 7 10 22 
6 3 6 14 20 22 23 
5 2 7 19 21 23 
5 9 10 18 20 24 
4 2 7 16 18 
7 2 5 7 10 17 22 23 
5 10 12 14 21 24 
5 5 10 15 16 18 
4 11 13 18 21 
1 8 
6 1 4 10 11 12 24 
10 0 3 4 7 9 10 16 18 20 24 
