50:25
10 0 3 6 7 8 12 13 15 18 21 
7 0 3 4 5 14 20 24 
7 0 3 8 11 15 19 24 
10 2 5 10 11 12 13 14 18 21 22 
8 0 2 6 7 17 20 21 24 
7 0 3 6 10 13 14 24 
6 0 4 10 11 15 19 
9 1 3 6 12 18 19 20 21 22 
5 0 1 8 13 19 
6 2 7 11 12 14 20 
3 4 14 18 
5 0 7 8 15 17 
5 0 7 9 15 20 
4 3 12 14 16 
9 0 2 6 8 9 10 11 13 21 
3 4 6 8 
5 3 4 10 13 20 
6 4 5 9 18 20 24 
7 5 7 11 12 15 21 22 
6 0 2 4 10 13 17 
4 2 6 13 16 
6 5 8 13 15 17 21 
6 3 4 8 9 15 17 
4 12 18 21 22 
10 1 2 7 8 9 10 14 20 21 24 
11 4 7 8 9 13 15 16 17 20 21 22 
9 3 5 10 13 16 19 20 23 24 
9 5 8 11 15 17 19 21 22 23 
4 1 2 6 15 
8 3 5 15 16 17 19 21 22 
9 4 10 12 14 18 19 20 21 23 
8 1 7 8 11 16 21 23 24 
5 5 8 9 15 24 
4 11 14 15 16 
7 0 1 2 3 5 7 11 
7 5 9 14 15 17 18 22 
6 8 11 17 20 22 23 
4 7 13 21 22 
6 7 8 9 15 16 17 
7 0 2 3 13 15 20 21 
9 0 4 7 11 15 17 18 21 24 
5 2 3 4 11 24 
2 12 15 
5 3 9 14 20 23 
8 2 6 9 11 15 16 19 24 
7 4 7 9 13 16 22 24 
5 0 1 11 12 21 
5 2 12 22 23 24 
7 4 6 8 14 15 21 24 
6 3 8 11 14 18 19 
