50:25
9 1 4 7 10 12 13 15 22 23 
6 0 5 6 7 15 18 
9 2 6 10 14 17 18 19 21 23 
11 4 5 6 7 8 9 11 12 21 23 24 
8 3 8 9 12 15 19 21 23 
9 4 5 6 11 12 15 18 20 22 
5 0 18 20 21 22 
5 10 13 18 23 24 
7 2 3 4 8 14 17 18 
6 0 14 17 20 21 22 
5 5 7 9 13 16 
7 0 3 4 12 14 15 24 
8 0 1 8 11 17 19 20 23 
8 7 11 14 16 17 18 22 24 
8 0 2 7 10 13 15 16 23 
4 17 19 22 24 
8 9 11 13 14 15 20 22 23 
11 1 2 5 6 7 8 12 15 16 19 23 
8 0 1 9 10 13 16 20 21 
2 10 18 
9 6 7 13 14 15 16 17 22 23 
3 4 5 14 
9 0 3 4 6 7 12 17 19 20 
2 10 13 
10 0 1 7 8 10 12 13 16 21 24 
5 3 5 6 12 18 
5 0 6 9 10 15 
9 1 3 6 10 12 15 16 20 24 
7 6 7 8 9 15 18 24 
4 4 5 19 21 
6 4 15 16 21 22 24 
9 2 7 10 11 12 14 15 17 19 
7 0 9 10 11 15 22 24 
7 5 9 11 13 16 17 22 
5 1 4 18 21 22 
3 1 16 20 
9 1 6 8 9 11 13 14 15 16 
8 2 5 15 17 19 20 22 24 
7 4 5 7 17 18 19 21 
9 0 1 3 5 6 14 16 18 23 
5 13 14 18 19 20 
6 2 3 9 16 21 24 
8 3 6 7 9 14 21 22 23 
9 3 6 10 11 13 17 19 20 24 
6 2 4 6 11 14 20 
2 8 20 
7 7 9 10 13 15 20 23 
6 0 1 7 13 18 24 
6 1 4 5 11 18 19 
2 4 12 
