50:25
12 0 2 3 7 9 11 14 16 18 19 22 23 
13 1 2 3 4 5 6 9 11 14 15 17 18 19 
11 1 4 5 7 8 14 15 16 18 19 23 
13 0 1 2 5 7 10 11 12 14 15 17 18 19 
14 0 1 2 3 5 7 8 11 12 14 16 17 18 19 
15 0 2 3 4 5 10 12 13 14 16 17 18 19 21 22 
15 0 1 2 3 4 5 6 12 13 17 18 19 20 21 22 
12 0 1 6 7 9 10 11 15 18 20 21 24 
14 3 5 7 8 9 10 12 13 14 16 18 19 20 21 
13 0 1 2 3 5 8 11 12 17 18 19 23 24 
11 1 3 4 5 8 10 13 14 15 20 23 
13 3 6 7 8 9 12 13 14 17 18 19 20 22 
12 2 4 5 6 11 13 15 17 18 19 21 22 
11 0 1 5 6 12 15 17 18 21 23 24 
11 0 1 5 11 18 19 20 21 22 23 24 
15 0 1 3 5 6 13 14 15 16 17 18 20 21 22 23 
12 1 5 6 7 8 9 11 12 15 16 20 21 
12 5 7 8 10 13 16 17 18 19 21 22 24 
15 4 5 6 7 9 10 11 12 13 17 19 20 21 22 24 
12 0 2 4 8 10 11 12 13 14 19 20 21 
15 1 2 3 5 7 9 10 12 13 16 17 21 22 23 24 
10 3 4 7 10 11 12 13 14 22 23 
11 2 3 5 7 9 11 13 14 16 18 22 
12 0 3 5 6 7 8 10 14 19 20 21 22 
12 0 1 3 4 8 13 15 16 18 19 20 24 
14 1 3 5 7 8 9 10 13 15 17 18 19 20 22 
10 2 6 11 12 14 16 18 21 23 24 
9 2 3 4 7 8 9 10 13 18 
12 2 3 7 11 13 14 16 17 21 22 23 24 
15 0 1 4 6 7 10 11 12 15 16 17 20 21 22 23 
16 1 2 3 5 6 7 8 9 10 11 13 15 17 18 19 24 
8 0 1 6 11 18 19 20 23 
16 0 1 2 4 6 7 8 10 12 13 14 17 19 20 21 22 
16 0 1 2 3 5 6 9 10 11 12 14 15 17 18 20 21 
13 4 6 7 8 9 10 14 15 16 20 22 23 24 
10 0 1 2 4 9 10 11 12 17 24 
17 0 2 5 6 7 8 9 10 13 14 15 16 19 20 21 22 24 
13 4 5 6 8 10 11 12 14 15 18 20 21 22 
13 1 2 4 5 9 12 14 15 16 17 18 20 23 
10 1 3 4 12 13 16 18 19 22 23 
9 0 5 7 13 14 18 19 23 24 
16 3 4 6 8 9 10 11 12 14 16 19 20 21 22 23 24 
13 0 2 3 5 8 9 13 14 15 17 18 19 21 
12 0 2 3 5 9 10 13 15 16 19 22 23 
12 1 3 4 8 9 11 12 13 15 18 21 23 
15 0 1 2 3 5 6 8 9 11 12 14 15 18 20 23 
14 0 1 3 4 5 6 10 13 14 15 17 20 22 24 
10 0 1 2 6 8 9 10 16 19 22 
14 1 3 4 5 6 7 8 10 14 15 17 18 23 24 
19 0 1 2 3 4 6 7 8 9 11 12 13 14 15 16 17 18 20 23 
