50:75
21 1 2 4 5 6 7 12 15 16 17 24 27 42 44 48 50 61 62 63 69 71 
18 3 7 14 17 19 24 27 28 29 34 35 41 42 46 55 58 64 73 
17 5 14 22 24 26 33 34 36 38 41 52 55 57 58 59 66 68 
9 6 12 22 46 47 58 64 66 73 
19 0 3 12 13 15 16 20 25 26 32 36 39 44 47 61 62 69 71 72 
19 0 1 3 4 5 12 22 23 33 36 39 42 48 50 59 61 69 72 74 
23 7 13 14 19 21 23 25 26 27 28 31 32 33 39 52 54 57 58 63 66 70 71 72 
19 10 12 14 20 21 23 26 30 31 33 34 40 47 49 53 62 66 72 73 
17 3 4 5 12 13 15 18 20 26 29 35 39 44 45 47 58 68 
19 4 6 7 15 16 25 31 32 39 41 43 45 46 56 58 60 63 72 73 
19 8 21 23 25 27 28 29 33 35 37 48 49 50 52 54 58 69 73 74 
13 12 19 20 28 29 41 49 53 61 66 67 68 71 
23 3 9 16 18 20 23 24 26 27 30 31 32 36 37 43 49 52 53 56 63 64 68 70 
17 6 7 13 16 19 25 41 46 53 54 56 61 62 64 66 70 72 
18 6 7 9 15 19 21 23 26 35 36 38 39 48 50 57 58 60 64 
19 4 5 8 13 16 18 20 21 27 28 29 30 31 47 50 52 61 67 72 
19 0 1 3 9 14 21 22 35 37 41 42 43 50 53 57 58 59 69 72 
21 0 1 7 11 14 22 26 32 34 38 39 42 46 47 48 49 53 55 58 64 70 
22 10 11 12 14 19 20 24 26 37 38 39 49 50 54 55 56 57 61 65 69 71 74 
20 1 2 5 8 11 14 18 21 25 26 34 35 39 40 54 57 58 60 72 73 
15 2 6 10 14 19 21 22 37 39 42 44 45 46 59 64 
18 8 9 17 22 32 38 41 42 45 46 56 57 59 64 65 66 73 74 
16 0 1 7 8 11 24 27 28 31 35 38 40 44 47 52 60 
18 2 8 9 10 14 21 26 32 34 43 48 49 55 65 67 72 73 74 
19 5 7 14 15 16 18 21 37 38 39 43 48 57 62 63 64 66 69 71 
28 4 5 8 10 12 13 17 19 20 21 22 25 28 29 34 35 42 44 46 47 50 53 58 62 65 68 70 74 
20 1 2 6 10 11 15 22 23 25 27 30 37 39 43 44 46 52 57 72 73 
24 2 7 9 13 14 17 19 28 36 38 41 42 44 45 48 55 63 65 68 69 70 71 72 73 
13 3 8 10 13 28 29 33 40 52 66 68 71 74 
17 1 3 8 9 10 14 22 23 41 43 51 52 54 57 63 68 70 
16 0 10 13 23 25 26 27 32 42 51 54 56 58 60 66 71 
20 10 18 19 20 21 22 25 26 31 33 45 49 51 52 56 58 66 67 71 73 
16 4 6 9 10 15 17 30 32 34 50 51 59 65 67 69 73 
23 3 5 6 12 17 19 23 30 34 35 38 40 42 43 47 50 52 58 59 61 62 65 66 
22 1 2 10 12 13 15 18 27 35 40 41 43 44 45 46 53 56 57 63 65 67 70 
23 2 7 8 9 12 14 16 26 31 36 39 44 46 47 49 51 53 54 56 57 61 65 71 
19 6 14 15 17 25 26 30 32 40 41 48 50 55 59 60 62 68 70 71 
22 4 7 11 12 15 16 18 26 27 28 29 35 38 40 42 43 46 52 66 69 71 74 
19 1 3 13 16 18 19 22 23 25 38 46 48 53 55 57 59 61 64 71 
14 2 6 8 10 11 13 28 29 33 37 44 48 49 51 
17 1 11 12 15 25 27 29 33 38 39 42 45 60 66 70 73 74 
20 8 15 20 21 22 23 26 40 44 45 46 51 56 62 64 65 69 71 73 74 
24 0 1 4 5 9 12 13 16 17 20 26 28 30 34 55 56 58 59 61 66 68 69 70 73 
21 0 4 6 10 15 19 22 27 29 31 36 37 40 43 45 46 47 50 64 67 69 
19 2 5 9 11 14 16 19 30 31 32 33 36 37 43 45 49 57 64 68 
28 10 13 18 21 23 24 25 26 29 31 34 36 37 38 41 44 45 53 55 57 59 60 61 63 67 71 73 74 
17 4 12 13 14 16 17 21 22 32 36 40 41 42 44 45 55 59 
18 0 5 6 25 26 28 31 32 35 41 42 47 48 51 53 55 64 67 
13 2 6 9 18 21 23 25 30 31 46 50 58 60 
21 0 4 5 13 15 16 19 23 25 27 37 39 41 45 51 52 55 58 59 61 71 
