50:25
7 1 10 12 13 14 18 22 
7 4 7 8 12 16 19 21 
4 15 17 18 20 
10 2 3 6 7 9 15 16 20 22 24 
5 4 15 20 22 23 
6 8 12 16 17 21 22 
2 2 7 
8 7 12 13 14 16 18 20 22 
2 7 22 
5 4 8 20 21 22 
7 3 4 5 16 18 19 23 
9 0 2 3 4 6 12 17 19 23 
5 7 10 12 14 21 
7 2 3 7 8 16 18 24 
12 0 4 5 6 8 9 13 15 16 18 21 24 
5 5 9 17 19 22 
5 0 5 12 21 22 
6 0 2 4 7 12 22 
9 4 5 9 10 11 13 19 20 21 
6 6 10 13 16 18 22 
4 3 13 16 19 
8 3 7 11 14 15 18 20 23 
7 4 5 6 9 10 13 14 
4 3 6 19 24 
5 3 10 14 18 20 
5 3 12 13 16 17 
6 0 6 12 13 17 18 
4 1 5 13 17 
4 5 10 13 22 
8 0 2 4 5 7 14 18 22 
7 4 11 12 13 21 22 24 
4 2 3 21 22 
6 5 8 13 14 19 23 
6 3 5 8 11 14 22 
6 0 8 13 15 18 22 
4 2 9 17 23 
5 4 7 13 15 22 
7 0 1 4 8 9 12 22 
3 5 21 23 
3 3 5 12 
8 0 1 4 6 7 15 19 21 
3 4 9 20 
7 2 6 8 17 19 21 23 
7 1 2 9 16 18 23 24 
10 3 5 6 7 8 10 11 12 16 20 
7 3 8 11 14 17 20 21 
5 0 16 18 19 22 
6 6 8 16 20 21 24 
5 1 5 6 17 19 
5 1 6 12 17 22 
