50:75
15 12 19 25 33 39 40 41 44 48 49 53 55 69 73 74 
17 12 17 24 28 35 37 42 46 53 57 59 63 64 65 68 69 70 
12 0 1 3 18 21 24 27 31 32 35 44 59 
14 2 4 14 20 30 37 38 42 44 52 53 56 60 74 
15 11 23 24 28 29 31 39 42 43 48 50 56 61 68 72 
19 10 15 17 23 25 29 33 36 40 42 43 45 51 52 60 61 62 66 70 
14 0 2 3 7 15 18 21 25 31 34 49 55 70 71 
25 5 6 12 13 16 18 19 20 28 32 33 34 35 37 38 42 46 47 50 52 56 61 62 70 71 
12 0 3 4 11 18 20 25 27 37 50 65 73 
17 3 6 7 12 13 19 22 28 29 30 41 42 47 48 51 55 70 
15 0 1 8 14 22 29 37 40 42 48 54 58 60 62 70 
12 7 8 21 25 29 37 44 46 57 63 69 72 
18 1 3 7 15 16 19 24 25 28 29 32 36 41 43 52 57 66 73 
25 3 4 6 16 18 20 23 25 27 31 33 34 37 39 40 41 42 44 46 47 48 58 68 69 71 
21 2 7 9 11 14 16 19 21 22 23 34 39 42 51 55 56 61 62 63 65 72 
14 8 14 17 19 26 27 31 34 43 49 51 54 60 61 
18 0 8 17 28 31 33 35 41 43 44 46 51 53 54 60 69 70 74 
11 6 9 31 38 43 53 54 57 58 69 70 
22 0 1 5 7 8 10 12 18 20 27 30 36 38 48 50 51 62 65 70 71 73 74 
14 0 13 16 22 23 28 33 34 41 42 44 54 55 71 
13 3 6 8 13 14 26 31 50 52 65 67 71 73 
22 8 10 12 13 14 17 25 31 33 34 36 38 39 45 47 48 61 62 63 65 69 73 
11 3 14 27 35 42 43 45 50 51 52 64 
23 7 13 14 15 18 26 27 32 35 37 38 39 41 46 49 51 52 53 64 68 69 72 73 
23 4 7 10 11 13 17 18 21 22 23 24 25 29 35 37 39 45 46 58 59 67 69 74 
23 4 6 11 14 16 17 18 28 31 37 39 41 43 51 53 58 59 60 62 65 66 68 73 
11 4 7 19 32 37 39 46 55 57 61 71 
29 1 2 8 12 14 17 18 20 24 27 28 29 32 35 39 47 52 55 57 58 60 61 62 63 64 66 69 70 71 
23 0 7 12 14 18 22 25 30 33 34 38 42 51 58 59 61 63 64 65 66 69 70 71 
13 5 25 29 31 33 42 47 54 55 67 69 73 74 
23 15 17 19 23 24 28 29 30 31 35 36 48 50 51 52 54 57 58 60 61 63 69 73 
21 3 4 7 9 17 21 25 28 30 39 41 42 45 46 47 48 58 62 63 64 71 
17 17 24 29 32 39 42 47 48 49 50 52 54 61 65 67 72 74 
21 5 10 18 20 27 29 30 31 33 35 38 41 44 48 51 59 62 63 64 65 74 
24 1 4 6 8 17 18 19 20 21 24 30 32 33 39 45 53 55 56 57 58 60 61 63 71 
14 20 21 22 25 29 37 43 46 47 50 60 66 68 74 
21 2 7 8 9 10 13 15 16 18 28 33 37 40 41 44 45 50 54 67 71 73 
22 1 3 4 6 9 14 16 24 26 30 33 38 40 42 44 48 57 62 70 71 72 74 
10 4 6 9 17 33 34 43 58 60 68 
15 4 17 18 28 30 39 46 50 52 55 57 63 71 72 73 
25 5 10 12 13 14 15 17 23 24 25 39 40 43 46 47 50 51 52 54 56 62 64 70 72 74 
19 5 7 8 10 13 14 16 22 24 33 36 44 47 53 57 58 64 67 68 
23 3 5 9 12 14 21 23 28 31 32 34 35 36 37 40 43 46 50 53 57 60 61 74 
21 6 7 9 19 21 25 26 30 31 32 34 37 42 43 47 50 60 66 69 71 74 
21 3 6 7 11 16 18 24 26 31 32 33 34 39 42 45 50 52 60 64 66 69 
19 0 5 9 14 15 17 20 24 32 33 34 40 41 42 45 48 52 54 59 
20 0 7 9 11 17 26 27 37 39 42 43 46 47 56 57 58 62 63 69 71 
17 1 7 10 12 16 17 19 30 31 36 41 46 49 64 67 68 70 
18 2 5 7 14 15 16 25 28 29 32 34 36 40 52 58 65 72 73 
26 3 5 6 8 16 19 20 25 33 34 36 37 43 44 45 47 50 52 55 56 57 63 66 69 70 74 
