50:75
24 4 6 9 11 18 20 21 23 30 32 34 35 37 39 40 42 44 48 58 60 61 63 64 71 
24 14 15 16 17 23 24 25 27 30 31 43 46 48 52 53 57 59 62 63 64 66 69 73 74 
20 0 1 2 4 5 6 10 14 18 25 34 37 39 44 46 49 60 62 65 74 
20 7 8 9 10 24 27 29 34 36 43 44 45 47 61 62 63 65 70 73 74 
21 1 8 15 16 18 19 28 32 33 35 52 54 56 59 62 63 64 66 68 70 71 
24 1 5 6 7 10 11 13 16 19 22 23 26 39 41 42 43 44 48 58 60 65 68 69 72 
22 5 12 14 15 25 26 28 34 37 38 39 41 45 49 50 51 53 56 65 69 71 72 
17 10 11 15 18 22 25 26 31 32 37 42 52 56 60 65 68 74 
26 1 6 7 9 12 14 16 22 26 28 37 40 41 43 44 47 48 52 54 55 56 57 63 72 73 74 
18 0 5 8 10 11 16 19 20 34 44 47 50 53 60 61 63 67 71 
14 8 10 14 15 17 25 31 33 37 57 65 67 69 71 
18 1 3 13 14 27 31 32 33 36 41 47 52 54 56 65 68 69 70 
25 16 19 20 25 27 31 32 33 34 35 36 39 42 47 48 50 51 52 54 56 57 58 63 66 67 
24 1 4 8 11 14 18 21 26 27 30 37 38 44 46 51 54 57 59 63 65 67 68 69 71 
17 1 2 8 12 18 28 31 35 37 39 43 44 56 57 61 69 73 
22 5 8 13 18 19 20 21 24 26 32 33 36 39 40 49 52 55 56 57 58 62 67 
16 0 4 6 30 37 38 42 49 53 54 55 59 61 70 71 73 
24 1 2 7 10 18 19 20 24 25 29 32 33 34 37 39 48 52 54 60 63 65 68 69 71 
15 2 3 7 11 28 39 40 41 42 43 45 52 56 63 64 
15 0 5 10 11 12 18 29 38 41 43 47 52 53 62 66 
23 0 1 2 6 9 12 19 27 31 33 44 45 51 54 56 57 58 59 61 63 64 71 74 
16 6 12 15 25 26 29 30 32 39 47 54 59 62 66 71 72 
13 5 22 23 26 28 41 44 52 56 59 63 64 68 
17 0 4 17 20 24 36 38 39 43 52 55 56 57 59 69 71 74 
16 1 5 9 10 13 16 20 22 23 25 34 38 41 56 60 63 
20 0 6 10 14 25 30 32 34 42 43 45 46 47 52 58 59 64 65 67 73 
19 0 1 2 6 14 22 27 30 36 37 39 42 45 47 58 61 62 65 68 
24 1 2 6 7 8 12 14 18 21 22 28 33 34 37 40 44 47 53 54 58 61 62 64 74 
20 7 11 12 19 22 25 32 33 34 36 41 44 47 51 57 58 59 64 73 74 
13 3 5 18 30 45 54 55 58 59 61 65 66 74 
19 6 18 19 21 23 24 25 29 31 32 33 38 43 45 47 49 54 68 74 
16 3 5 9 12 16 18 23 35 38 39 41 52 57 60 64 70 
16 0 4 6 14 15 24 32 35 44 46 47 48 51 52 56 58 
15 6 11 15 21 22 28 33 41 46 53 60 61 68 70 74 
12 7 15 20 21 26 33 36 45 50 55 57 66 
15 2 15 19 21 22 30 35 36 44 45 55 59 60 68 73 
28 1 7 10 11 12 16 20 23 24 29 30 31 36 37 38 39 41 42 44 46 47 48 51 52 53 55 61 65 
16 7 15 16 22 26 30 31 39 41 42 45 48 56 66 68 70 
16 2 3 7 9 18 28 30 32 39 48 52 57 60 63 65 72 
15 4 5 9 18 19 21 38 47 53 55 57 61 70 71 72 
17 2 6 9 10 20 23 29 35 36 41 46 48 58 67 68 71 73 
19 0 7 11 13 14 22 24 30 35 39 40 42 44 47 62 63 68 70 73 
17 7 10 12 14 16 19 24 25 35 38 41 46 60 65 67 71 72 
15 1 7 10 19 30 34 36 44 54 62 64 66 67 68 74 
20 3 8 11 12 30 32 37 38 41 51 54 55 57 58 61 65 68 69 72 73 
11 4 15 19 21 28 30 36 37 42 55 65 
22 0 1 2 9 10 14 16 23 24 27 29 31 32 44 46 48 49 55 66 69 70 71 
24 0 1 2 4 8 15 16 20 25 28 29 31 32 33 35 43 44 49 50 51 53 56 61 65 
22 0 1 4 7 9 13 17 18 21 24 26 30 31 33 36 42 48 53 54 57 58 73 
19 18 24 32 33 34 35 39 40 41 42 49 51 53 55 59 60 63 72 74 
