50:75
19 0 5 7 12 17 25 28 32 34 36 40 41 42 46 50 59 66 70 72 
22 1 2 4 11 12 16 20 22 25 26 27 28 30 33 40 41 44 50 53 56 70 74 
16 1 3 6 18 22 23 27 31 33 39 44 48 55 60 64 66 
24 1 5 10 11 13 17 19 20 22 33 37 39 40 42 43 47 50 51 52 56 58 66 67 74 
19 1 7 10 12 19 20 24 27 29 32 34 35 38 54 55 59 63 66 67 
19 1 2 3 10 17 24 28 29 30 33 34 38 43 45 47 56 62 66 68 
17 14 15 19 22 26 30 37 38 51 52 53 58 59 60 63 67 70 
15 0 2 13 17 20 24 29 30 33 34 41 43 59 67 73 
17 2 4 6 9 11 20 24 29 30 31 33 41 44 49 59 66 74 
18 1 6 9 15 16 20 23 25 38 45 49 50 51 55 56 60 66 68 
20 2 3 8 11 19 28 32 36 38 40 41 46 48 55 56 57 59 63 70 74 
18 0 4 5 22 23 24 26 34 39 51 52 54 56 57 61 65 72 74 
16 5 9 14 25 27 30 36 47 49 50 54 56 60 63 68 73 
16 4 11 15 20 22 27 38 39 42 48 54 62 66 67 68 72 
19 3 4 9 12 13 19 24 26 30 31 34 38 46 47 48 56 65 70 73 
15 7 13 17 19 20 32 44 53 59 60 61 65 67 71 74 
23 4 5 6 7 9 12 13 15 16 20 23 24 28 33 36 47 48 51 57 66 67 68 69 
15 2 12 15 16 26 32 34 41 42 53 55 57 64 67 68 
20 2 3 8 17 18 21 22 26 27 34 43 47 48 54 58 60 67 68 69 72 
20 8 10 12 25 28 29 30 33 35 37 38 41 43 49 50 53 56 59 60 62 
17 0 4 12 15 19 20 21 26 37 39 40 43 44 54 59 71 72 
13 13 16 18 22 26 27 33 35 39 51 59 67 68 
16 2 3 5 8 11 17 19 21 48 52 56 57 63 64 71 74 
20 0 6 9 12 14 15 21 28 31 32 33 43 44 46 56 57 61 69 71 72 
26 5 6 13 20 23 24 25 33 38 39 40 41 44 49 50 52 53 55 61 62 64 65 66 68 69 74 
11 11 25 26 34 41 47 59 62 63 65 73 
17 1 10 12 13 17 20 27 31 43 53 54 56 60 64 68 69 70 
22 1 6 7 15 17 18 23 25 26 33 34 42 43 48 52 53 59 62 63 65 71 74 
19 3 5 8 13 14 15 17 20 26 27 28 35 38 39 45 48 50 61 64 
24 1 4 6 11 12 13 15 17 20 21 23 26 33 35 39 40 41 49 52 53 56 58 59 71 
26 0 5 8 9 10 12 14 18 19 30 32 35 36 39 42 43 45 47 50 53 54 55 59 66 68 73 
22 0 1 3 4 23 26 28 29 36 38 43 45 52 55 56 57 58 60 64 65 68 70 
17 5 15 19 24 37 44 45 51 54 57 63 64 66 67 71 72 73 
17 6 9 10 13 14 24 27 30 36 39 54 58 63 64 68 69 74 
16 2 7 13 15 20 22 26 28 36 48 50 53 57 64 67 73 
18 0 5 7 8 12 13 14 21 25 26 37 42 43 54 57 62 64 72 
19 3 8 9 10 11 19 24 26 29 35 41 43 46 47 49 50 53 57 64 
24 0 3 7 8 13 14 18 20 25 27 28 31 36 39 40 42 43 45 48 51 56 59 70 73 
17 11 12 15 21 28 31 33 40 41 44 48 52 53 54 66 68 73 
20 3 7 9 13 15 16 24 26 29 31 35 38 39 46 49 50 59 60 64 70 
19 1 7 8 10 11 12 13 16 17 35 42 43 51 53 57 62 63 66 72 
21 2 5 10 11 19 22 24 32 34 44 46 47 50 51 52 53 56 61 63 69 70 
23 4 7 9 11 12 15 21 22 27 30 31 34 35 37 38 40 41 45 47 49 51 55 73 
18 1 5 7 14 15 26 37 43 46 48 49 51 56 57 65 66 68 70 
14 0 14 17 29 35 43 62 63 64 65 66 70 71 74 
18 8 10 12 16 18 24 27 30 34 35 39 40 56 57 59 61 68 69 
18 0 1 2 9 12 15 27 29 30 32 36 37 41 55 65 69 72 74 
17 10 18 22 25 27 30 36 37 38 43 50 53 58 64 69 71 73 
20 1 7 11 13 21 22 23 25 30 33 34 36 41 50 51 58 63 69 71 73 
18 4 9 16 19 23 28 33 35 36 40 41 51 57 58 64 66 67 74 
