50:50
20 4 7 8 9 11 14 19 21 28 32 33 34 36 37 40 41 43 44 45 49 
22 0 2 4 7 9 10 11 15 16 18 19 20 23 26 27 29 31 33 35 42 47 49 
19 0 1 4 5 9 12 15 16 20 23 24 26 27 30 33 37 40 42 44 
26 4 5 6 7 8 14 15 18 19 20 23 24 25 26 27 28 30 34 38 39 42 43 45 46 47 48 
19 0 1 2 3 12 13 19 20 21 22 23 27 33 34 38 40 45 48 49 
22 1 5 6 7 8 9 11 14 16 18 23 24 28 30 31 32 33 34 36 44 45 48 
24 3 4 9 11 14 16 19 23 24 25 28 32 33 35 36 37 38 39 41 42 43 46 47 49 
21 1 3 7 11 12 13 16 18 20 24 26 29 31 32 33 35 36 37 41 44 48 
24 0 3 4 5 7 8 13 14 16 20 22 23 27 28 29 30 33 38 40 42 43 44 47 48 
20 0 3 5 8 9 10 12 17 23 24 26 28 31 32 33 35 37 45 47 49 
26 0 2 3 4 5 6 7 8 9 13 14 15 16 19 22 23 24 25 28 30 32 33 35 37 43 44 
25 1 2 3 5 6 7 8 11 12 13 15 17 19 21 22 24 25 26 27 32 37 39 43 45 49 
29 2 3 4 7 8 9 10 12 13 14 15 16 17 18 21 23 26 27 28 29 31 33 34 36 37 38 39 40 45 
23 1 2 4 6 13 15 16 18 19 24 26 32 34 35 36 38 39 40 42 44 46 47 49 
16 4 5 6 7 8 9 10 13 15 17 25 29 34 35 39 44 
25 2 4 8 9 10 11 15 16 20 25 29 30 33 34 35 36 38 39 40 41 43 44 46 47 49 
24 0 3 5 6 7 9 11 14 17 19 22 23 25 30 31 32 36 37 39 40 42 43 44 49 
21 0 2 3 4 7 11 12 17 19 21 23 24 25 27 28 31 32 34 37 41 44 
23 0 3 5 6 7 8 9 10 14 16 22 23 25 26 27 28 29 31 34 35 40 41 42 
20 1 2 6 8 9 11 14 15 21 23 27 28 29 31 33 34 36 37 38 41 
25 0 1 3 4 7 9 12 13 14 15 17 19 22 24 27 33 34 35 38 40 41 43 44 47 48 
27 0 1 4 9 10 12 13 14 15 17 18 19 21 22 24 25 27 32 33 35 36 37 39 41 45 47 48 
35 0 1 2 3 5 7 9 10 11 12 13 16 17 18 19 20 23 24 25 26 27 28 29 30 33 35 37 39 40 41 43 44 45 46 49 
24 0 4 5 6 7 8 9 13 17 20 21 24 25 26 27 28 31 34 37 38 39 44 46 49 
24 1 2 3 6 8 13 15 18 21 24 25 26 28 29 32 33 34 36 37 39 41 42 48 49 
26 0 1 3 4 7 8 10 11 16 18 19 21 23 25 26 29 30 31 33 39 40 41 44 45 46 48 
28 4 5 6 7 8 9 10 13 18 20 21 22 24 25 26 29 30 31 32 34 35 36 37 38 42 43 45 47 
23 2 3 4 6 8 12 15 19 21 23 24 25 26 27 33 35 39 40 41 44 45 47 48 
24 0 4 5 7 8 10 11 12 14 17 18 19 20 23 24 26 27 33 40 42 43 44 47 49 
26 0 1 4 7 9 10 11 12 16 17 18 19 20 21 22 23 24 27 30 31 38 41 42 43 47 48 
28 0 2 3 6 11 13 14 18 21 22 24 27 29 30 31 33 36 38 39 41 42 43 44 45 46 47 48 49 
26 3 5 7 8 11 12 13 15 17 19 20 21 22 23 29 30 32 37 38 40 42 43 45 46 48 49 
23 0 5 6 8 11 12 18 21 22 25 26 27 28 30 31 32 33 35 38 42 46 47 49 
33 1 3 4 5 7 8 10 12 13 17 20 21 22 23 24 25 26 27 28 31 33 36 37 38 40 41 42 43 44 45 46 47 49 
21 3 4 6 7 12 17 18 20 21 25 28 31 32 33 34 35 36 39 44 46 49 
22 1 2 3 7 9 12 13 14 17 19 20 21 25 30 35 36 39 40 45 46 48 49 
26 1 2 4 5 10 11 12 15 16 17 18 20 21 22 23 25 26 27 30 35 38 40 45 46 48 49 
26 2 3 5 6 8 9 10 11 12 13 14 18 19 20 24 25 28 29 33 35 36 37 38 39 44 47 
28 0 5 6 9 11 12 13 15 19 20 21 22 23 25 26 28 32 33 34 35 36 39 40 41 42 43 45 49 
27 0 1 2 3 4 5 6 7 12 13 16 17 18 19 20 21 25 27 28 31 33 34 36 39 43 44 49 
28 1 3 5 9 10 11 12 14 16 18 19 20 21 22 23 24 27 30 31 32 33 35 36 42 43 47 48 49 
18 2 3 9 11 14 25 28 31 33 34 35 36 38 40 41 42 43 49 
25 0 1 4 6 8 11 13 15 18 19 21 22 23 24 25 27 28 31 34 35 40 42 43 45 46 
27 3 4 5 6 9 11 13 14 15 16 18 19 21 26 27 28 29 31 34 36 40 41 42 45 46 47 49 
17 0 5 6 14 15 16 19 20 25 26 30 35 36 41 42 47 48 
27 3 4 5 8 9 10 11 12 13 16 21 22 23 25 27 29 30 31 32 36 38 39 40 43 45 46 48 
21 0 2 4 8 9 10 11 13 14 17 20 22 23 24 26 27 30 31 33 39 46 
28 0 1 4 5 6 8 9 10 12 13 18 19 21 22 23 26 27 28 30 32 33 34 36 38 42 44 45 46 
24 0 3 7 8 9 11 13 15 19 22 23 24 25 26 30 31 32 34 35 37 38 41 42 47 
26 1 2 4 5 7 8 10 11 12 14 15 16 20 21 22 23 27 28 30 33 35 40 43 44 45 49 
