50:25
16 0 1 3 4 6 7 8 9 10 11 13 14 15 20 21 24 
19 1 2 3 4 5 7 8 9 11 12 14 15 16 17 18 19 20 22 24 
21 0 1 3 4 5 7 8 9 10 11 12 14 15 16 18 19 20 21 22 23 24 
22 0 1 2 3 4 5 6 7 8 9 10 11 12 13 14 15 16 18 20 21 22 24 
16 1 2 4 6 8 9 10 11 12 14 15 16 18 20 23 24 
20 1 3 4 5 6 8 9 10 11 12 13 14 16 17 18 19 20 21 22 23 
17 0 1 2 7 9 10 12 14 15 16 17 18 19 20 22 23 24 
21 0 1 3 5 6 7 8 9 10 12 13 14 16 17 18 19 20 21 22 23 24 
19 0 1 2 3 4 5 8 9 11 12 13 15 16 17 18 19 20 21 22 
15 1 3 4 7 9 10 11 12 14 15 16 17 18 21 23 
20 0 1 2 3 4 5 8 9 10 11 12 13 14 15 16 17 18 19 22 24 
16 2 4 5 6 8 9 10 12 14 17 18 19 20 21 23 24 
22 0 1 2 3 4 5 6 7 8 9 10 12 13 14 15 16 17 18 20 21 22 24 
19 0 1 2 3 4 6 7 8 10 11 12 13 14 16 17 19 21 22 23 
16 0 4 6 7 8 9 10 11 12 13 14 15 16 17 19 20 
16 0 1 2 3 4 5 8 10 11 13 14 17 18 19 20 23 
21 0 2 3 5 6 7 8 10 11 12 13 14 15 16 18 19 20 21 22 23 24 
21 1 2 3 4 5 7 9 10 11 12 13 14 15 16 17 18 19 20 22 23 24 
18 0 1 2 3 4 6 8 9 10 11 13 14 16 17 18 19 21 22 
20 0 1 3 5 6 7 8 9 10 11 12 13 15 17 18 20 21 22 23 24 
21 0 1 2 3 4 5 6 7 8 9 10 11 13 16 17 18 19 20 21 23 24 
19 2 3 4 5 6 7 8 9 12 13 14 15 16 18 19 20 21 22 23 
18 0 1 2 3 4 5 6 7 9 11 12 13 15 16 18 19 20 24 
17 0 1 2 3 4 8 9 10 11 12 13 17 19 20 22 23 24 
16 0 1 2 4 5 6 8 10 11 13 15 18 21 22 23 24 
17 1 2 3 4 5 6 8 9 10 12 14 15 16 18 21 23 24 
19 0 1 2 3 4 5 6 7 8 9 13 14 15 17 18 20 21 22 23 
17 0 2 3 4 5 7 8 9 11 12 13 16 19 20 22 23 24 
16 0 1 3 5 9 10 11 13 15 16 17 18 20 21 23 24 
19 0 1 2 3 4 5 6 8 10 11 13 14 17 18 19 20 22 23 24 
15 3 5 6 8 9 10 12 14 15 16 18 20 21 22 23 
16 0 1 2 3 5 7 9 10 13 15 16 19 20 21 22 23 
20 0 1 2 3 4 7 8 10 11 13 14 15 16 17 18 20 21 22 23 24 
20 0 1 3 5 6 7 8 10 11 12 14 15 16 18 19 20 21 22 23 24 
20 0 2 3 4 6 7 8 9 10 11 12 13 15 16 17 18 20 21 22 23 
20 0 1 4 5 6 7 9 10 11 12 13 14 15 16 17 18 19 20 21 22 
18 0 1 2 3 4 5 6 7 9 11 13 14 15 16 18 19 20 23 
17 0 1 3 6 7 8 9 10 11 13 14 15 16 17 18 21 24 
20 0 1 2 3 4 5 6 8 9 10 11 13 14 15 16 17 18 19 20 21 
21 0 2 3 4 5 6 7 8 9 10 12 13 14 17 18 19 20 21 22 23 24 
16 0 1 6 8 9 10 11 12 13 15 16 17 19 20 22 24 
17 0 1 2 3 6 9 11 13 14 15 16 17 18 19 21 22 23 
21 0 1 2 3 4 5 6 7 8 9 10 11 13 14 15 16 18 20 21 22 23 
18 0 1 3 4 7 8 9 12 13 14 15 16 18 20 21 22 23 24 
17 0 1 2 3 4 5 6 8 9 13 14 15 16 17 19 22 24 
19 0 1 2 3 4 5 6 7 9 11 13 14 15 16 17 19 21 22 23 
14 0 3 4 6 7 8 11 12 13 14 16 19 20 23 
19 0 1 3 6 8 9 10 11 12 13 14 16 17 18 19 20 21 22 24 
20 0 1 3 5 6 7 8 9 10 11 12 13 15 17 18 19 20 21 22 23 
14 1 3 4 6 9 11 13 14 17 19 20 21 23 24 
