50:25
10 7 8 10 11 15 17 20 21 22 23 
5 3 7 11 22 24 
6 10 11 15 18 22 24 
5 4 6 9 11 13 
7 2 3 5 12 14 18 24 
3 10 12 15 
5 0 6 9 17 23 
1 23 
6 9 10 15 16 23 24 
8 0 4 6 8 9 14 19 22 
16 1 2 3 4 6 7 8 10 11 12 13 14 16 18 21 22 
5 4 6 7 11 14 
6 2 4 6 15 21 23 
9 0 3 4 13 16 18 19 21 23 
7 0 1 13 14 18 22 23 
6 0 10 13 17 19 20 
6 1 4 6 11 17 21 
5 1 10 20 23 24 
5 3 7 15 22 24 
7 0 6 8 9 11 15 21 
9 0 1 2 8 14 15 19 21 22 
9 1 2 3 11 12 13 14 17 20 
2 13 19 
9 0 4 5 8 10 16 17 18 22 
8 2 3 6 11 13 14 16 22 
4 6 9 13 22 
4 3 8 17 18 
2 5 12 
6 1 2 5 13 18 24 
9 2 7 8 10 15 16 20 22 23 
8 3 7 9 12 13 16 17 20 
2 3 4 
4 9 16 18 22 
5 4 8 13 14 23 
8 0 1 2 3 7 8 15 17 
6 8 15 16 17 20 22 
2 0 20 
2 12 15 
6 2 5 7 16 19 20 
6 1 3 5 7 13 18 
3 1 3 23 
2 3 15 
6 1 7 10 11 15 24 
4 2 10 20 23 
9 2 5 6 7 8 17 19 23 24 
3 12 13 20 
6 4 6 12 15 18 23 
5 0 13 16 17 20 
6 1 8 10 11 14 18 
6 2 8 14 21 23 24 
