50:75
58 0 1 2 3 4 5 6 7 8 9 10 12 13 14 15 17 18 19 20 23 24 25 26 28 30 31 34 35 36 37 39 41 42 45 46 49 50 51 52 53 54 55 56 57 58 59 60 61 62 63 64 68 69 70 71 72 73 74 
60 0 1 2 4 6 7 8 12 13 14 15 16 18 19 20 21 22 23 25 26 27 28 29 30 31 32 33 34 35 36 37 38 39 40 45 47 49 50 51 52 53 54 55 56 57 58 59 60 61 63 64 65 66 67 68 69 71 72 73 74 
56 0 1 2 4 5 7 9 11 13 14 15 16 18 19 20 21 22 24 26 27 28 29 30 32 33 34 35 36 37 38 40 41 45 46 47 48 50 51 52 53 54 55 56 57 58 59 60 62 63 64 65 66 67 70 72 73 
60 0 1 2 3 5 6 7 8 10 12 14 17 18 19 20 21 22 23 24 25 27 29 30 32 33 34 35 36 37 38 39 40 41 42 43 44 45 46 47 48 50 51 52 53 54 57 58 59 61 62 63 64 65 67 68 69 70 72 73 74 
60 0 1 2 3 4 6 7 8 9 10 11 12 13 14 18 19 20 21 22 24 25 26 27 28 29 30 31 32 33 34 36 37 38 39 43 44 45 46 48 49 50 51 52 53 54 55 56 57 58 59 60 61 62 63 64 65 66 67 70 74 
55 1 2 3 4 5 8 9 10 11 13 15 17 18 19 20 22 23 24 25 26 27 28 29 30 31 32 37 40 41 42 43 44 45 46 47 49 50 51 53 54 55 56 57 58 60 61 64 65 66 67 68 69 70 71 74 
60 1 4 5 6 7 8 9 10 11 12 13 14 16 17 19 21 22 23 25 26 28 29 30 31 32 33 34 35 36 37 38 39 40 41 42 43 44 45 46 48 50 52 53 54 55 56 57 58 59 60 61 63 64 65 69 70 71 72 73 74 
58 0 1 2 4 5 6 7 8 10 11 13 14 15 16 18 19 20 21 22 23 24 25 27 28 29 30 31 32 33 34 35 36 38 41 42 43 45 48 49 50 51 52 53 54 55 57 59 60 63 64 65 66 67 68 69 70 71 73 
57 1 3 4 5 7 9 10 11 13 15 18 19 20 21 22 23 24 26 27 29 30 32 33 34 36 37 38 39 40 42 43 44 45 46 47 48 49 51 52 53 56 57 58 59 60 61 62 63 64 65 66 67 68 69 71 72 73 
54 0 2 3 5 6 7 8 10 11 12 13 14 15 16 18 20 21 24 25 28 29 30 31 33 34 36 38 40 41 42 44 46 47 48 49 50 51 53 54 55 56 57 59 60 61 63 65 66 67 68 69 72 73 74 
58 0 3 4 5 6 8 9 10 11 12 13 14 16 17 21 22 23 24 25 26 27 28 29 30 31 32 35 36 37 38 39 40 41 43 44 45 46 47 48 50 51 52 53 54 55 56 57 59 62 65 66 67 69 70 71 72 73 74 
55 0 1 2 4 5 7 9 11 12 13 14 16 17 18 19 20 21 22 23 26 27 28 30 32 33 34 35 36 37 42 43 44 45 46 47 49 50 51 52 53 54 55 56 58 59 61 64 65 66 67 68 69 70 72 74 
51 0 1 2 3 4 5 7 8 10 11 13 15 17 19 21 22 23 24 26 27 28 29 30 32 33 35 37 39 40 42 43 45 46 48 49 50 51 55 57 58 60 61 62 64 65 66 67 68 70 73 74 
53 2 4 5 6 8 9 11 12 15 16 17 21 22 23 24 25 27 29 30 32 33 34 35 37 38 39 40 41 43 44 46 47 48 49 50 51 52 53 54 55 56 57 58 59 60 61 62 63 64 66 67 69 71 
53 1 2 3 4 6 7 8 9 10 11 12 13 14 15 16 17 21 23 24 25 26 28 31 32 33 34 36 37 38 40 41 43 44 47 48 49 51 52 54 56 57 60 62 63 64 65 67 68 69 70 72 73 74 
47 4 5 7 9 12 13 15 16 17 18 19 23 24 25 26 29 31 32 34 36 37 38 39 40 41 42 43 44 45 46 49 52 54 55 56 58 59 60 61 65 66 67 70 71 72 73 74 
61 1 2 3 4 5 6 7 9 10 11 12 13 15 16 17 18 19 20 21 22 23 24 25 26 28 29 30 31 32 34 35 36 39 40 41 42 43 44 45 46 47 48 49 51 52 53 54 56 58 59 61 62 63 64 65 66 68 71 72 73 74 
61 1 2 3 5 6 7 9 10 11 12 14 15 16 18 19 20 22 23 25 26 27 28 29 30 31 32 33 34 35 36 37 38 40 41 42 43 44 45 46 47 48 49 50 52 53 54 56 57 58 59 61 62 63 65 66 68 70 71 72 73 74 
62 0 1 2 4 5 6 8 9 10 11 12 13 14 15 16 18 19 20 21 22 23 24 25 26 27 28 29 30 31 34 35 36 37 38 39 40 41 42 43 44 45 47 49 51 52 53 54 55 56 57 58 60 62 63 65 66 68 69 70 72 73 74 
54 0 1 2 4 5 6 8 9 11 12 13 16 17 18 19 20 21 22 23 24 25 26 27 28 29 34 35 36 37 39 41 42 45 47 48 50 51 52 54 55 56 58 59 60 61 62 63 65 66 67 68 69 70 71 
52 0 1 3 4 5 6 7 9 10 11 12 13 15 16 19 20 22 23 24 27 29 31 35 36 37 38 39 43 45 47 48 51 52 53 54 55 56 57 58 59 60 61 62 64 65 66 67 69 70 72 73 74 
56 0 1 2 4 5 6 9 10 11 12 13 14 15 16 18 19 20 21 22 23 24 26 27 28 29 31 33 34 35 36 37 38 39 40 45 46 49 50 51 52 53 54 55 56 57 58 59 60 62 63 64 66 67 68 71 74 
57 0 3 5 6 7 8 11 12 13 14 15 20 21 22 23 25 26 27 28 29 30 32 34 35 36 37 38 40 41 43 44 45 47 48 49 50 51 52 53 55 56 57 58 59 61 62 63 64 66 67 68 69 70 71 72 73 74 
64 0 1 2 3 4 5 6 7 8 9 10 12 13 15 16 17 18 19 20 21 23 24 25 27 28 29 30 31 32 33 34 36 37 38 39 40 41 42 44 45 46 47 48 50 51 52 55 56 58 59 60 61 62 63 64 65 66 68 69 70 71 72 73 74 
62 0 1 2 3 4 5 6 7 8 9 10 11 13 14 15 16 17 18 19 20 21 22 23 24 25 26 27 28 30 31 32 33 34 35 36 38 39 40 41 43 44 45 46 47 48 49 50 53 54 55 56 57 60 61 62 64 66 69 70 71 73 74 
60 0 2 4 5 6 7 8 9 10 11 12 13 14 15 17 19 20 21 22 23 24 26 28 29 30 32 33 34 36 37 38 39 41 42 43 45 46 47 48 49 50 51 53 54 55 57 58 59 61 62 63 64 65 66 68 69 70 71 72 74 
50 1 3 6 7 10 11 13 14 15 16 20 22 23 24 27 32 33 34 35 36 37 38 39 40 42 44 45 46 49 51 52 53 54 55 56 57 58 59 60 61 63 64 65 66 67 68 69 71 73 74 
58 0 1 3 4 5 6 7 8 9 10 11 12 13 15 16 17 18 19 20 21 23 24 25 26 29 30 31 33 34 35 36 37 39 40 41 42 44 45 46 49 50 51 52 53 54 55 56 57 60 61 62 64 65 66 70 71 72 74 
59 0 1 2 3 4 6 9 10 11 12 13 15 16 17 18 19 20 21 22 23 25 27 28 29 30 34 35 36 37 38 39 40 41 42 43 44 45 46 48 49 50 51 52 53 55 56 57 58 59 60 61 63 66 67 68 69 70 71 74 
54 0 1 2 3 6 7 8 9 10 13 14 16 17 18 19 20 21 24 25 26 27 30 31 32 33 34 35 36 37 38 40 43 45 47 49 50 51 53 54 56 57 58 59 60 61 62 63 64 65 66 67 68 69 70 
56 1 4 5 6 7 8 10 11 12 13 15 16 17 18 19 20 21 22 23 24 26 27 29 31 32 34 35 36 37 38 39 42 43 44 45 47 49 50 51 53 54 56 59 60 62 63 64 65 66 67 68 69 71 72 73 74 
55 0 1 2 3 4 5 8 9 10 11 13 14 16 17 18 19 22 23 25 26 27 28 29 30 31 34 35 36 37 41 42 43 44 45 46 48 49 51 52 53 55 56 57 58 60 62 63 64 65 66 67 69 70 73 74 
59 0 1 2 3 5 6 7 8 9 10 11 13 15 16 17 19 20 21 22 24 26 27 28 29 30 33 34 35 36 37 40 42 43 44 45 47 48 49 50 51 52 53 54 55 56 57 58 59 60 62 64 65 66 67 68 69 70 72 74 
52 0 1 3 4 5 6 7 8 10 12 14 18 20 21 22 25 26 27 29 30 31 33 34 35 36 37 38 40 44 46 47 48 50 51 52 53 55 56 57 61 62 63 64 65 67 68 69 70 71 72 73 74 
56 0 1 2 3 4 6 7 8 10 11 13 15 17 19 21 22 23 24 25 26 27 28 30 31 33 34 35 36 37 38 39 40 41 42 43 44 45 47 48 49 50 52 54 56 58 60 61 62 63 64 65 66 68 69 70 72 
59 0 1 3 4 5 6 7 8 10 11 12 13 14 15 16 17 18 19 20 21 22 23 24 26 27 28 29 30 31 32 34 36 37 38 39 40 41 43 44 45 46 47 49 50 51 54 55 56 58 60 61 62 63 64 66 68 70 71 74 
52 0 1 2 3 4 5 6 8 9 12 13 14 15 16 17 18 19 20 22 25 27 30 31 32 34 35 36 37 38 39 40 41 42 43 44 45 49 50 58 60 61 62 63 64 65 66 67 68 69 71 72 74 
54 0 1 2 4 5 6 7 8 9 11 12 13 14 16 17 18 19 20 21 22 23 24 25 26 27 29 30 32 33 35 36 37 41 44 45 48 52 54 56 57 59 60 61 62 63 64 67 68 69 70 71 72 73 74 
54 1 3 5 6 7 8 9 12 13 15 17 18 21 22 23 25 26 28 29 31 32 36 37 38 39 40 41 42 43 44 45 46 47 48 49 50 51 54 56 57 58 59 60 61 63 64 66 67 68 70 71 72 73 74 
56 0 1 2 4 5 7 8 11 13 15 16 17 18 21 22 24 26 27 29 30 31 32 33 34 35 36 37 38 39 41 42 45 46 47 48 49 50 52 53 55 56 57 58 60 61 62 63 64 65 67 68 69 70 71 72 74 
60 0 1 3 4 7 8 9 10 11 12 14 15 16 17 18 19 20 21 22 23 24 25 26 27 28 29 30 31 32 33 34 36 37 38 39 40 41 42 43 44 47 48 49 51 52 53 55 57 58 59 60 62 64 66 67 68 71 72 73 74 
50 0 2 3 5 7 8 10 13 14 17 18 20 21 22 24 25 31 32 33 34 35 37 38 39 40 41 42 43 44 45 47 49 51 52 53 54 55 57 59 62 63 65 66 67 69 70 71 72 73 74 
59 1 2 4 5 8 9 10 11 12 13 14 16 19 20 21 22 23 24 25 26 27 28 29 31 32 33 37 39 41 42 43 44 45 47 48 49 52 53 54 55 56 57 58 59 60 61 62 63 64 65 66 67 68 69 70 71 72 73 74 
54 0 1 3 4 5 6 7 10 11 12 13 15 16 17 21 22 23 24 25 26 27 28 29 30 32 33 34 35 37 40 41 42 43 44 45 46 48 49 51 53 55 56 57 58 63 64 65 66 67 68 71 72 73 74 
58 0 1 2 3 4 6 7 9 12 13 14 15 16 17 18 19 20 21 22 23 24 25 26 27 28 30 31 32 33 34 36 37 39 40 42 44 46 47 48 52 53 54 55 58 59 60 61 62 63 64 65 66 67 68 69 70 73 74 
60 0 1 2 3 4 5 6 7 8 9 11 13 14 15 16 17 18 19 21 22 23 24 25 26 28 29 30 31 32 34 35 37 38 39 40 41 43 45 46 47 49 50 51 52 53 55 56 57 58 59 60 62 64 65 67 69 70 71 72 74 
58 0 2 3 5 7 8 9 10 13 14 15 16 17 18 21 23 24 25 26 27 28 29 30 31 32 34 35 36 37 38 39 40 42 43 44 45 46 47 49 50 51 53 54 55 58 60 61 62 63 65 66 67 68 69 70 71 72 74 
53 1 2 3 4 5 6 8 10 14 16 17 18 19 20 22 23 24 25 26 28 30 31 32 33 35 36 37 38 39 40 41 44 45 46 48 49 50 53 54 55 56 57 58 59 60 61 64 66 67 70 71 72 73 
58 0 1 2 3 5 6 8 10 11 13 14 15 18 19 20 21 22 23 24 26 27 28 29 30 32 33 34 36 37 39 40 43 44 45 46 47 48 49 50 52 53 54 55 56 58 59 60 61 63 64 65 66 67 69 70 71 72 74 
57 1 2 3 4 5 6 8 9 10 11 12 13 14 15 16 17 18 19 20 21 22 23 25 26 27 29 31 32 33 35 37 38 39 42 43 45 46 47 50 51 53 54 56 57 58 59 60 61 62 63 64 67 68 69 72 73 74 
