50:50
8 1 8 14 15 18 37 43 48 
10 6 7 9 12 16 22 27 34 39 42 
14 1 4 5 6 18 19 27 33 34 37 40 44 46 49 
9 16 22 23 32 36 40 42 46 48 
8 11 17 22 30 38 39 44 46 
10 1 4 11 19 26 28 30 41 48 49 
14 2 6 9 13 16 18 20 23 25 29 37 40 42 47 
13 1 4 5 7 10 14 23 27 39 41 44 46 48 
18 2 3 4 9 10 11 12 17 20 24 26 29 32 34 35 36 43 47 
12 4 5 7 11 17 19 26 30 32 36 37 44 
13 1 2 16 26 27 28 34 37 39 41 42 46 47 
21 1 3 5 7 9 11 14 15 18 19 22 25 31 33 36 37 40 41 43 46 47 
13 0 1 15 19 20 22 28 30 31 37 39 45 49 
12 5 7 15 16 18 21 35 36 38 43 44 46 
17 3 4 5 9 11 14 16 17 19 20 25 30 31 35 45 46 48 
21 2 4 9 10 12 13 16 18 19 20 28 29 30 33 34 38 41 42 44 46 49 
11 12 13 18 20 23 25 35 42 45 46 49 
10 8 17 23 24 26 27 30 33 35 44 
16 0 10 11 14 21 22 23 28 29 30 31 34 43 44 45 46 
15 6 7 9 10 17 18 19 20 26 30 31 40 41 46 48 
15 1 4 5 6 7 10 12 16 19 21 22 25 30 35 38 
13 0 1 4 9 14 15 17 18 22 23 34 41 43 
14 0 3 5 8 10 23 28 31 36 38 43 44 48 49 
13 9 10 14 16 18 24 25 32 33 34 35 37 40 
12 8 10 14 19 21 22 23 27 29 32 35 44 
10 13 15 16 17 18 21 27 31 35 49 
10 1 2 6 8 14 19 40 43 48 49 
11 4 9 10 17 21 23 27 37 38 40 43 
16 8 9 12 16 23 26 27 33 36 37 39 40 41 47 48 49 
18 4 7 10 11 14 16 17 19 24 25 29 30 34 35 36 44 48 49 
11 2 9 12 14 18 19 20 30 35 38 49 
9 1 15 16 19 21 22 38 42 49 
9 2 3 6 14 20 21 38 46 48 
13 0 7 9 11 18 23 24 27 32 38 39 42 47 
14 0 2 5 8 14 21 23 25 27 35 36 37 42 47 
10 6 12 22 23 27 32 35 41 42 48 
12 0 3 4 9 14 18 25 26 39 44 47 48 
13 3 4 8 11 13 26 31 35 36 41 43 44 45 
15 8 10 13 14 15 16 23 25 27 29 30 31 37 42 46 
18 0 3 5 6 8 10 11 16 22 23 24 28 32 39 40 42 45 46 
9 0 2 3 22 28 37 38 40 45 
16 1 6 9 11 18 19 20 21 27 28 38 41 43 46 48 49 
10 4 5 7 8 11 12 19 25 30 46 
13 0 1 7 8 11 12 17 19 21 26 34 41 43 
14 0 4 7 16 17 18 21 23 24 30 32 36 46 47 
13 7 10 14 15 20 26 30 35 38 39 43 47 48 
18 0 1 2 3 7 8 10 11 12 17 20 22 24 29 31 34 35 38 
9 0 3 11 14 19 24 40 44 47 
10 1 6 22 25 26 27 33 37 44 45 
15 1 5 8 9 10 12 19 20 24 31 33 36 38 44 48 
