50:50
45 0 1 2 4 5 6 7 8 9 10 11 13 14 15 16 17 18 19 20 21 22 24 25 26 27 28 29 31 32 33 34 35 36 37 38 39 40 42 43 44 45 46 47 48 49 
42 0 1 2 3 4 5 6 7 8 10 11 12 13 14 15 19 20 21 23 24 25 26 27 28 29 30 31 32 33 34 35 36 37 38 39 41 42 44 45 46 47 49 
39 0 1 3 5 6 7 8 10 11 12 13 14 15 17 18 19 20 21 22 23 24 26 27 28 29 30 31 34 35 36 38 39 41 42 44 45 46 47 48 
33 0 1 2 3 4 5 7 9 10 12 13 16 17 18 21 24 25 26 27 28 29 30 32 33 35 38 40 41 43 45 46 48 49 
38 1 2 3 4 5 6 8 9 10 11 12 13 14 15 17 20 21 22 23 24 25 26 27 28 29 30 31 33 34 35 36 37 38 40 41 44 45 48 
37 1 3 4 5 7 9 10 11 13 14 16 17 18 20 22 23 24 25 26 27 28 29 30 31 32 33 34 35 37 38 40 42 44 45 46 48 49 
42 0 1 2 4 5 6 7 9 10 11 12 13 16 18 19 20 21 22 23 24 25 26 28 29 30 31 32 33 35 36 37 38 39 40 41 42 43 44 45 46 48 49 
31 0 3 4 5 6 10 11 12 13 14 15 16 18 19 21 22 23 26 27 28 29 30 32 33 34 35 38 41 42 47 48 
41 0 1 2 3 4 5 6 7 8 12 13 14 15 16 17 18 19 20 21 22 23 24 25 26 28 31 32 33 35 36 37 38 39 41 42 43 44 45 47 48 49 
34 1 2 4 5 7 8 9 10 11 13 14 16 17 19 20 21 22 23 24 26 27 30 32 33 34 35 37 39 42 44 45 46 47 49 
40 0 1 2 3 4 5 6 7 8 9 10 11 13 14 15 17 18 21 23 24 25 26 27 28 29 30 31 33 34 35 37 38 39 41 42 43 45 46 47 49 
38 0 1 3 4 6 7 8 10 13 14 15 16 17 18 20 22 23 24 26 28 29 30 31 32 33 34 35 37 39 40 41 42 44 45 46 47 48 49 
44 0 1 2 3 4 6 7 8 9 10 11 13 14 15 16 17 18 19 20 21 22 23 24 25 26 28 29 30 31 32 33 35 36 38 39 40 42 43 44 45 46 47 48 49 
34 0 2 3 4 5 7 9 11 12 13 14 15 16 17 18 20 23 24 26 27 28 33 34 36 37 38 39 40 41 42 45 46 47 48 
39 0 1 2 3 6 7 8 9 10 11 12 13 14 15 16 17 18 19 20 21 23 24 27 28 29 31 32 33 35 36 37 38 40 41 42 43 44 46 47 
35 0 1 2 3 5 6 7 8 9 11 12 13 14 16 18 19 20 22 25 26 27 29 30 31 32 34 35 36 37 39 41 44 45 47 48 
33 0 2 3 4 5 6 7 8 10 13 15 16 17 21 22 23 24 26 27 28 29 30 31 32 33 34 35 36 38 40 43 47 48 
37 0 2 4 6 8 9 10 11 12 13 14 15 16 19 20 21 22 23 25 26 28 29 30 31 32 33 34 37 38 40 42 43 44 45 47 48 49 
36 0 1 3 4 6 9 10 11 12 13 14 15 16 17 20 21 22 23 25 26 27 28 30 32 33 34 36 38 40 42 43 44 46 47 48 49 
37 0 1 2 4 5 6 8 9 11 12 16 18 19 20 21 22 24 25 27 28 29 30 32 33 34 35 36 37 38 39 40 41 42 43 46 47 49 
35 0 1 2 3 4 6 7 8 9 12 13 14 15 17 18 21 22 23 24 26 27 28 31 32 33 35 37 38 39 44 45 46 47 48 49 
43 0 1 2 3 4 6 7 8 10 11 12 13 14 15 16 17 19 20 21 22 23 24 25 26 27 29 30 31 32 34 36 37 38 39 40 41 42 43 44 45 47 48 49 
38 0 1 2 4 6 7 8 9 10 11 12 13 14 16 17 18 19 20 23 24 26 27 28 30 32 33 35 36 37 39 41 42 43 44 45 46 47 49 
37 0 1 3 4 5 6 7 8 9 10 11 12 13 14 15 17 20 21 23 24 25 26 31 32 33 35 37 39 40 41 42 43 44 45 46 47 49 
37 0 2 3 4 5 6 7 8 9 10 11 13 14 15 17 19 21 23 24 25 26 27 28 29 30 32 33 35 36 37 38 39 41 42 46 48 49 
41 0 1 3 4 5 6 8 9 10 11 12 13 14 17 18 20 21 22 24 25 28 29 30 31 32 33 34 35 36 37 38 39 40 41 42 43 44 45 46 47 49 
36 0 1 4 5 6 8 9 10 11 14 15 16 18 19 20 22 23 24 25 26 27 28 29 30 31 32 33 34 40 41 42 43 45 47 48 49 
42 0 1 2 3 4 5 6 7 8 9 11 12 13 15 16 18 19 21 22 23 24 25 26 27 28 29 30 31 33 35 36 37 38 39 40 41 42 43 45 46 47 48 
31 0 1 2 3 4 6 8 10 11 12 14 15 16 17 18 20 22 23 24 25 26 27 28 31 33 34 37 39 40 45 46 
40 0 1 5 6 7 8 9 10 11 12 13 14 15 16 17 21 22 23 24 25 26 27 28 29 30 31 32 33 34 35 37 38 39 40 41 44 45 46 47 49 
35 0 1 2 4 6 7 8 10 11 12 13 15 18 20 21 22 23 24 25 26 27 28 29 30 32 33 34 36 37 38 39 43 44 46 48 
38 0 2 3 5 6 7 8 10 11 12 14 15 18 19 20 21 22 23 24 25 27 29 30 31 32 33 34 35 36 37 38 39 40 42 45 47 48 49 
39 1 2 4 5 6 7 9 11 12 13 14 15 18 19 20 21 22 23 24 25 27 28 29 30 31 32 34 35 36 37 38 39 41 42 43 44 45 46 49 
39 0 1 2 3 5 6 8 9 11 13 14 15 17 18 19 20 21 22 24 25 27 28 30 31 32 35 36 37 38 39 41 42 43 44 45 46 47 48 49 
39 1 2 3 5 6 8 9 10 12 15 16 18 19 20 21 22 23 25 26 27 28 29 30 31 32 33 34 35 36 38 39 40 41 43 44 45 46 48 49 
35 0 2 4 7 8 9 12 13 14 15 16 17 18 19 21 22 24 26 27 29 30 31 33 35 36 37 39 40 42 44 45 46 47 48 49 
32 2 3 4 6 7 10 11 13 14 15 16 17 18 19 22 24 25 26 29 31 32 33 36 38 39 41 42 43 45 46 47 49 
36 1 2 3 4 5 6 7 9 11 13 14 16 17 19 20 21 23 24 27 28 29 32 33 34 35 36 37 38 40 41 42 43 44 45 46 47 
31 1 2 5 6 8 10 14 16 17 18 19 20 22 24 26 27 28 29 30 31 34 36 37 39 41 42 43 44 45 46 48 
40 1 2 3 4 6 8 9 10 12 13 14 15 16 17 18 19 20 21 22 23 24 25 26 28 29 31 32 33 34 36 37 39 40 41 42 43 45 46 47 48 
30 0 1 2 4 6 10 11 12 14 15 17 18 19 20 21 24 26 27 28 30 31 32 34 37 38 40 42 46 47 48 
42 0 1 2 3 4 5 6 7 8 9 10 11 12 13 14 15 16 17 18 19 20 21 22 23 24 25 27 29 30 31 33 34 35 37 38 40 42 43 44 47 48 49 
36 0 2 3 5 6 8 14 15 19 21 22 23 24 25 26 27 28 30 31 32 33 34 35 36 37 38 39 40 41 42 43 44 45 46 47 49 
37 0 1 2 3 4 5 6 7 8 9 10 12 13 15 16 17 21 22 24 25 27 28 31 32 33 34 35 36 37 40 42 43 44 45 46 48 49 
33 0 1 2 5 6 8 10 11 12 13 14 15 17 18 19 21 22 23 25 26 27 29 30 31 32 34 35 36 41 45 46 47 49 
40 0 2 3 4 5 6 7 8 9 11 12 13 14 15 16 17 18 19 20 21 23 24 25 27 28 30 31 32 35 36 37 38 40 41 42 43 44 45 48 49 
37 0 2 3 4 6 7 8 11 12 13 14 15 17 18 19 20 21 23 25 26 28 29 30 31 32 34 35 36 37 38 40 41 42 43 46 48 49 
39 0 2 3 4 6 8 9 10 13 14 15 16 17 18 19 20 21 23 24 25 26 27 28 30 31 32 33 35 37 39 41 42 43 44 45 46 47 48 49 
38 0 1 4 6 7 8 9 10 11 13 14 15 16 17 18 19 20 21 22 24 25 28 29 30 31 32 33 34 35 38 39 40 41 44 45 46 47 48 
32 0 1 4 5 6 7 8 9 10 12 16 20 22 23 24 26 27 28 29 30 31 32 35 36 37 38 39 40 42 43 47 49 
