50:50
19 0 6 7 10 11 13 16 19 20 26 30 31 35 36 37 38 42 43 46 
29 0 1 3 5 8 11 13 17 18 22 23 24 25 27 28 29 30 31 32 33 34 35 36 37 40 42 45 47 48 
27 0 1 2 4 6 7 8 9 11 12 13 14 16 18 21 25 29 30 31 36 38 39 43 45 46 48 49 
24 2 5 12 13 14 16 20 22 23 24 25 26 27 28 30 31 32 33 35 36 44 46 48 49 
24 0 5 7 8 9 11 12 16 17 20 21 22 25 26 30 31 33 35 36 38 39 45 48 49 
28 1 2 6 7 9 10 12 16 18 19 20 21 22 25 29 31 32 33 34 35 36 41 43 44 45 46 47 48 
27 1 8 11 12 13 16 18 19 20 21 22 23 24 25 28 30 31 32 34 35 36 37 42 43 47 48 49 
25 0 1 2 7 8 9 11 13 16 17 19 20 22 23 28 32 34 36 37 39 40 43 47 48 49 
19 1 4 8 18 19 20 21 22 23 27 28 35 36 37 40 42 43 44 47 
26 0 1 2 4 6 7 8 14 15 20 21 22 23 24 26 27 29 31 32 33 36 37 39 40 42 45 
23 0 4 13 14 16 17 18 19 21 22 26 28 30 35 37 38 39 40 42 44 45 47 48 
28 1 2 6 7 10 12 13 15 16 17 18 19 21 22 24 25 27 29 30 31 33 34 35 36 40 45 47 49 
26 0 1 4 5 6 10 12 14 16 18 21 23 24 25 28 29 30 33 34 36 37 40 41 45 46 47 
28 0 5 8 9 11 14 16 18 19 22 24 25 28 30 31 32 33 34 35 36 37 39 40 42 43 44 46 49 
21 1 5 9 10 19 21 22 23 24 25 26 27 28 33 36 41 45 46 47 48 49 
27 1 4 6 9 10 11 12 13 16 17 18 21 25 27 29 31 32 33 34 36 38 39 41 42 45 48 49 
25 0 1 6 10 12 13 14 15 16 17 19 20 25 27 29 32 33 35 38 41 42 45 46 48 49 
23 4 5 9 10 11 14 18 19 24 25 26 28 31 32 35 36 37 38 40 41 42 43 49 
24 0 1 4 5 7 10 12 13 14 17 19 21 22 23 24 25 28 29 31 32 36 42 44 49 
25 2 3 9 11 12 13 14 15 17 18 20 21 24 26 31 32 33 35 39 43 44 45 47 48 49 
24 0 1 2 5 9 13 15 16 18 19 20 23 24 25 26 28 33 34 36 41 43 44 48 49 
26 5 7 8 9 11 14 15 17 19 20 24 26 27 30 31 32 33 35 36 38 39 41 42 45 47 49 
27 1 2 3 5 6 7 12 13 17 19 20 21 22 25 26 30 33 37 39 40 42 43 44 45 46 47 48 
25 0 1 2 4 6 7 9 10 20 22 23 24 26 27 29 31 33 35 38 41 42 44 45 46 49 
25 0 4 5 7 8 9 11 12 14 15 17 18 21 22 23 26 28 29 37 38 39 43 45 47 48 
21 0 1 3 5 9 12 15 17 23 25 26 27 32 34 38 40 41 42 45 48 49 
22 0 3 4 9 10 13 14 15 16 17 19 21 23 26 27 28 33 36 37 38 45 48 
25 0 3 4 7 8 9 10 14 17 18 20 23 25 26 27 28 29 32 34 35 37 40 43 44 48 
30 1 3 4 5 8 9 10 11 12 13 14 15 18 19 20 21 22 24 25 27 28 31 32 33 39 42 43 46 47 48 
21 2 6 12 14 18 19 21 23 24 25 29 30 33 34 37 38 39 40 43 47 49 
27 1 3 4 5 7 10 12 13 14 15 16 19 20 21 22 23 24 25 27 31 33 35 36 37 38 40 43 
26 0 4 5 7 8 9 12 13 14 15 16 17 20 22 23 25 26 30 33 36 37 40 41 46 47 48 
21 2 3 5 6 11 13 15 23 25 28 29 30 31 34 37 40 41 43 45 46 48 
16 0 6 10 11 13 14 16 18 20 21 22 23 24 28 39 40 
27 1 2 4 5 8 9 13 14 15 16 17 18 21 22 23 24 25 26 27 28 35 36 38 39 42 44 47 
28 0 1 2 3 16 17 18 19 22 24 25 27 29 30 34 35 36 37 38 39 40 41 42 44 46 47 48 49 
30 0 2 3 4 7 10 12 13 14 16 18 20 21 22 23 25 26 27 28 29 34 35 36 38 39 40 42 45 47 48 
29 1 4 6 7 9 10 11 12 13 14 15 16 18 22 26 27 28 29 30 33 35 38 40 42 43 44 45 47 49 
28 0 5 10 11 12 13 14 15 16 17 19 21 22 25 26 27 29 30 31 32 33 37 38 43 45 46 48 49 
25 0 1 2 4 6 7 8 16 17 21 24 25 28 29 31 32 35 36 37 39 42 44 46 48 49 
22 0 1 2 6 8 9 13 17 22 26 27 28 29 30 36 38 40 41 45 46 47 49 
28 0 1 3 5 8 9 10 11 15 17 18 20 21 22 23 24 28 29 31 32 33 37 41 42 43 44 45 49 
25 0 3 6 9 11 12 17 18 19 20 23 24 26 28 30 38 39 40 42 43 45 46 47 48 49 
23 1 2 3 5 6 8 9 11 13 23 25 26 30 33 34 37 38 40 42 43 44 45 49 
27 0 1 2 3 4 5 6 7 8 9 11 16 17 18 20 23 26 28 30 32 33 37 40 43 46 47 49 
25 1 2 4 6 11 13 15 17 22 25 26 28 29 30 31 32 33 36 37 39 41 42 43 44 49 
22 0 4 9 11 12 13 14 15 18 19 21 23 24 30 31 32 33 38 40 45 48 49 
19 0 2 10 16 19 20 22 23 24 25 27 33 37 38 39 44 46 48 49 
27 0 3 4 5 6 9 11 12 13 14 18 20 21 22 23 27 28 29 30 35 36 37 41 44 45 47 48 
27 1 3 4 5 6 7 10 12 13 16 18 19 20 22 23 26 27 29 34 36 37 38 41 43 45 47 49 
