50:25
13 0 1 3 4 6 8 10 15 16 18 19 21 23 
12 1 2 3 6 10 11 13 14 16 22 23 24 
13 0 1 2 3 5 10 11 13 15 17 18 21 23 
11 1 2 4 7 11 12 15 16 18 22 23 
12 0 5 6 7 9 10 11 14 17 18 21 24 
13 6 7 10 11 12 13 15 16 17 18 19 20 24 
11 0 2 3 4 10 14 17 18 20 22 23 
13 0 3 4 8 10 11 14 15 16 18 19 23 24 
13 1 6 7 8 11 12 13 14 17 18 20 22 23 
7 0 1 4 11 14 17 23 
15 0 3 5 6 8 9 10 11 13 15 18 19 20 22 24 
13 0 2 7 8 10 12 14 15 16 17 18 19 21 
14 0 1 2 3 4 6 10 12 14 15 17 20 23 24 
12 1 5 7 10 11 12 14 16 18 20 23 24 
10 1 2 3 5 6 10 13 14 19 22 
15 0 1 4 6 8 10 11 12 14 15 16 20 21 23 24 
14 1 3 4 6 7 8 9 11 13 14 15 17 22 24 
13 0 1 4 6 7 9 11 14 16 17 18 22 23 
13 2 3 4 6 7 10 11 12 16 18 19 20 21 
14 0 1 4 5 8 10 11 13 17 18 20 22 23 24 
14 0 1 2 3 6 7 8 10 12 13 15 16 17 23 
17 0 1 2 4 5 6 7 9 10 11 12 13 15 17 19 20 23 
17 0 1 2 3 4 5 6 7 8 9 10 12 14 15 18 19 24 
12 0 4 5 6 9 13 14 16 17 19 23 24 
12 0 2 5 6 8 11 14 16 18 19 20 23 
10 4 8 11 13 14 15 16 18 22 24 
11 2 3 6 8 11 14 15 16 18 19 20 
13 0 3 4 5 7 8 9 10 11 16 18 20 23 
14 0 1 2 3 4 6 10 13 15 16 17 21 22 23 
15 2 4 6 7 9 10 13 15 16 17 18 20 22 23 24 
16 0 3 4 5 6 7 10 11 12 14 15 17 19 21 22 23 
9 0 2 3 6 10 11 13 17 19 
10 2 3 4 8 12 13 16 18 20 22 
15 0 1 2 3 5 6 11 12 15 16 18 19 20 21 23 
11 1 5 6 7 9 10 12 15 18 19 23 
14 2 6 7 8 9 10 12 13 14 15 16 17 19 24 
7 0 4 14 19 20 21 24 
16 3 5 7 8 9 10 12 13 17 18 19 20 21 22 23 24 
12 2 3 4 7 8 9 15 16 18 19 20 24 
14 0 4 6 8 9 10 13 14 15 16 17 19 21 22 
15 2 4 6 7 8 10 11 13 15 17 18 19 21 22 24 
9 2 3 4 8 10 11 13 19 20 
13 0 1 2 3 4 5 10 13 15 16 17 18 24 
11 2 7 8 9 10 11 13 14 16 19 21 
8 0 1 2 4 9 16 17 20 
14 0 1 3 7 10 12 13 14 15 16 18 21 22 24 
10 2 4 6 9 11 14 15 16 21 24 
14 1 4 5 8 9 10 11 12 16 17 19 20 22 23 
16 1 4 5 6 7 9 10 13 14 15 16 17 19 21 22 23 
10 0 5 8 9 11 13 19 22 23 24 
