50:50
14 0 2 3 9 15 18 27 30 33 39 40 45 47 48 
14 6 7 8 11 16 17 18 23 31 35 38 40 41 45 
16 0 3 8 9 11 12 18 19 22 23 24 28 30 40 43 45 
8 2 11 26 27 29 30 40 43 
10 9 14 18 19 35 39 42 44 45 48 
14 3 9 14 18 20 23 24 26 27 31 32 37 38 49 
16 0 5 6 8 11 12 13 23 24 27 28 29 30 33 36 46 
11 0 4 8 23 24 25 30 41 42 48 49 
9 3 4 8 14 24 36 38 44 47 
14 2 5 10 14 15 21 29 34 35 38 41 43 46 48 
16 2 3 5 8 12 17 18 22 26 29 32 33 36 38 42 46 
11 0 1 6 11 14 16 26 35 41 46 47 
9 2 20 24 27 31 32 43 47 48 
9 0 4 18 27 29 33 37 46 49 
16 3 16 18 19 20 23 24 27 28 31 32 36 38 43 46 49 
17 2 9 10 12 13 18 22 23 24 27 29 32 35 37 39 40 42 
12 0 7 9 12 17 20 24 25 32 39 42 49 
14 2 4 5 7 13 15 20 23 30 32 33 39 40 49 
9 4 7 8 18 21 27 32 33 34 
7 2 4 12 13 15 25 38 
14 2 9 11 13 18 23 24 26 29 34 36 38 46 49 
11 6 17 24 26 29 36 38 40 41 45 47 
15 0 5 6 9 11 13 24 25 26 30 33 34 36 38 45 
14 1 2 5 9 10 11 14 16 19 20 24 27 38 48 
12 0 1 10 15 22 26 27 29 38 41 42 45 
12 10 12 15 19 22 33 39 42 44 45 47 49 
16 0 4 7 11 13 17 19 21 25 27 29 37 39 41 47 49 
14 0 1 2 3 6 8 10 14 18 19 22 23 37 42 
10 9 11 14 19 21 25 27 44 45 49 
7 5 8 12 22 32 41 44 
11 3 10 19 26 28 31 34 36 40 42 46 
12 0 6 9 12 13 14 16 23 26 34 39 48 
12 1 6 8 14 18 25 26 28 29 33 37 44 
10 4 15 18 21 22 25 27 38 39 40 
11 0 1 2 3 6 8 9 10 18 29 35 
13 0 2 5 6 13 18 20 24 30 39 40 43 48 
10 4 8 22 32 35 36 39 43 45 46 
8 4 6 21 32 37 45 47 49 
11 6 7 9 14 15 18 22 27 39 43 48 
17 4 6 7 8 15 16 17 19 20 21 24 25 26 29 41 43 46 
14 3 4 5 6 7 15 17 22 27 29 35 38 44 45 
11 2 5 7 8 14 15 18 25 26 36 42 
10 5 9 10 12 21 26 27 28 29 35 
9 1 9 10 19 22 28 31 44 45 
13 0 1 3 8 14 15 20 22 24 28 33 35 38 
11 2 6 11 15 20 21 26 28 44 45 49 
12 2 3 5 11 12 16 17 19 27 35 41 48 
18 0 7 12 19 20 25 26 27 28 29 31 32 40 42 43 45 47 49 
18 2 4 9 12 14 15 16 17 24 25 26 28 30 33 37 40 47 49 
17 2 3 8 12 16 17 20 23 25 28 31 35 39 40 41 43 45 
