50:75
36 0 3 4 5 6 7 10 11 12 13 14 16 18 23 27 28 32 39 41 43 44 45 48 52 53 54 56 57 58 59 60 61 62 66 70 72 
40 0 1 2 3 4 5 7 8 9 11 12 16 23 26 27 29 31 32 33 34 35 36 37 38 41 45 48 52 53 54 55 57 58 59 61 62 64 66 67 68 
47 1 2 4 5 6 7 8 9 10 12 15 16 17 19 20 22 24 25 29 30 32 34 37 38 39 41 44 46 47 48 49 51 54 55 56 59 60 61 63 64 66 68 69 70 71 73 74 
33 2 3 7 12 13 14 15 16 22 25 27 28 30 31 33 36 38 42 44 47 48 50 51 52 53 55 58 59 61 62 66 70 71 
37 1 3 5 6 7 8 10 11 12 13 14 15 19 20 24 26 28 29 30 36 37 39 41 42 43 44 48 50 52 53 57 58 60 65 69 71 73 
33 1 2 7 8 11 13 15 16 19 20 21 25 27 29 30 31 33 34 35 36 42 43 48 49 51 54 57 62 64 65 68 71 72 
39 1 2 7 8 9 12 13 19 20 21 22 24 27 29 32 33 34 35 38 39 42 43 45 51 53 54 56 58 59 61 63 64 66 67 69 70 71 72 74 
37 2 3 6 7 8 10 11 14 17 18 20 21 22 26 27 34 37 40 47 48 49 52 53 54 55 57 58 59 60 63 67 68 69 70 71 72 74 
40 0 3 4 6 8 9 11 13 16 20 22 26 27 28 29 30 31 33 34 36 45 46 47 48 49 53 54 57 60 61 62 63 64 65 66 68 70 72 73 74 
44 0 3 6 7 9 10 11 14 16 17 21 23 24 27 28 30 31 32 33 36 38 39 40 42 43 44 45 48 50 51 53 54 55 56 57 58 59 63 64 66 67 68 69 70 
34 0 1 2 4 5 6 8 11 12 18 22 23 24 25 26 29 32 33 36 37 38 39 42 43 45 51 54 55 56 58 66 69 70 72 
35 0 2 3 4 5 13 14 16 18 19 20 22 23 26 27 28 36 38 40 41 43 44 49 51 52 53 54 58 59 63 65 68 69 71 72 
35 2 3 4 7 10 13 26 27 29 31 33 34 37 40 41 42 44 45 47 49 51 52 53 54 55 57 60 61 65 67 68 69 70 73 74 
39 0 1 2 3 4 6 9 11 12 13 22 24 28 29 30 31 33 35 40 43 44 45 46 48 50 52 53 55 58 59 60 61 65 66 68 69 71 73 74 
33 2 4 5 7 8 9 10 14 15 17 20 26 27 30 34 36 37 40 41 42 43 45 46 59 61 62 63 64 65 66 67 72 73 
37 9 10 11 12 13 14 17 19 21 22 25 27 28 29 30 31 32 33 34 36 38 40 43 48 56 58 59 60 61 62 63 65 68 69 70 71 73 
43 1 2 4 5 6 7 9 10 11 12 14 16 19 20 21 22 24 25 26 28 29 30 31 37 38 39 40 41 44 46 47 48 49 52 56 58 60 61 65 67 71 72 73 
38 1 2 3 5 7 9 10 11 12 14 16 17 20 23 26 29 30 35 37 39 40 46 48 49 51 53 58 60 62 63 64 65 66 68 69 70 72 74 
42 6 7 10 11 16 17 18 20 21 23 24 25 26 27 28 29 33 36 38 39 41 43 44 45 46 47 48 49 50 51 52 54 56 58 59 60 62 63 67 70 71 72 
34 0 2 4 5 7 15 17 18 20 21 23 24 26 29 31 37 38 41 42 44 47 48 49 51 57 58 60 63 65 66 68 70 71 73 
37 0 1 3 4 5 6 10 13 15 23 24 25 26 28 35 38 39 41 43 46 47 49 50 51 52 54 56 57 58 60 61 62 66 67 70 71 73 
39 1 2 3 5 6 10 11 12 15 18 20 21 22 23 24 29 30 31 32 33 39 41 45 49 54 55 57 59 60 63 64 65 66 67 68 69 72 73 74 
38 0 2 3 4 7 12 16 17 21 23 24 25 28 29 30 33 36 37 38 40 43 45 46 50 53 56 57 58 61 62 63 66 67 68 69 70 71 72 
44 1 2 3 4 10 11 15 16 17 19 20 21 23 26 27 29 30 32 33 35 37 38 39 40 41 43 44 46 47 49 51 52 53 54 55 56 58 59 60 65 66 69 71 74 
37 1 4 7 8 9 11 12 15 17 18 19 20 22 24 28 29 33 35 36 38 39 41 43 44 50 51 52 56 58 60 61 62 64 65 68 69 74 
34 1 4 7 10 18 20 21 24 27 29 30 32 33 34 37 42 44 46 47 49 51 53 54 55 56 57 58 59 60 66 69 70 73 74 
45 0 1 3 6 7 10 13 20 21 22 24 25 28 29 30 31 32 35 38 39 40 43 44 46 47 48 50 51 52 53 54 55 56 57 58 59 60 61 64 65 68 69 72 73 74 
43 2 5 7 8 12 13 16 17 19 20 21 22 24 25 26 27 29 30 31 32 34 35 38 41 43 44 45 46 48 52 54 55 56 59 62 63 65 66 67 68 70 71 74 
35 0 1 2 4 5 7 8 10 17 18 20 22 23 26 27 29 30 32 36 37 41 42 48 49 51 57 60 61 63 65 66 67 68 71 74 
32 2 4 5 6 7 9 10 12 13 14 18 19 21 22 25 26 27 29 30 33 34 38 42 48 52 58 64 66 70 71 72 74 
37 0 5 6 8 9 10 11 12 13 14 18 19 21 26 27 28 30 32 35 36 38 40 43 45 46 48 50 51 59 60 61 64 65 67 68 69 71 
33 0 2 13 18 19 22 23 25 26 27 28 30 31 33 34 36 41 43 45 47 49 52 53 54 57 58 60 61 65 66 69 72 73 
33 1 3 4 5 7 8 9 10 11 13 14 15 16 18 19 21 24 32 36 39 43 45 47 48 49 50 53 57 62 63 70 71 72 
39 0 6 8 9 10 11 13 14 15 16 17 24 25 27 30 31 36 37 38 40 42 43 44 47 48 49 50 51 56 58 61 62 63 65 67 68 69 70 72 
35 0 13 16 17 19 22 23 24 26 28 29 31 33 34 35 36 37 38 44 45 47 48 49 51 52 54 60 61 62 65 66 69 72 73 74 
31 5 6 7 9 10 13 14 16 19 20 21 22 26 27 29 34 36 39 40 41 43 45 53 54 55 58 60 61 62 63 72 
42 3 4 5 6 9 10 11 20 23 24 25 27 28 32 34 35 36 38 41 45 46 48 49 50 51 52 54 55 56 57 58 59 60 61 62 63 64 67 68 70 71 72 
36 1 2 4 10 11 15 17 19 20 21 23 26 29 33 34 35 37 38 41 43 44 47 49 50 51 53 54 58 60 61 64 65 66 68 69 71 
37 1 2 9 10 11 13 14 18 23 24 27 31 33 34 36 37 40 41 43 44 45 47 49 51 52 53 55 56 58 60 61 62 65 69 70 72 74 
29 1 5 6 7 8 17 21 22 28 31 34 39 40 43 44 46 47 49 50 52 54 55 56 57 64 65 67 71 73 
42 1 3 4 6 8 10 13 16 17 18 19 20 24 26 28 30 31 33 34 36 37 38 40 42 47 49 51 54 55 56 57 59 61 63 64 66 68 70 71 72 73 74 
42 0 1 3 7 8 9 10 11 14 15 16 17 21 23 24 27 30 33 34 37 38 39 41 43 46 47 48 50 51 52 53 54 55 59 61 62 64 65 67 71 73 74 
35 1 3 5 6 8 9 10 12 15 20 21 22 26 27 30 33 37 38 39 40 41 43 44 45 47 48 54 59 60 61 62 63 64 71 72 
33 0 1 3 5 7 8 12 13 14 16 17 18 19 26 27 29 31 32 34 37 40 48 50 53 54 55 58 61 63 65 72 73 74 
34 4 5 6 9 10 11 12 13 15 17 18 20 21 25 34 36 37 39 43 44 46 49 53 57 58 59 61 63 64 65 66 67 71 73 
38 5 6 7 10 12 13 15 16 17 18 20 21 26 27 30 34 35 36 39 40 43 44 47 50 52 53 54 55 57 58 60 61 62 64 65 70 71 72 
41 1 2 4 5 6 8 9 10 11 12 17 21 22 24 25 27 31 32 33 35 36 40 41 42 43 47 48 51 53 56 58 59 60 62 63 66 67 69 71 72 74 
44 0 3 4 6 7 8 10 11 12 14 15 16 17 18 19 20 21 23 24 26 27 28 30 31 33 39 41 42 47 48 49 50 51 52 55 59 61 62 63 64 67 71 73 74 
34 2 4 5 6 7 10 11 13 19 20 22 26 27 29 30 32 34 35 39 40 42 43 45 50 53 54 56 59 61 66 67 71 73 74 
40 1 2 3 5 9 10 11 12 14 15 16 17 19 20 24 25 26 27 28 29 32 34 35 42 46 48 49 50 51 52 55 56 59 60 64 66 67 70 71 74 
