50:25
8 4 5 8 11 13 14 22 24 
6 8 12 13 18 22 23 
5 4 5 9 16 19 
8 1 5 8 11 12 14 15 24 
6 2 4 7 9 14 23 
9 0 2 5 6 8 11 12 18 22 
10 8 9 10 11 14 15 16 20 22 23 
7 1 5 7 10 12 15 23 
3 14 19 20 
8 2 5 10 16 17 18 19 20 
10 0 5 6 8 11 13 15 16 20 23 
7 4 5 7 14 15 20 24 
5 5 9 12 16 17 
6 7 8 11 13 15 18 
3 9 12 19 
5 0 13 14 16 21 
3 15 19 22 
9 0 1 5 8 9 14 18 19 22 
8 1 5 9 11 14 18 19 22 
7 1 5 9 13 20 21 22 
9 4 7 8 9 10 11 13 15 22 
6 5 6 13 16 17 19 
7 0 1 5 6 9 11 14 
7 4 5 9 13 16 22 24 
7 4 8 9 12 13 16 23 
7 3 10 11 12 19 22 23 
5 9 12 14 16 21 
8 2 3 8 11 13 16 17 24 
5 13 18 21 22 23 
2 12 23 
10 1 4 6 10 11 13 16 20 22 23 
7 5 9 11 15 19 22 24 
7 5 6 7 11 15 19 24 
6 0 3 10 13 20 23 
6 2 7 10 15 20 21 
5 6 10 13 16 22 
7 4 5 8 13 14 18 24 
9 0 2 7 10 13 15 18 20 22 
5 3 11 12 15 22 
7 0 3 5 11 12 16 18 
6 4 5 14 15 17 21 
8 1 7 10 15 20 22 23 24 
7 1 2 8 9 10 13 19 
5 6 11 20 21 22 
8 0 1 3 11 12 17 21 23 
9 4 7 12 13 15 16 18 19 21 
7 3 5 9 13 16 18 21 
9 3 5 10 12 13 16 17 21 24 
2 14 15 
8 0 2 5 16 17 20 22 23 
