50:50
13 2 15 22 25 27 30 31 36 38 40 44 45 48 
12 5 9 12 13 22 23 24 27 28 33 36 48 
13 0 2 3 13 17 19 21 26 30 34 38 40 43 
11 6 9 12 14 25 26 29 31 35 36 40 
9 3 6 7 10 16 20 29 43 48 
10 0 1 3 5 7 9 12 23 32 36 
9 9 11 14 16 17 19 23 31 34 
13 4 12 15 17 19 24 25 26 28 29 32 33 35 
11 10 13 15 16 29 34 35 38 43 46 49 
12 3 5 6 13 18 23 25 29 38 44 45 48 
11 2 4 6 20 34 37 38 39 40 44 48 
10 10 16 17 19 24 25 26 33 37 40 
10 1 2 7 13 17 20 23 25 33 44 
12 2 9 19 22 24 25 26 30 33 35 45 46 
12 1 2 8 11 16 18 24 28 36 38 39 42 
8 0 8 23 28 29 41 47 48 
12 3 5 9 16 18 20 21 26 29 30 43 45 
11 0 4 5 15 25 27 31 32 34 39 48 
10 1 3 18 30 34 38 43 47 48 49 
11 4 5 14 16 24 25 27 30 32 44 45 
13 4 8 11 13 18 21 22 26 27 38 40 44 49 
15 1 4 5 7 8 11 13 20 34 35 37 38 39 45 46 
9 0 5 7 19 21 32 39 48 49 
13 7 12 18 20 33 34 35 36 37 41 44 46 49 
13 4 12 15 19 26 28 32 33 35 36 41 45 46 
13 2 3 8 12 14 17 20 24 28 29 38 43 48 
11 1 5 9 10 16 19 23 28 29 32 46 
13 9 13 14 19 24 25 27 34 37 42 46 48 49 
10 7 9 10 12 14 15 34 35 36 47 
11 2 4 14 18 20 29 30 33 36 42 44 
14 3 5 7 10 15 21 24 26 33 35 36 38 40 49 
9 6 12 21 23 27 31 36 41 49 
17 2 11 12 13 17 18 22 23 26 27 32 34 36 39 45 48 49 
12 1 4 9 10 15 16 26 27 30 40 42 46 
19 1 3 4 5 7 8 11 14 18 20 21 24 28 30 33 36 41 43 44 
12 0 5 6 9 10 20 24 39 40 43 44 46 
15 4 11 13 15 18 21 23 31 33 34 38 39 47 48 49 
14 0 7 8 10 14 16 20 24 26 27 31 43 44 48 
18 1 5 6 9 12 14 16 21 22 23 24 25 30 31 33 36 42 43 
9 3 4 8 13 20 22 33 40 43 
8 4 5 16 20 22 25 34 40 
13 2 9 14 16 18 21 25 27 28 42 43 44 47 
12 0 2 4 7 11 21 26 27 30 34 41 44 
17 3 7 12 14 15 17 19 21 22 25 26 27 28 35 36 38 49 
9 5 8 13 20 27 29 37 41 45 
14 1 6 7 8 13 17 18 20 26 27 41 42 44 47 
12 5 8 10 11 15 30 33 35 36 40 45 48 
16 6 10 13 17 23 26 29 30 33 39 40 42 45 46 47 48 
11 0 2 5 9 10 14 18 37 38 39 41 
7 1 2 3 13 28 40 41 
