50:50
12 0 3 12 13 18 20 22 24 37 38 45 49 
7 15 18 20 22 33 41 44 
13 4 9 11 12 14 18 20 23 24 32 36 38 48 
15 2 7 8 9 14 15 16 17 18 19 25 33 41 42 45 
11 0 6 17 18 26 27 32 40 42 47 48 
12 6 8 10 12 13 21 24 32 34 39 45 48 
13 0 8 18 21 24 28 31 33 35 37 43 45 49 
14 0 1 2 5 12 13 16 18 19 20 30 33 38 45 
13 3 4 7 9 22 23 26 32 35 40 42 44 46 
14 0 5 6 18 19 24 26 30 31 32 40 41 42 43 
10 8 14 21 24 32 34 39 43 47 48 
13 3 4 6 7 8 10 11 13 22 23 36 46 48 
10 4 5 10 17 21 22 31 37 38 41 
14 1 3 7 8 13 22 26 30 31 36 37 39 46 48 
13 1 2 12 14 17 31 33 39 40 41 43 48 49 
16 11 12 14 18 19 20 31 32 33 37 40 43 44 45 48 49 
14 0 1 4 15 16 17 28 31 32 35 38 39 43 45 
15 0 4 16 19 23 25 27 33 34 35 36 38 45 47 49 
11 0 1 6 21 27 32 33 38 39 45 47 
14 4 8 12 17 20 21 25 27 28 31 37 38 44 49 
14 1 2 3 4 6 7 8 11 16 24 32 35 37 38 
16 5 11 17 25 27 29 31 32 35 37 39 42 44 46 48 49 
13 4 10 13 14 16 19 23 31 33 36 39 46 47 
13 0 5 10 11 12 19 21 23 31 39 42 46 48 
14 5 8 13 14 18 19 22 24 27 31 32 37 41 43 
18 0 2 4 5 8 13 14 16 22 36 37 38 39 41 42 44 45 47 
11 1 2 3 5 16 19 22 24 39 41 43 
16 0 9 10 15 16 19 25 26 27 28 30 35 39 43 45 46 
8 3 4 25 32 33 45 47 49 
14 5 13 18 19 21 23 25 27 28 29 30 31 37 44 
13 1 4 5 6 8 9 13 15 17 28 30 43 44 
14 7 9 13 14 15 19 22 23 28 35 37 39 43 46 
12 0 2 3 10 18 19 23 32 34 38 43 46 
14 1 4 7 8 14 16 21 24 26 27 37 42 44 49 
14 1 2 4 5 9 10 14 26 30 32 33 34 35 40 
13 0 6 16 17 22 28 29 30 39 41 44 46 47 
11 10 12 14 16 24 30 35 37 38 41 45 
17 0 2 4 7 9 14 15 17 18 22 30 33 37 42 43 46 47 
12 0 4 5 6 21 23 24 33 37 39 40 47 
17 5 7 11 12 15 18 20 21 23 24 25 30 32 33 36 45 49 
13 17 19 22 24 27 30 31 32 41 42 45 46 47 
14 0 2 5 9 13 16 22 23 24 27 31 33 37 49 
13 1 9 12 17 28 30 34 35 36 39 41 44 46 
19 0 4 10 12 15 16 19 22 28 31 32 33 34 38 40 41 43 44 47 
11 0 7 12 14 20 21 23 31 32 40 43 
8 0 10 13 15 29 30 40 49 
16 6 7 10 13 15 21 22 23 26 31 33 35 36 43 46 49 
13 0 1 6 13 14 17 20 22 23 27 29 32 43 
15 1 3 9 10 13 15 18 23 35 38 43 45 46 47 49 
10 3 5 9 14 22 35 41 42 43 45 
