60:60
15 6 9 17 20 24 26 27 31 37 40 52 53 55 57 58 
11 1 13 15 17 25 29 32 38 42 44 56 
14 6 9 12 14 19 24 25 27 34 39 44 48 52 55 
17 0 7 9 14 16 21 22 25 26 31 32 37 38 44 47 49 52 
16 0 6 7 9 22 28 31 35 36 38 43 47 48 49 56 59 
18 0 5 13 17 20 23 29 33 36 37 38 42 47 51 52 54 56 58 
13 6 14 15 17 19 21 22 26 29 34 42 44 52 
11 0 3 5 14 18 27 40 45 53 54 56 
15 1 3 14 19 20 31 34 36 37 44 46 48 52 54 59 
16 0 1 3 6 11 12 15 16 27 30 40 43 46 48 52 56 
14 1 10 16 18 22 24 27 28 35 36 40 45 51 58 
10 0 4 12 18 23 27 33 48 49 56 
16 0 2 4 12 14 17 20 23 28 30 31 37 38 41 42 45 
14 4 7 14 15 17 19 26 31 34 36 43 46 54 57 
14 1 6 7 9 15 16 23 26 32 38 43 49 51 55 
11 1 7 10 20 25 27 32 38 44 50 56 
22 3 5 7 9 10 16 20 23 25 28 35 38 39 41 42 43 45 51 52 54 55 58 
14 1 9 12 13 16 17 19 28 33 35 44 51 52 54 
13 6 8 9 12 15 17 30 32 36 39 44 47 56 
16 4 5 7 13 14 15 17 18 19 24 26 37 42 45 50 58 
19 5 6 7 8 12 14 16 25 28 29 30 38 39 45 51 54 55 57 59 
14 0 1 10 11 13 15 16 19 21 22 43 44 46 58 
15 0 3 10 16 21 25 36 38 39 40 41 51 55 57 59 
15 3 5 11 12 16 23 24 26 46 47 49 51 54 56 57 
9 2 8 9 29 37 38 41 47 55 
8 2 14 21 24 30 42 54 57 
15 2 6 8 9 15 16 19 26 32 33 34 35 54 58 59 
14 1 5 6 7 10 18 20 27 29 43 44 48 49 57 
21 0 4 11 12 13 14 15 16 17 18 20 24 26 28 31 45 48 49 50 51 57 
12 2 8 22 25 27 28 29 37 38 51 55 58 
17 1 4 10 12 15 16 21 27 31 37 38 43 47 49 55 58 59 
13 0 6 8 13 14 21 24 29 37 48 53 55 59 
13 7 11 12 17 26 32 39 40 42 43 44 49 56 
16 0 1 2 7 10 11 13 14 15 19 21 26 35 43 48 51 
12 3 12 17 25 38 45 46 48 50 52 55 57 
12 10 11 31 38 39 40 41 46 47 50 52 56 
15 1 2 11 15 24 26 30 32 33 35 40 41 42 44 52 
22 5 9 11 12 15 17 18 20 24 29 30 36 39 41 42 47 50 51 52 53 55 57 
11 3 8 29 38 40 41 44 52 54 58 59 
14 9 12 13 14 15 16 18 28 34 36 43 54 56 59 
12 1 9 17 18 27 30 31 39 43 44 56 57 
22 0 1 2 8 16 18 22 23 24 26 28 29 30 31 32 33 34 39 41 43 45 51 
20 2 4 5 7 9 10 11 12 17 24 34 38 40 46 50 54 56 57 58 59 
17 7 13 14 16 19 20 25 31 38 39 47 48 49 50 53 55 58 
14 3 6 9 10 19 24 28 38 42 44 47 48 53 57 
11 2 6 17 28 31 32 40 42 54 55 58 
15 3 4 10 12 13 17 25 27 38 39 49 50 52 53 59 
14 6 7 10 19 24 35 36 38 41 43 49 52 53 55 
16 8 20 23 25 26 28 33 38 45 46 48 50 51 53 54 56 
12 0 12 13 14 18 28 31 32 36 37 44 46 
16 2 6 16 18 24 27 30 33 34 35 37 45 49 55 56 58 
16 0 1 4 8 14 17 19 20 25 29 37 42 44 46 54 57 
18 1 6 7 14 16 17 28 34 37 42 43 45 49 53 55 56 57 59 
11 6 26 36 38 39 40 46 50 56 57 58 
13 1 8 9 17 18 21 23 29 32 37 40 51 57 
15 0 6 7 12 17 24 25 33 35 41 45 50 55 56 57 
22 2 6 10 18 19 22 23 26 31 33 34 35 36 37 42 43 45 51 52 54 56 58 
15 0 1 4 7 10 12 18 31 38 40 43 47 49 52 57 
13 8 11 13 16 24 28 30 36 38 46 52 57 58 
11 2 3 4 8 17 23 34 35 37 40 41 
