60:30
5 3 8 10 21 27 
3 2 17 18 
8 5 7 9 10 15 16 17 26 
6 4 8 11 19 27 29 
5 3 10 11 16 27 
10 1 4 5 7 16 19 21 22 25 27 
11 2 5 9 11 12 14 22 25 27 28 29 
8 5 6 8 19 23 24 26 29 
4 2 8 11 14 
7 2 3 12 13 15 18 25 
6 2 11 12 18 20 21 
8 1 2 5 12 14 17 24 26 
9 0 7 10 12 13 22 23 24 28 
6 10 13 22 24 25 26 
5 1 14 16 21 27 
11 1 2 7 8 9 14 16 17 23 24 29 
7 2 6 7 13 16 18 24 
6 3 7 8 18 26 28 
8 4 5 10 13 15 21 22 28 
9 3 8 13 19 21 24 25 26 29 
10 2 7 9 13 14 21 22 23 25 26 
5 3 4 16 24 27 
6 0 2 6 15 26 28 
4 0 1 7 12 
5 4 12 14 21 23 
7 2 5 10 19 21 22 28 
4 1 4 12 27 
7 1 2 5 6 12 19 21 
7 11 12 18 21 25 26 27 
6 2 7 9 12 17 18 
6 0 1 3 6 28 29 
8 1 6 9 10 11 16 17 23 
4 10 23 27 29 
9 6 13 14 15 20 21 24 25 29 
10 4 6 10 12 15 16 17 21 23 25 
4 5 10 21 28 
8 4 8 9 11 17 21 23 25 
8 0 1 6 9 11 20 26 28 
7 1 2 3 13 21 25 27 
9 0 1 3 5 7 21 23 26 29 
7 4 12 21 22 23 24 25 
8 6 12 14 16 21 24 27 28 
10 4 7 10 13 14 15 16 18 25 28 
10 0 1 8 9 11 16 19 23 26 29 
3 4 22 25 
14 1 2 3 5 6 7 9 13 17 18 19 23 26 28 
4 1 4 27 29 
8 1 2 6 11 15 17 20 25 
10 6 8 14 15 16 18 21 22 24 26 
9 4 8 9 10 19 21 24 27 28 
5 12 16 24 28 29 
5 0 6 16 18 21 
6 11 19 21 22 26 28 
8 0 4 7 13 15 23 24 27 
7 6 7 11 12 14 15 23 
10 2 3 6 10 12 13 19 20 27 28 
9 15 16 17 19 20 23 25 27 28 
9 6 7 14 19 23 24 25 26 29 
9 5 6 15 19 22 25 27 28 29 
10 0 2 9 10 13 15 16 25 26 28 
