60:30
4 1 10 15 17 
4 6 18 21 26 
9 3 9 14 15 23 24 25 27 28 
5 0 11 20 26 29 
8 0 3 9 12 16 24 27 29 
7 2 4 9 14 18 19 27 
8 1 6 7 10 12 14 15 19 
10 3 4 14 16 17 20 22 23 28 29 
9 4 5 10 11 13 14 16 17 24 
8 5 7 9 13 17 21 24 26 
8 2 4 10 19 21 23 28 29 
6 0 6 7 9 23 27 
10 5 7 8 10 12 13 17 22 26 28 
6 3 6 7 15 18 20 
3 6 17 20 
9 1 7 12 14 23 24 25 26 28 
9 4 6 7 12 17 18 20 22 28 
6 3 8 9 16 22 23 
10 1 3 4 5 6 8 9 12 22 27 
3 12 20 26 
6 5 6 10 20 23 24 
5 3 9 12 14 22 
7 7 10 11 16 23 25 29 
7 1 7 14 15 16 17 29 
7 2 4 7 12 15 20 22 
8 4 7 18 20 21 23 24 26 
6 2 4 10 11 18 21 
13 2 8 10 11 16 17 18 19 22 24 26 27 29 
1 21 
8 10 14 15 16 23 24 25 29 
8 4 12 13 14 15 20 22 27 
5 14 18 19 21 28 
7 0 2 4 13 21 26 28 
9 3 4 5 9 15 17 18 24 25 
6 5 8 15 24 28 29 
8 0 3 5 6 7 9 11 16 
4 9 15 20 29 
7 1 7 9 11 18 24 28 
10 5 6 7 8 13 14 24 25 27 28 
10 1 3 8 10 15 16 17 19 21 25 
11 2 3 4 6 11 16 19 22 24 25 29 
5 2 10 15 18 21 
5 0 3 9 15 21 
7 3 5 10 14 20 27 28 
11 8 10 11 16 18 20 22 24 25 26 28 
7 6 7 13 21 22 25 29 
7 0 13 15 17 25 26 28 
8 1 4 6 8 12 13 16 28 
2 14 22 
11 0 1 5 9 11 12 13 15 22 23 25 
4 0 7 17 29 
8 4 6 9 13 15 17 20 25 
7 9 10 11 14 15 28 29 
9 0 2 4 11 13 20 22 23 28 
8 3 11 14 20 21 24 26 28 
3 6 16 27 
5 6 11 13 16 25 
6 0 1 11 16 19 20 
4 0 15 19 22 
8 5 8 14 15 17 18 19 24 
