60:30
12 0 4 7 8 10 11 14 17 18 19 20 21 
11 0 4 7 11 12 16 20 21 24 25 29 
13 1 3 5 6 9 11 12 13 14 15 20 21 25 
17 1 6 7 8 12 15 16 18 19 20 21 22 23 24 25 26 27 
21 1 2 4 5 6 7 9 11 12 13 14 15 16 17 20 23 24 25 26 27 28 
10 0 1 2 10 14 17 18 21 26 29 
16 3 4 5 7 8 14 17 18 20 21 22 24 26 27 28 29 
16 0 1 2 3 4 6 7 8 10 11 12 16 20 21 26 27 
15 1 4 5 10 12 13 14 15 16 19 20 21 22 23 28 
7 3 5 7 8 9 10 11 
17 0 1 2 3 7 8 10 12 13 14 16 20 23 24 26 27 28 
13 3 4 6 11 12 14 15 18 20 22 24 26 27 
10 6 7 9 13 14 15 17 26 27 29 
12 0 4 8 11 12 13 14 16 19 25 27 29 
18 0 2 3 4 6 7 8 11 15 17 18 19 20 21 22 23 27 29 
13 1 4 5 8 9 10 11 12 14 15 20 23 24 
14 6 7 9 10 14 16 17 18 20 21 22 25 28 29 
15 0 2 8 9 10 11 12 14 16 17 21 22 23 24 28 
14 0 3 5 8 9 10 11 13 14 18 20 23 24 26 
13 5 6 9 13 16 18 19 21 22 25 27 28 29 
16 0 1 5 6 7 8 10 14 17 18 20 22 25 26 27 29 
14 0 6 9 10 12 13 15 17 18 20 23 24 25 29 
14 2 4 6 8 16 19 20 21 22 23 24 27 28 29 
19 0 1 3 5 6 7 8 9 12 15 16 17 19 20 21 22 26 27 29 
16 1 5 6 8 9 10 11 12 15 17 18 20 23 24 27 29 
17 2 3 4 7 9 10 12 14 15 18 21 22 24 25 26 27 29 
14 0 4 8 9 10 13 14 19 24 25 26 27 28 29 
16 0 1 4 5 10 12 14 17 20 21 22 24 25 26 28 29 
12 4 12 13 14 17 19 21 22 24 26 27 28 
14 0 2 3 4 5 7 8 12 13 14 23 25 27 28 
16 5 6 8 9 10 12 15 16 18 19 20 21 23 24 27 29 
18 0 1 4 6 7 9 10 12 14 15 16 18 19 21 22 27 28 29 
14 0 1 3 4 6 11 13 18 20 21 22 25 27 28 
15 2 3 4 6 7 8 11 13 14 16 17 23 26 27 28 
17 1 3 4 7 10 13 14 18 19 20 22 23 24 25 26 27 28 
15 0 1 4 5 6 9 10 12 15 18 20 23 24 27 28 
15 1 4 5 7 9 11 16 18 19 20 21 23 27 28 29 
13 7 8 10 13 14 17 18 19 21 22 23 25 28 
13 1 4 5 6 7 12 13 14 17 18 19 20 25 
18 2 4 5 8 9 10 12 14 16 17 19 22 23 24 25 26 27 29 
14 3 4 6 7 8 9 11 12 17 18 19 25 27 28 
15 0 1 2 4 6 7 11 13 14 16 19 24 26 27 29 
13 3 4 8 9 10 11 13 16 18 19 25 26 28 
17 0 1 4 5 7 8 9 13 15 17 20 23 24 26 27 28 29 
19 0 1 2 3 4 6 7 8 9 10 13 16 19 20 21 23 24 25 29 
19 3 5 6 7 8 9 10 12 13 17 18 20 23 24 25 26 27 28 29 
18 1 2 3 6 8 10 11 12 13 14 15 16 17 21 24 25 26 29 
18 0 1 2 3 4 9 11 12 13 14 16 18 19 21 22 23 27 29 
12 2 11 13 14 15 16 18 19 22 25 26 28 
15 5 6 10 11 12 13 14 15 16 17 19 22 25 27 29 
14 1 7 9 10 12 14 18 20 23 24 25 26 27 28 
11 1 6 7 8 10 14 15 17 20 22 28 
12 4 6 10 11 12 13 14 16 20 25 27 28 
13 0 3 4 10 11 14 19 20 21 22 23 26 28 
15 0 1 3 5 6 7 11 14 19 20 21 22 24 25 29 
19 0 1 2 5 6 8 10 11 12 14 15 18 19 20 22 24 26 27 28 
18 0 1 2 4 7 8 9 10 13 17 18 19 23 24 25 27 28 29 
13 0 2 4 6 7 8 10 11 12 15 25 28 29 
15 3 4 5 9 10 12 15 16 17 20 22 24 25 27 29 
20 0 2 3 5 8 9 12 13 16 18 19 20 21 23 24 25 26 27 28 29 
