60:60
33 0 5 6 7 8 9 12 14 15 17 18 22 23 27 28 29 31 32 34 37 39 42 45 47 48 49 52 53 54 56 57 58 59 
32 0 3 4 7 10 12 14 15 17 18 21 22 23 24 26 29 32 33 34 37 38 41 42 43 48 50 51 52 54 56 58 59 
29 3 4 7 8 12 13 14 15 16 21 24 25 26 32 33 35 36 39 42 43 47 48 50 51 53 55 56 57 59 
33 1 3 4 9 10 13 14 16 18 19 20 21 22 23 24 25 26 31 34 35 37 38 40 41 42 43 48 50 52 54 55 57 59 
28 0 3 5 8 10 12 16 22 24 25 27 31 33 34 35 37 41 43 45 46 47 48 54 55 56 57 58 59 
31 0 1 2 4 6 9 12 13 15 17 18 21 22 23 26 27 30 33 35 36 38 40 41 46 47 50 51 53 55 56 57 
33 0 3 4 5 8 12 13 14 20 22 24 26 27 28 30 31 34 35 36 37 39 41 42 46 48 49 50 51 52 53 55 56 59 
28 3 4 5 8 9 10 11 13 14 17 18 21 26 30 31 34 35 37 39 40 42 43 45 50 52 53 54 56 
28 3 5 6 8 13 14 15 16 18 19 23 25 26 27 31 34 38 39 41 43 44 52 53 54 55 56 57 58 
33 0 1 2 3 7 8 9 10 12 13 15 16 17 19 20 21 22 23 25 34 41 42 43 45 46 47 49 50 52 53 54 55 59 
27 2 5 6 7 10 12 15 17 18 19 20 21 22 25 32 34 35 37 38 40 43 44 50 52 53 55 57 
34 0 1 2 4 5 7 8 9 10 13 14 19 20 21 22 23 24 27 28 29 34 36 38 40 42 43 45 47 48 51 55 57 58 59 
28 1 3 6 7 9 12 13 20 21 22 23 24 25 26 27 28 30 34 37 42 45 46 48 49 50 52 57 59 
35 2 3 5 8 10 11 12 14 15 16 19 21 22 23 24 28 29 32 34 35 38 39 40 41 44 47 48 51 52 53 54 55 56 57 59 
29 0 4 6 7 9 11 18 20 21 22 24 25 27 28 32 36 38 39 40 42 47 49 50 52 53 54 56 57 58 
25 2 4 6 9 12 13 16 17 20 26 27 31 33 34 36 37 45 47 48 52 53 54 55 56 59 
28 0 3 8 11 12 13 15 18 20 21 26 30 31 34 35 37 38 39 42 43 44 45 46 51 53 56 57 58 
29 0 2 5 7 8 9 11 14 15 16 20 21 22 23 28 29 31 35 36 41 44 47 48 50 52 53 56 57 59 
30 1 3 4 5 10 12 14 19 20 21 23 24 26 28 30 32 34 37 38 40 41 43 44 47 50 51 53 55 57 59 
31 3 4 5 6 7 8 9 10 16 18 19 20 21 23 25 26 27 28 29 31 35 39 40 44 48 50 52 54 56 58 59 
27 4 5 7 9 12 13 15 16 18 20 21 26 28 30 31 32 36 38 39 40 42 43 44 47 53 56 57 
36 1 3 5 6 7 8 9 10 11 13 15 16 17 18 21 25 28 30 34 35 36 37 38 39 40 43 45 46 48 50 51 54 55 56 58 59 
30 0 1 2 4 6 11 12 15 19 21 22 23 24 27 32 33 35 37 40 43 44 45 47 48 50 54 55 56 58 59 
27 1 6 8 9 10 11 12 13 16 17 21 24 29 32 35 36 37 39 40 42 43 45 47 48 50 55 57 
30 0 1 2 7 10 11 12 15 19 20 22 23 24 26 29 31 32 34 37 41 42 43 44 46 47 49 50 53 54 55 
33 2 4 5 7 8 11 12 14 15 18 19 22 23 25 26 28 29 30 33 35 38 39 41 42 43 46 47 48 52 54 55 56 59 
30 0 1 2 5 6 7 9 10 12 15 16 17 19 20 21 22 24 27 28 35 40 41 42 45 46 47 48 52 54 59 
30 0 1 3 4 5 7 9 11 13 19 21 24 27 29 30 31 35 36 37 38 41 42 43 46 47 50 51 52 53 54 
30 0 3 6 11 12 19 21 24 26 27 29 30 31 33 34 35 38 39 40 43 45 46 47 48 49 52 53 56 57 58 
36 0 1 3 4 5 10 11 12 15 16 18 22 23 26 27 28 29 31 34 35 36 38 39 40 41 42 44 45 48 49 50 51 53 54 56 59 
23 0 8 10 12 13 15 24 25 26 29 31 32 33 36 42 44 45 46 49 51 52 57 58 
24 1 9 11 13 14 15 16 18 22 23 24 25 27 31 32 34 36 41 42 44 48 50 51 54 
32 4 8 9 11 14 15 17 19 20 21 22 28 29 30 31 32 34 35 39 40 41 42 43 44 46 47 50 53 54 55 58 59 
29 0 1 3 4 6 7 9 10 15 16 18 21 23 27 31 32 33 34 39 40 42 45 46 47 48 49 50 54 55 
38 1 3 5 7 9 12 13 15 16 18 19 20 21 22 24 25 26 27 28 31 32 33 34 36 37 38 39 42 45 46 47 50 51 54 55 57 58 59 
29 2 3 4 11 14 15 17 18 22 24 25 26 27 28 29 30 31 32 33 34 35 38 42 43 45 46 50 53 58 
28 0 1 6 7 9 10 11 13 14 15 19 21 22 23 26 27 29 34 35 37 39 40 43 45 47 49 51 56 
34 0 4 5 7 8 9 12 13 15 16 17 19 21 24 26 28 29 33 35 37 38 41 43 44 46 48 50 51 52 53 55 57 58 59 
26 0 4 5 6 13 15 16 17 19 21 22 23 24 25 28 31 32 34 35 36 37 40 41 50 57 59 
33 4 5 6 7 9 10 13 14 15 18 19 20 21 23 25 28 30 31 32 34 37 38 39 40 41 43 44 47 50 52 55 56 58 
26 1 4 8 10 12 13 17 20 29 30 31 32 34 35 38 41 42 44 46 47 48 49 50 51 52 56 
28 2 3 5 6 7 8 10 12 13 14 15 16 20 23 31 32 35 36 37 39 44 45 46 48 50 55 58 59 
37 0 5 8 9 10 11 12 15 16 17 20 21 22 24 26 29 30 32 35 36 37 41 42 44 45 46 47 48 49 50 51 52 53 55 56 57 58 
33 0 1 4 5 11 14 17 18 21 22 23 26 28 31 32 34 35 36 38 40 42 43 45 46 47 49 50 51 53 55 56 58 59 
30 1 4 7 8 9 10 13 14 17 20 21 22 23 24 26 28 31 33 39 41 42 44 45 46 47 48 52 55 56 57 
32 3 5 10 13 14 15 16 17 18 20 21 22 23 25 28 32 33 34 35 36 38 39 41 44 45 46 48 50 54 55 58 59 
28 4 6 9 12 18 19 20 22 23 24 25 27 28 29 30 33 35 36 39 41 43 44 47 48 49 54 55 59 
25 0 1 3 4 6 8 11 12 14 15 16 17 20 21 23 29 32 35 36 38 40 45 53 54 56 
34 1 4 5 6 7 8 9 10 12 14 16 17 21 23 24 26 27 30 31 32 34 35 36 39 40 43 45 46 48 50 52 54 56 57 
36 1 2 4 6 7 8 10 13 14 15 16 17 19 20 22 23 25 28 31 32 33 34 35 37 38 39 40 42 45 47 48 50 53 55 58 59 
31 0 1 2 3 4 6 7 8 11 12 19 20 21 22 23 26 29 31 32 33 34 42 44 47 49 50 51 53 54 56 58 
31 0 1 3 4 5 6 7 8 9 10 13 16 17 18 21 22 23 25 26 27 28 29 30 31 32 33 46 51 56 58 59 
27 0 1 2 4 6 11 16 17 18 21 22 27 28 30 31 35 37 38 39 40 41 46 47 48 50 53 59 
23 0 1 3 4 13 17 24 28 29 30 34 36 37 38 39 40 41 42 43 48 53 56 57 
32 3 5 6 7 8 10 11 14 17 18 22 23 24 25 26 27 28 30 34 35 36 38 39 40 41 43 44 48 50 52 54 59 
25 0 1 2 5 10 11 12 14 15 21 23 25 31 36 39 42 46 48 49 51 52 54 55 57 58 
31 6 8 9 10 11 12 13 15 17 19 20 22 24 26 27 28 29 36 37 40 43 49 51 52 53 54 55 56 57 58 59 
31 0 1 2 3 4 7 9 10 11 17 18 20 21 23 25 28 29 30 33 36 37 38 41 44 45 46 50 51 53 56 57 
27 2 3 4 7 8 11 15 16 21 24 25 26 30 31 32 34 35 37 38 41 44 50 51 53 55 58 59 
29 0 2 4 6 11 14 15 16 17 19 22 24 26 31 32 33 37 39 44 45 48 49 50 51 52 53 54 57 58 
