60:90
45 0 1 2 3 4 6 7 9 14 15 17 20 23 24 25 28 29 31 35 36 38 39 41 42 43 44 45 49 53 54 55 57 60 62 67 69 70 71 73 77 78 79 81 82 87 
44 2 3 5 6 8 10 11 16 18 20 22 23 27 30 32 34 35 37 38 42 44 52 54 55 57 58 61 62 63 66 67 70 72 73 74 76 81 82 83 84 85 86 88 89 
47 3 4 8 10 11 12 16 20 21 22 24 26 27 29 31 32 34 35 37 38 41 42 47 49 50 55 56 58 59 60 61 62 63 64 70 71 72 74 75 77 79 80 82 83 86 87 88 
41 0 1 3 5 6 11 12 13 16 17 21 24 25 26 28 30 33 36 41 43 48 49 53 54 58 59 60 63 71 72 74 76 77 78 79 80 81 84 85 87 89 
45 3 11 12 16 17 20 21 23 25 26 28 29 30 31 32 34 35 37 39 43 44 45 49 50 52 53 54 55 56 58 61 64 65 68 71 73 74 77 79 80 82 86 87 88 89 
39 1 4 7 8 9 10 11 18 19 23 28 29 30 31 32 36 42 43 46 47 48 50 51 52 53 56 57 59 64 66 68 69 71 76 77 83 84 85 87 
37 1 2 4 6 11 16 17 24 25 26 27 28 31 32 35 37 39 42 43 44 45 46 50 53 54 56 61 64 66 69 70 71 75 81 82 84 88 
43 0 2 3 5 6 7 8 11 12 15 18 20 25 26 27 31 34 36 37 39 40 41 50 51 53 55 57 59 61 62 64 66 67 69 71 77 78 79 80 82 84 85 86 
54 0 2 4 5 6 9 12 13 14 18 19 20 21 22 24 25 27 28 30 31 32 34 38 41 42 43 44 46 47 49 54 56 57 58 59 63 64 65 67 70 71 72 74 75 76 77 79 81 83 84 85 86 87 88 
47 1 4 7 8 9 10 11 13 15 19 20 21 27 28 29 30 35 37 38 41 43 44 45 47 48 49 50 51 53 54 57 59 62 63 66 67 68 69 74 75 76 78 79 80 83 85 88 
45 1 4 5 7 8 11 12 20 23 25 27 29 32 33 35 37 39 41 42 43 44 45 46 48 51 52 53 55 57 60 62 63 64 68 69 74 76 77 79 81 83 85 86 87 89 
42 4 8 10 11 14 15 17 18 19 20 21 25 27 28 30 31 34 41 45 48 49 51 53 54 55 57 58 59 62 63 65 66 67 68 69 71 72 75 76 79 83 89 
43 1 6 18 22 23 24 25 27 29 30 31 33 35 37 42 43 46 48 49 50 53 54 55 56 58 60 64 66 67 68 69 74 76 77 78 80 81 82 83 84 85 86 88 
34 8 12 17 21 23 25 27 28 32 33 34 36 39 42 47 49 55 56 57 58 59 60 61 62 69 70 71 73 76 77 79 84 88 89 
40 1 2 3 4 9 11 12 14 15 19 24 25 26 27 29 30 37 45 46 47 50 52 53 55 56 59 60 61 63 66 68 70 72 73 76 79 81 82 84 86 
50 0 1 2 3 4 5 7 10 11 13 15 16 17 18 20 22 26 27 28 29 32 33 35 36 37 40 42 46 49 51 52 56 57 60 62 63 65 67 68 69 70 73 74 76 77 81 82 84 85 88 
43 2 3 5 6 8 12 15 19 25 27 29 31 33 34 38 39 40 41 43 44 50 51 52 53 54 56 59 60 64 65 67 70 72 73 74 75 78 79 80 81 84 86 89 
39 5 7 8 10 13 14 16 19 20 21 23 27 30 33 34 36 39 40 42 43 44 45 48 59 60 63 65 69 70 71 72 74 77 78 79 81 85 86 87 
39 1 2 7 11 12 13 15 19 22 23 24 25 27 31 32 34 40 41 43 47 49 50 56 58 60 62 63 65 66 67 70 71 72 73 74 77 78 82 85 
48 0 1 2 6 8 9 11 12 14 17 19 22 23 24 26 30 31 32 36 38 41 45 50 52 53 55 57 59 61 62 63 65 67 69 70 72 73 75 76 77 78 79 81 83 84 86 87 89 
46 1 3 6 7 9 11 12 13 14 16 18 21 23 24 25 29 30 31 35 36 37 39 42 45 47 51 52 55 56 57 58 61 62 67 70 73 74 75 76 77 79 83 84 85 86 87 
42 1 12 13 14 19 23 25 26 27 29 31 32 34 35 36 37 38 43 44 48 50 52 53 54 56 58 62 64 66 68 69 70 72 74 76 77 82 83 84 86 88 89 
44 2 3 8 10 16 18 26 28 29 30 31 32 33 34 37 40 41 45 51 53 54 55 58 59 60 61 62 63 64 66 69 72 73 76 77 79 80 81 84 85 86 87 88 89 
44 1 9 10 12 13 14 20 21 25 26 27 28 29 33 35 37 38 41 42 44 46 47 48 49 51 52 54 55 57 59 61 63 64 66 73 74 75 79 82 83 84 85 87 89 
44 0 1 2 3 5 8 11 12 13 14 15 17 20 22 31 32 33 34 36 40 41 43 45 47 48 52 53 54 55 57 65 67 69 71 72 77 78 79 81 83 84 86 87 89 
41 1 4 5 7 8 10 11 15 23 25 26 27 28 30 31 32 33 36 40 41 42 43 45 47 50 52 54 57 59 62 63 67 70 71 73 74 75 77 82 85 89 
41 2 5 7 9 14 15 17 18 21 22 25 26 27 31 32 34 36 38 40 41 45 48 49 50 52 55 59 61 64 69 70 72 73 75 76 81 83 85 86 88 89 
38 3 6 7 13 14 15 16 19 20 22 24 25 26 27 29 33 34 35 36 37 41 43 48 50 52 55 61 66 68 70 72 74 76 77 82 83 84 87 
45 2 4 6 7 8 9 10 11 12 13 16 17 19 23 25 26 27 31 32 37 41 48 50 51 52 53 54 56 58 61 62 63 64 65 70 71 73 74 75 76 78 79 80 86 87 
48 1 3 5 7 9 10 11 12 13 17 18 19 23 24 25 26 28 31 32 37 38 40 41 44 49 51 53 54 55 57 58 59 60 62 63 64 67 71 72 73 74 75 78 81 86 87 88 89 
47 0 1 2 6 9 10 11 16 17 19 21 22 24 25 27 28 30 32 34 36 38 44 45 46 47 52 53 54 55 56 57 58 62 64 70 71 72 73 74 77 78 80 82 84 86 87 89 
42 0 2 3 6 7 8 10 12 15 16 20 21 22 24 27 32 34 38 40 41 48 50 52 54 55 56 58 59 62 67 68 70 74 75 77 78 80 81 82 83 84 86 
47 0 1 2 3 4 5 6 8 9 10 12 17 20 22 24 26 27 28 29 30 31 32 33 38 39 40 41 43 54 56 58 61 62 63 67 69 70 72 73 74 75 77 81 82 84 88 89 
49 0 1 2 3 5 6 11 13 14 16 18 19 20 21 27 29 30 32 35 36 37 43 45 46 47 48 49 50 52 54 55 59 61 62 63 64 65 67 68 69 70 72 74 76 77 79 83 86 89 
47 0 2 3 4 5 6 8 10 11 13 14 18 21 23 24 26 28 29 34 35 36 39 40 41 44 45 46 47 55 56 57 60 62 63 65 66 69 70 72 73 75 77 78 81 82 85 88 
40 5 6 8 14 17 19 23 24 25 27 28 29 35 36 39 41 42 44 46 47 52 53 54 55 59 60 61 62 64 67 71 72 75 79 81 82 85 86 87 88 
43 1 2 5 9 10 11 12 14 15 16 20 21 23 24 25 30 31 32 34 35 36 41 43 44 45 46 47 52 54 58 62 64 65 71 72 74 75 77 78 80 81 86 89 
48 0 1 3 5 6 8 9 10 14 15 17 19 22 23 25 29 30 31 33 34 35 36 38 40 42 44 47 49 51 52 56 60 64 65 66 68 69 70 71 75 76 78 79 80 83 85 86 89 
37 2 3 5 18 19 20 21 22 26 27 30 31 33 35 37 38 39 41 42 43 45 49 51 52 53 55 58 61 63 65 70 71 79 82 85 87 88 
42 0 2 4 5 6 7 9 12 14 18 19 20 21 25 26 29 33 35 36 37 38 39 40 41 42 43 46 48 53 59 60 67 72 76 77 78 80 81 85 87 88 89 
58 0 1 2 3 4 7 8 10 12 13 15 16 17 18 21 24 25 26 27 28 29 30 33 34 35 36 37 38 41 42 44 45 46 48 49 50 51 55 56 58 59 60 62 63 64 65 66 67 68 69 71 73 74 75 77 82 83 86 
45 0 2 3 4 5 7 9 10 12 13 14 15 16 21 22 24 29 32 35 39 41 43 44 47 49 50 51 52 53 56 57 59 61 66 68 71 74 78 79 81 82 83 85 88 89 
50 1 2 5 6 7 9 12 14 16 18 19 21 22 23 24 25 26 27 30 40 42 44 45 46 48 50 54 55 57 58 64 65 66 67 68 69 71 74 75 76 77 79 80 82 83 84 85 86 87 88 
53 1 2 3 6 7 8 9 10 13 16 17 18 19 20 21 24 25 28 29 30 31 34 35 40 42 43 44 45 47 48 50 52 53 54 55 57 58 59 60 64 66 70 71 74 76 77 78 82 83 84 85 87 88 
44 2 3 8 15 18 20 21 24 25 26 28 30 32 36 40 41 43 45 47 48 50 52 53 55 56 58 59 60 62 63 64 66 71 72 73 74 75 77 79 84 86 87 88 89 
36 1 5 8 9 12 16 17 23 26 28 29 30 33 35 38 41 42 43 44 47 48 52 54 56 57 63 65 67 69 73 76 80 83 84 86 88 
45 1 3 5 6 9 13 14 16 17 18 21 23 25 26 27 28 30 32 36 37 39 40 41 43 48 51 52 55 56 58 59 61 62 63 65 67 69 70 73 74 79 82 83 84 86 
51 2 3 5 6 8 9 10 11 12 13 14 15 16 17 18 21 22 24 28 29 30 31 32 35 37 40 41 42 43 44 47 50 51 54 55 58 59 60 63 64 65 69 74 75 76 78 79 80 83 84 88 
55 2 3 4 5 8 9 10 15 19 20 21 24 25 26 27 32 33 34 38 40 43 44 45 46 48 50 51 55 56 57 58 59 61 63 64 65 68 69 70 71 73 74 75 76 77 78 79 80 81 83 84 85 86 87 88 
47 0 1 3 6 9 11 12 14 17 18 21 22 23 24 25 27 28 29 30 31 32 34 36 38 39 41 42 43 44 45 48 52 53 54 55 56 59 64 65 69 76 79 82 85 86 88 89 
49 0 3 5 7 8 11 12 13 14 15 17 18 22 26 28 29 32 36 37 38 39 42 43 44 47 51 54 55 56 58 60 62 63 65 66 69 72 73 74 75 80 81 82 83 85 86 87 88 89 
43 2 3 4 5 6 7 14 16 18 22 26 27 29 31 32 35 38 41 42 43 44 45 47 48 49 50 51 53 56 59 60 61 62 63 64 65 67 71 73 78 84 87 89 
44 0 4 8 12 14 15 19 20 23 24 25 27 30 31 32 34 37 41 43 46 48 54 57 58 59 61 62 63 64 65 67 68 69 70 74 77 78 79 82 83 84 86 87 89 
43 0 3 4 5 7 8 10 11 13 14 17 19 24 25 26 28 29 30 32 35 36 37 38 39 40 43 45 48 56 57 59 66 68 70 72 75 76 77 78 79 80 82 86 
50 1 5 7 8 9 11 13 14 15 17 24 25 26 30 32 33 35 38 41 42 43 44 47 48 49 50 53 55 56 59 61 62 64 65 66 69 71 72 73 77 78 79 80 81 83 84 85 86 88 89 
51 0 2 3 6 9 10 11 12 18 21 22 25 27 28 29 30 31 32 33 35 37 39 40 41 43 44 46 48 49 54 55 56 57 58 59 60 61 62 63 65 66 68 69 70 71 73 78 80 83 84 88 
46 1 2 3 5 6 7 8 10 11 13 14 15 17 18 23 25 26 29 35 36 37 38 39 46 47 50 52 54 55 56 61 62 63 64 65 73 74 75 76 77 79 80 82 83 85 89 
46 3 4 6 8 9 11 13 15 16 19 20 23 24 25 28 30 32 35 37 38 39 40 42 43 47 50 52 53 58 60 62 63 64 65 68 72 73 74 75 76 78 82 85 87 88 89 
47 0 1 4 7 9 10 12 15 18 19 23 26 27 28 30 31 33 34 35 38 40 41 42 43 45 48 49 56 57 58 61 62 63 64 65 66 67 68 70 71 72 73 78 81 86 87 89 
36 0 3 4 5 6 9 10 13 14 15 16 22 24 26 27 28 30 31 33 36 38 42 47 48 51 58 59 63 65 69 73 77 79 80 83 88 
