60:60
27 0 1 2 3 4 5 9 10 13 15 17 18 19 21 26 29 30 36 40 44 49 50 52 53 54 56 57 
33 1 2 3 4 5 6 7 10 15 17 19 20 21 24 25 26 27 29 31 33 36 38 39 47 48 50 51 53 54 55 56 58 59 
28 1 4 5 8 11 12 14 15 16 18 19 23 26 27 28 30 31 33 35 36 37 40 41 49 50 55 56 57 
33 0 1 3 4 6 7 10 11 12 14 15 18 21 22 25 27 29 30 31 32 34 36 37 39 40 49 52 53 54 55 56 57 59 
27 2 3 4 5 10 11 12 14 15 18 22 23 24 26 33 37 39 40 43 49 50 51 52 55 56 57 59 
34 1 3 4 6 7 8 9 10 11 12 13 15 17 19 20 21 25 27 29 30 31 33 35 37 38 40 45 47 49 51 52 55 56 57 
36 1 2 3 4 6 7 8 10 12 13 14 18 19 20 24 27 28 29 30 32 33 34 36 37 38 39 41 42 44 45 48 50 51 56 58 59 
23 0 1 2 5 6 9 10 13 17 26 28 30 31 32 37 39 42 43 44 50 52 53 54 
27 1 2 3 6 8 10 13 18 20 23 26 27 29 30 32 33 35 36 39 42 43 48 49 50 54 55 57 
32 0 2 5 6 10 13 16 18 19 20 22 23 24 25 26 27 28 29 30 35 38 41 42 43 45 48 50 51 53 55 56 58 
24 4 5 8 9 14 15 16 19 21 23 24 25 26 28 31 32 33 38 39 50 53 55 57 58 
30 0 2 5 6 8 12 14 15 17 18 19 20 21 22 26 27 28 29 30 31 32 34 35 37 43 44 45 46 47 49 
38 0 1 2 3 5 6 8 9 11 13 14 15 18 19 20 23 27 28 29 33 34 35 36 37 38 42 43 44 45 48 49 50 51 53 54 55 58 59 
28 0 1 6 8 9 14 16 19 22 24 26 28 32 34 36 39 41 42 44 45 48 50 52 53 55 56 58 59 
26 4 5 6 10 12 13 17 18 21 23 30 31 33 34 35 37 40 41 45 46 47 50 52 53 54 59 
29 1 8 10 11 14 16 18 19 20 21 23 25 26 29 30 34 35 36 37 38 41 42 44 45 46 49 51 54 58 
38 1 6 7 9 10 12 13 16 18 19 20 21 22 23 24 26 28 29 31 32 33 35 36 39 40 43 45 46 47 48 50 52 54 55 56 57 58 59 
35 0 4 5 6 7 8 9 10 11 13 17 18 19 24 25 26 28 29 32 33 39 40 41 43 44 45 47 48 49 50 51 54 55 57 59 
32 3 4 5 8 10 11 14 15 17 18 19 20 21 23 24 26 27 28 29 30 31 33 34 36 37 42 45 51 52 54 55 56 
25 3 5 6 7 8 10 11 13 15 17 20 24 30 31 32 33 35 41 42 44 46 47 48 54 59 
31 0 4 5 6 8 9 12 18 19 21 23 26 27 30 31 36 37 39 40 41 42 44 46 47 48 50 54 55 56 57 58 
30 0 7 10 11 14 15 16 17 18 20 21 22 24 25 27 29 32 36 37 38 39 41 46 47 49 51 53 57 58 59 
34 1 2 7 10 12 15 16 18 19 20 21 22 23 24 26 27 28 29 30 32 33 34 35 37 38 41 44 45 47 49 51 52 54 57 
33 1 3 5 6 8 10 12 13 15 16 17 19 21 22 24 25 26 27 29 30 31 32 38 39 45 49 50 51 53 54 55 58 59 
28 1 3 4 9 11 16 17 19 22 27 28 29 31 32 34 35 36 38 40 41 43 44 47 49 50 55 56 59 
30 2 3 4 6 10 13 15 17 18 21 23 24 25 27 28 29 32 33 35 37 38 39 41 42 48 49 50 53 56 58 
37 2 3 4 5 6 8 10 11 12 13 14 17 18 19 20 23 27 28 29 31 34 35 39 40 42 43 44 46 47 49 50 51 52 53 54 57 59 
34 0 1 3 4 6 7 9 10 11 12 15 16 18 20 22 23 25 26 30 31 32 34 35 38 39 40 43 44 45 46 51 52 55 56 
32 0 1 3 5 7 8 9 11 12 13 14 16 18 19 21 22 23 26 27 29 32 34 36 37 38 45 46 47 48 50 57 59 
32 0 2 3 4 6 9 10 11 12 13 17 21 23 24 26 30 32 33 34 38 40 43 46 48 50 52 53 54 55 57 58 59 
31 0 1 2 3 8 9 10 11 13 16 18 19 22 23 25 26 27 32 34 35 36 40 41 42 44 47 50 51 53 54 55 
24 0 1 7 9 10 12 13 16 17 20 21 24 26 27 31 32 35 36 37 38 43 45 50 55 
28 1 4 5 6 7 10 11 12 13 16 20 23 25 26 28 29 30 32 39 41 44 48 49 50 56 57 58 59 
30 0 1 4 6 9 10 11 12 13 14 18 19 25 26 32 35 36 38 39 42 43 44 45 48 49 50 51 56 57 58 
41 0 1 3 5 6 7 10 12 14 15 17 18 19 20 21 22 23 24 27 28 29 30 31 32 34 35 38 40 42 43 44 45 47 48 50 52 53 54 55 56 59 
23 0 4 5 7 9 11 13 17 19 20 24 25 27 31 32 43 45 46 49 52 54 55 57 
32 0 3 4 6 7 8 9 11 13 14 18 19 21 22 25 26 27 30 31 33 38 39 42 44 45 46 48 54 55 56 57 59 
29 0 2 12 14 15 16 17 18 22 28 33 34 35 36 37 38 41 42 43 44 45 50 53 54 55 56 57 58 59 
28 1 3 4 5 7 9 10 11 12 15 23 24 27 28 34 35 36 37 40 43 44 47 48 49 50 52 54 55 
31 1 4 5 7 8 9 11 12 16 17 18 21 24 26 30 32 33 34 35 36 39 40 41 45 47 50 51 52 55 57 59 
40 0 1 2 3 4 5 7 8 11 13 18 19 20 21 22 23 25 26 27 28 29 32 33 34 36 38 39 42 43 44 45 46 47 49 50 51 52 55 57 59 
32 0 2 5 6 8 9 10 12 16 17 19 22 25 26 28 29 30 33 34 36 37 39 43 44 49 51 52 53 54 56 58 59 
26 1 5 6 9 11 14 15 16 17 19 21 25 29 34 35 39 44 45 46 47 48 52 53 56 57 58 
32 0 1 3 4 6 9 10 14 17 18 20 24 25 26 27 28 30 32 35 38 40 41 42 45 47 49 50 51 55 57 58 59 
34 3 5 7 8 10 11 12 13 14 18 20 24 25 26 27 28 29 30 31 32 33 34 36 37 38 41 42 44 47 49 53 55 56 59 
33 0 2 3 6 7 9 10 12 16 17 19 20 21 23 25 26 28 30 31 33 36 38 40 41 44 45 46 48 49 53 55 57 58 
23 0 1 2 3 9 13 17 18 20 23 24 28 31 32 37 39 41 42 43 47 48 50 53 
35 0 1 2 4 6 8 10 12 14 15 21 22 23 24 25 26 29 31 32 33 35 36 37 38 43 44 47 48 49 51 53 54 56 58 59 
30 1 2 3 4 7 12 13 14 17 19 22 23 27 28 29 30 31 32 33 34 36 39 42 43 45 48 52 54 55 58 
32 1 2 3 5 7 8 10 11 12 13 14 15 20 27 29 30 33 35 38 39 40 42 45 48 51 52 53 54 55 56 58 59 
27 1 3 7 8 9 10 14 17 18 20 22 24 25 28 32 34 36 38 40 44 48 49 51 55 56 58 59 
30 0 2 5 8 11 12 13 14 15 16 18 19 20 26 28 29 30 32 33 37 39 40 42 43 49 50 52 53 56 59 
32 0 2 4 8 9 11 12 13 14 17 19 20 21 22 23 26 30 31 33 36 37 38 39 41 42 44 47 49 51 55 56 59 
28 2 3 4 5 6 7 8 9 10 11 13 17 21 24 31 32 33 36 40 41 43 45 50 52 53 54 55 57 
33 2 5 6 8 9 10 11 12 13 14 15 17 19 20 22 23 24 27 29 31 32 34 41 42 43 44 46 48 50 51 55 56 57 
25 1 4 7 8 9 10 11 14 19 21 25 30 33 35 36 37 39 41 45 49 53 54 55 57 58 
28 5 6 10 12 14 15 20 22 24 27 28 31 32 33 34 35 37 39 40 41 43 45 46 49 50 51 55 58 
26 1 2 3 5 6 7 9 14 15 21 28 29 30 31 32 34 38 40 44 48 51 52 53 55 56 59 
22 1 10 12 14 16 17 20 21 28 29 30 31 32 34 35 39 42 44 49 51 52 55 
32 1 2 3 5 7 8 9 12 16 17 18 19 20 21 25 27 28 29 30 32 34 35 40 41 43 44 45 48 49 53 54 58 
