60:60
44 2 3 4 5 7 10 11 12 13 14 15 16 17 18 19 22 23 25 26 27 28 29 30 31 32 35 36 37 39 40 41 42 45 46 47 48 49 51 52 53 55 56 57 59 
48 1 3 4 5 6 7 8 10 12 13 14 16 17 18 19 20 21 24 25 26 28 30 31 32 33 34 35 36 37 38 40 41 43 44 45 46 47 48 49 50 51 52 53 54 55 57 58 59 
46 2 3 5 6 7 8 9 10 12 13 14 15 17 19 20 21 22 23 24 25 26 27 29 30 31 32 33 35 36 37 39 40 41 42 43 44 45 47 48 51 53 54 55 56 57 58 
43 2 3 4 5 6 7 9 11 12 13 15 16 18 19 20 21 22 23 25 28 29 31 32 33 34 35 36 38 39 40 45 46 47 48 49 51 52 54 55 56 57 58 59 
43 0 2 3 4 6 8 9 10 12 13 15 16 18 19 20 21 22 24 25 30 34 35 36 37 39 40 41 42 43 45 46 48 49 50 51 52 53 54 55 56 57 58 59 
46 0 1 2 3 4 5 6 7 9 10 11 12 13 14 15 16 18 19 20 23 24 25 26 28 29 30 32 36 37 38 39 40 41 42 44 45 46 49 51 52 53 54 55 57 58 59 
45 0 1 2 3 5 6 7 8 9 10 11 13 14 15 16 17 18 19 20 21 22 23 25 26 28 30 31 33 34 37 38 39 40 41 43 44 45 46 50 52 53 54 55 57 59 
47 0 1 2 3 5 7 8 9 11 12 15 16 17 18 19 20 21 22 23 25 26 27 28 29 30 31 32 33 34 35 36 37 38 41 42 43 45 46 47 48 49 50 53 54 55 57 58 
48 0 1 2 3 4 5 6 7 9 11 12 13 14 15 16 18 19 20 21 22 23 24 25 26 27 28 29 30 31 35 36 38 40 41 42 43 46 47 48 49 50 51 52 54 56 57 58 59 
44 0 5 6 7 8 10 11 12 13 14 15 16 17 18 19 21 22 24 25 27 29 30 32 35 36 37 38 40 41 42 43 45 47 48 49 50 51 52 53 55 56 57 58 59 
53 1 2 3 5 6 7 8 9 11 12 13 14 15 16 17 18 19 20 21 22 23 24 25 26 27 28 29 30 31 32 34 35 36 37 38 39 40 41 42 43 45 47 49 50 51 52 53 54 55 56 57 58 59 
43 0 1 2 3 4 5 6 7 11 12 13 15 17 18 19 21 22 23 24 25 26 28 29 30 31 32 33 35 37 43 44 46 48 50 51 52 53 54 55 56 57 58 59 
47 1 2 3 4 5 6 7 8 9 11 12 14 15 17 18 19 20 21 22 23 24 25 26 27 28 29 31 33 34 35 36 38 39 40 41 42 43 44 46 48 49 50 51 52 53 55 59 
47 0 1 2 3 4 5 6 8 12 13 14 15 16 18 19 20 21 23 25 26 28 29 30 31 32 33 35 36 37 38 40 41 42 43 44 45 46 47 48 49 50 51 53 54 57 58 59 
45 0 2 3 4 5 6 7 10 11 12 13 14 16 18 19 20 21 22 23 24 25 26 27 28 29 30 32 34 35 36 39 41 42 43 44 45 46 47 48 49 51 52 53 56 57 
44 0 1 3 4 5 7 8 11 13 14 15 17 18 19 21 22 23 24 25 26 27 29 30 31 32 33 34 36 38 40 41 42 43 44 45 47 48 49 51 52 53 55 56 57 
44 0 1 2 3 4 5 6 7 8 10 11 12 13 15 16 17 18 19 20 21 22 23 24 25 27 30 31 32 34 36 38 39 40 41 45 46 47 48 51 53 54 55 58 59 
45 0 1 2 4 5 7 8 9 10 11 13 14 18 19 20 21 22 23 24 27 28 31 32 34 35 36 37 38 39 40 41 42 43 44 46 47 48 49 51 52 53 55 56 57 58 
49 0 1 2 3 5 6 7 8 9 10 11 12 13 14 16 17 18 21 22 23 24 28 29 30 31 32 34 35 36 37 38 40 41 42 43 44 45 46 47 48 49 50 51 52 53 54 55 56 57 
43 0 1 2 3 4 5 7 8 9 10 11 12 13 14 15 16 17 18 19 20 22 24 28 30 32 33 34 35 36 37 38 41 43 45 46 47 48 50 51 55 56 58 59 
48 1 3 4 5 6 7 8 9 10 12 13 14 15 16 17 18 19 20 22 23 24 25 26 27 29 30 31 32 33 35 36 37 38 39 43 44 45 46 47 48 49 50 52 53 54 56 58 59 
46 0 2 3 4 5 6 7 8 9 10 11 12 13 14 15 16 18 19 20 21 22 23 24 26 30 31 32 33 37 38 39 41 42 43 44 45 48 50 52 53 54 55 56 57 58 59 
42 1 2 3 4 5 6 7 8 9 11 14 15 16 17 18 19 21 23 24 25 27 28 30 31 32 36 37 38 39 40 43 45 46 47 48 49 50 51 53 55 57 59 
45 0 1 2 3 4 5 7 8 9 10 11 13 17 18 19 21 23 24 25 27 28 29 30 31 32 33 34 36 37 38 39 40 42 43 44 45 46 47 48 50 51 53 54 55 56 
46 0 1 2 5 6 7 9 11 13 14 15 16 17 18 19 20 21 22 23 24 25 27 28 30 31 32 33 34 35 36 37 38 39 44 45 46 48 49 50 51 53 54 55 56 57 59 
46 0 3 4 6 7 8 10 11 13 14 15 16 17 18 19 20 21 22 23 26 28 30 33 34 35 36 37 38 40 42 43 44 45 46 47 48 49 50 51 52 54 55 56 57 58 59 
53 0 1 2 3 4 5 6 7 8 10 11 12 13 14 15 17 18 19 20 21 22 23 25 26 27 28 29 30 32 33 34 35 37 38 39 40 41 42 43 44 45 48 49 50 51 52 53 54 55 56 57 58 59 
48 0 1 2 3 4 5 8 9 10 11 13 16 17 21 23 24 25 26 27 28 30 31 32 33 34 35 36 37 38 40 42 43 44 45 46 47 48 49 50 51 52 53 54 55 56 57 58 59 
47 0 1 3 4 5 6 7 9 10 11 12 14 15 16 19 20 21 22 23 24 25 27 29 30 31 32 34 35 36 37 38 39 40 42 43 45 47 48 49 50 51 53 54 55 56 57 59 
44 2 3 5 6 7 9 10 12 14 15 16 17 18 19 22 23 24 25 26 27 28 29 30 31 32 35 36 37 38 42 43 45 46 47 48 49 50 51 52 54 55 57 58 59 
43 1 3 4 5 6 7 8 9 10 12 14 17 19 21 22 23 24 27 28 30 31 32 33 34 35 37 40 41 43 44 46 48 49 50 51 52 53 54 55 56 57 58 59 
45 0 1 2 4 6 7 8 9 10 11 12 13 14 15 16 17 18 19 22 23 24 25 27 29 31 32 33 35 36 37 38 39 41 42 43 48 49 50 51 52 54 55 56 57 59 
41 0 1 2 3 5 7 8 9 10 11 12 17 18 19 20 23 25 26 27 30 32 33 34 35 37 38 39 41 42 44 46 47 48 49 52 53 54 55 56 57 58 
41 0 3 4 5 7 9 10 11 13 14 15 17 18 19 20 21 22 23 24 25 28 29 31 32 33 34 35 37 40 42 43 48 50 51 53 54 55 56 57 58 59 
43 0 1 3 5 8 10 11 12 13 14 15 17 18 20 21 22 23 25 26 28 29 30 34 35 36 37 38 39 41 42 43 44 45 46 47 49 51 52 53 54 55 58 59 
44 0 1 2 3 4 5 7 8 9 10 11 12 13 14 15 16 17 18 19 21 23 24 25 26 28 29 30 32 33 34 36 37 38 40 42 45 46 47 49 50 53 56 57 59 
48 0 1 3 5 6 7 8 9 10 11 12 13 14 15 16 17 18 19 20 23 25 26 27 28 29 30 32 33 34 35 36 37 38 40 41 42 43 44 46 47 49 50 51 52 53 54 58 59 
45 0 2 3 4 5 6 7 8 12 13 14 16 18 19 20 21 22 23 27 29 30 31 32 33 35 36 37 39 42 43 44 45 46 47 48 49 50 51 52 53 54 55 56 57 59 
47 2 4 5 6 7 8 9 10 11 12 13 15 17 18 19 22 23 24 25 26 27 28 29 30 31 32 34 35 36 37 38 39 41 42 43 44 46 47 48 49 51 52 54 55 56 57 58 
50 0 1 2 4 5 6 7 8 9 10 11 12 13 15 16 17 18 19 20 21 22 24 25 26 27 28 29 30 32 33 34 35 36 37 40 42 43 44 45 46 47 48 49 50 51 53 54 55 56 59 
39 0 1 3 4 5 6 7 8 10 11 14 16 17 18 19 20 21 23 24 25 26 27 28 30 31 33 35 36 38 39 41 45 48 50 52 53 54 55 57 
42 0 1 2 3 6 10 12 13 14 16 17 19 20 21 24 25 26 28 29 32 34 35 36 37 39 40 41 42 43 44 45 46 47 48 49 50 51 53 54 56 57 59 
49 0 1 2 4 5 6 7 8 9 10 11 12 13 14 15 16 18 20 21 23 24 28 29 30 32 33 35 36 37 38 40 41 42 43 44 45 47 48 49 50 51 52 53 54 55 56 57 58 59 
48 0 1 2 3 4 5 7 8 9 10 11 14 15 16 17 18 19 20 21 22 24 27 28 29 30 31 32 35 36 38 40 41 42 43 45 46 47 48 49 50 51 52 53 54 55 57 58 59 
44 0 1 3 4 6 7 8 9 10 11 12 14 15 17 18 19 20 21 22 23 24 25 26 27 28 29 30 32 33 34 35 36 38 40 41 44 45 46 48 49 50 53 54 59 
49 0 1 2 4 8 9 10 11 12 13 15 16 17 18 19 21 22 23 24 25 26 28 29 30 31 32 33 35 36 37 38 39 40 41 42 43 45 46 47 48 50 51 52 53 55 56 57 58 59 
44 0 1 3 4 5 7 8 9 10 13 15 17 18 19 20 21 22 25 26 27 29 31 32 33 34 35 36 37 38 39 41 42 43 44 45 46 47 49 50 51 53 54 57 59 
42 0 1 2 3 4 6 7 8 9 10 11 13 15 17 18 19 20 23 24 25 26 27 28 29 30 31 35 37 39 40 42 44 46 47 48 49 52 54 55 57 58 59 
42 1 3 4 7 9 10 12 13 16 17 19 22 23 25 26 27 28 29 30 31 32 35 36 37 38 39 40 41 42 45 46 47 48 49 51 52 53 54 55 57 58 59 
35 0 1 2 5 7 9 10 11 13 15 17 18 19 20 22 23 24 27 30 37 38 39 44 46 47 48 49 50 51 52 53 54 55 56 59 
44 1 4 7 8 9 11 12 13 14 15 16 17 18 20 22 23 24 25 26 27 28 29 30 31 33 35 36 38 40 41 42 43 45 46 47 48 50 51 52 53 54 57 58 59 
43 1 2 3 4 5 7 11 12 13 14 16 17 18 20 21 22 23 25 26 27 28 29 30 31 32 34 35 37 38 41 43 44 45 46 47 48 49 51 52 53 55 56 58 
42 0 1 2 3 5 6 8 9 11 12 15 16 18 19 20 21 22 24 25 26 28 31 33 37 38 39 41 42 43 44 45 47 48 49 50 51 52 53 54 55 57 59 
41 0 3 4 6 8 10 11 12 13 14 15 16 18 19 20 21 24 25 27 30 31 32 33 35 36 37 38 39 40 41 42 43 44 45 46 47 48 49 51 52 55 
42 1 2 3 5 6 8 9 10 11 12 14 15 16 17 18 19 20 21 22 23 25 28 31 32 33 36 37 39 40 41 44 45 46 47 48 49 51 52 53 55 56 58 
44 0 1 2 4 5 8 9 10 12 14 16 18 20 21 22 23 24 25 26 27 28 29 30 32 33 34 36 37 39 40 43 45 46 47 48 49 51 52 53 54 55 57 58 59 
47 3 4 5 6 7 8 9 10 11 12 13 14 15 17 18 19 21 23 24 25 26 27 28 29 30 31 32 33 34 35 36 37 39 40 41 42 43 44 46 47 48 51 52 54 55 57 59 
46 0 1 2 4 5 6 7 8 9 13 14 15 16 17 18 20 22 23 24 25 27 28 30 32 34 36 37 38 40 41 43 44 45 46 47 48 49 50 51 52 53 54 55 56 57 59 
46 0 1 3 5 6 7 8 9 11 12 13 14 15 18 19 20 21 22 23 26 27 28 29 30 31 32 33 34 35 37 38 41 42 43 44 45 46 47 48 49 50 51 53 54 56 59 
47 0 1 2 3 4 5 6 7 8 9 11 12 13 14 15 16 17 18 24 25 26 27 28 29 30 31 33 35 37 38 39 40 41 42 44 45 46 47 48 49 50 53 54 55 57 58 59 
