60:90
22 0 2 5 7 12 14 24 32 34 37 41 45 56 58 64 65 66 68 84 85 86 89 
25 0 1 9 11 17 18 19 24 26 27 33 38 43 44 45 48 53 56 62 63 71 72 81 83 85 
27 0 1 3 4 10 11 13 17 19 23 26 28 30 32 35 37 44 51 53 54 55 60 62 71 76 83 86 
27 0 2 3 5 14 16 18 19 20 29 31 37 39 41 44 46 48 49 54 55 57 60 61 66 73 78 79 
21 5 11 12 13 18 19 27 32 36 43 48 55 57 58 59 62 70 78 84 85 88 
20 0 5 6 13 17 18 20 27 39 43 47 53 55 58 61 66 67 68 77 78 
25 6 7 10 11 20 31 32 33 34 35 37 38 45 47 52 55 57 59 64 70 71 78 80 83 88 
21 0 4 6 13 16 19 20 24 32 33 34 36 37 41 53 54 69 71 78 79 86 
32 0 2 4 5 7 9 15 17 20 22 26 27 28 32 35 38 42 43 44 46 49 53 54 59 61 65 69 71 79 83 88 89 
20 5 12 17 20 28 31 35 41 44 45 48 49 50 54 59 60 64 67 69 71 
27 5 7 8 23 24 26 31 37 41 49 51 54 55 58 63 65 67 73 74 76 77 80 81 83 85 86 89 
25 1 7 9 19 25 30 32 34 36 42 47 50 52 57 60 63 65 69 70 74 75 78 82 86 88 
21 7 13 17 20 21 28 33 36 41 42 43 45 53 55 70 74 77 81 82 84 85 
22 5 10 11 15 18 24 29 35 37 40 41 43 46 49 51 55 59 67 73 74 75 77 
22 6 8 13 18 19 20 25 27 32 33 34 40 43 44 53 56 58 63 81 83 86 89 
28 1 4 6 7 8 14 16 22 30 31 32 37 41 48 54 55 56 59 61 63 65 68 69 70 71 72 76 79 
20 3 15 18 21 27 29 33 40 42 49 52 59 61 64 66 70 72 73 81 89 
25 1 2 3 8 9 10 11 14 21 23 24 28 29 32 36 39 42 46 51 54 61 64 72 76 83 
18 1 10 13 14 16 18 26 31 34 43 44 47 51 52 64 65 88 89 
15 8 12 14 19 24 32 43 54 62 73 80 82 83 84 88 
19 0 13 15 22 25 26 30 31 32 39 40 41 44 48 49 60 76 79 81 
22 2 4 20 23 29 33 40 41 42 47 49 50 51 54 65 70 73 74 76 83 87 89 
22 3 12 14 17 22 25 32 37 38 41 43 47 49 59 63 64 69 72 77 78 84 88 
23 5 12 15 18 24 30 47 50 52 56 58 61 62 64 66 67 68 70 72 79 80 82 83 
24 0 3 4 5 7 8 11 12 13 23 27 29 32 35 42 47 52 58 59 61 65 66 74 82 
21 8 15 16 17 24 28 31 32 40 45 48 53 55 57 72 73 76 79 80 83 89 
22 3 6 10 15 16 20 24 26 32 34 40 48 51 52 53 62 66 67 77 78 84 86 
26 0 1 5 8 10 14 18 23 30 34 48 50 52 56 58 60 61 63 68 69 70 74 78 80 82 87 
29 2 3 13 14 20 23 28 29 31 34 35 43 44 49 50 53 54 56 58 59 62 72 74 77 79 81 82 83 85 
18 6 7 11 14 31 33 37 48 49 57 58 71 73 74 76 81 82 86 
23 4 8 10 19 20 22 23 29 34 36 37 38 41 44 46 57 60 62 71 80 84 86 89 
19 0 9 13 24 27 30 34 35 39 40 41 46 47 51 52 54 67 75 79 
19 3 17 19 22 28 38 39 40 41 43 45 56 59 61 67 70 76 78 88 
18 0 8 9 11 17 21 30 37 46 51 57 60 65 66 68 72 76 86 
19 2 4 7 10 11 15 16 24 27 28 34 38 42 50 56 59 78 80 86 
30 0 1 3 7 15 17 23 24 27 29 35 36 40 41 45 47 48 49 55 57 59 61 68 69 71 72 75 78 79 84 
19 1 2 6 9 27 33 35 39 41 43 47 52 60 71 76 78 79 81 88 
22 3 9 12 14 23 24 30 31 32 34 35 36 37 38 44 59 61 64 67 70 72 75 
15 0 1 7 10 13 20 21 26 33 42 44 66 68 79 81 
22 2 13 19 24 28 34 39 40 42 50 61 62 64 65 66 72 75 79 81 86 87 88 
22 4 6 13 16 17 19 22 26 36 50 52 53 55 66 71 74 77 78 79 81 82 86 
21 1 3 5 6 22 23 26 32 33 36 39 45 50 52 54 57 61 65 74 83 87 
26 7 8 13 18 19 21 22 24 30 31 41 44 46 49 51 54 58 60 64 69 70 72 74 78 86 87 
18 7 8 9 10 15 21 27 29 33 42 44 45 54 58 72 77 82 87 
18 3 10 14 19 22 30 31 35 37 42 46 47 52 60 65 71 76 78 
22 0 4 6 10 11 15 17 21 23 26 32 38 44 50 51 53 55 59 63 64 71 86 
19 7 8 11 18 19 28 32 34 40 43 51 52 53 75 79 81 82 86 87 
20 2 6 13 14 17 20 22 29 33 40 42 46 52 66 69 78 79 81 84 86 
22 1 12 17 19 22 23 24 25 33 34 39 40 42 43 55 66 69 74 75 76 77 83 
19 20 26 28 29 30 31 35 36 39 40 45 56 58 63 64 66 75 79 87 
22 12 13 14 15 26 27 38 48 49 51 55 56 57 58 61 63 69 70 71 77 83 86 
18 4 7 8 10 11 29 30 32 40 53 59 60 71 74 75 76 83 89 
28 1 5 6 8 9 12 21 22 24 34 37 40 48 50 53 55 62 64 65 68 69 71 73 77 81 82 85 87 
22 1 5 9 20 24 28 30 33 36 39 41 45 47 52 58 60 62 68 69 78 85 89 
33 0 5 6 14 15 16 19 20 21 22 31 32 39 40 43 46 49 50 53 54 55 60 65 67 68 71 73 74 75 76 82 84 85 
22 1 11 15 20 30 31 33 41 44 45 47 54 58 60 61 65 73 77 84 85 86 89 
23 3 13 21 30 34 38 39 44 49 52 55 61 63 66 67 68 70 72 74 82 84 85 86 
24 0 3 9 13 30 31 33 34 38 41 44 49 56 57 59 61 62 63 65 67 68 73 79 85 
19 5 7 11 16 17 27 34 35 37 41 48 57 64 67 78 80 83 85 87 
21 3 7 12 19 27 30 35 37 41 49 51 56 59 61 63 66 68 78 79 82 84 
