60:60
30 0 2 5 10 11 12 14 16 17 18 19 21 22 24 25 26 27 28 31 32 40 44 45 48 50 51 52 55 57 59 
25 1 4 7 8 9 10 12 15 16 17 20 21 23 27 30 35 36 37 42 48 50 51 53 55 59 
32 0 1 2 3 4 7 9 10 12 14 17 21 24 26 28 29 30 32 33 35 37 42 44 46 49 52 53 54 55 56 58 59 
27 4 6 7 8 13 14 16 21 22 23 30 31 34 37 42 44 46 47 48 49 50 51 52 54 55 56 58 
30 1 2 3 4 5 8 11 12 15 17 20 22 24 25 26 29 31 32 36 38 40 42 43 45 47 48 50 53 56 59 
27 1 3 4 7 8 9 11 12 18 19 20 21 22 27 28 29 30 31 33 37 38 42 46 48 50 53 59 
28 0 4 5 11 16 17 18 21 26 27 28 31 33 35 37 38 39 40 42 45 46 47 48 51 55 56 57 59 
23 2 4 5 6 9 10 17 22 24 26 29 33 38 39 41 42 45 46 48 49 55 56 59 
31 1 2 5 6 7 16 17 19 20 21 22 25 27 29 34 35 37 40 41 44 45 47 48 49 51 53 54 55 56 58 59 
26 0 2 5 6 13 16 18 20 24 27 29 32 35 40 41 43 45 46 48 49 50 51 52 53 55 56 
37 0 1 2 3 4 5 6 7 9 11 12 13 14 17 19 21 22 24 25 26 27 29 30 34 37 39 43 44 46 48 50 52 53 54 56 58 59 
32 1 2 3 5 6 7 11 12 13 16 19 25 26 27 29 30 32 34 35 37 40 41 42 46 51 52 53 55 56 57 58 59 
31 0 2 4 6 7 10 11 14 16 17 18 20 21 22 23 24 28 30 31 34 35 36 37 42 44 45 53 54 55 58 59 
32 3 4 7 8 9 10 11 12 13 14 15 18 19 21 24 27 28 29 30 31 34 39 40 42 43 44 45 48 52 54 56 58 
27 0 1 4 5 7 8 9 10 11 12 13 14 21 22 27 32 34 40 41 44 47 49 50 51 53 54 56 
27 0 2 4 6 7 10 11 15 24 26 27 29 31 35 36 38 39 41 42 44 45 46 47 54 57 58 59 
32 0 2 3 5 6 7 8 10 12 13 14 16 19 23 27 28 29 33 34 36 37 39 40 41 43 45 47 48 50 55 58 59 
22 2 5 7 10 13 14 17 22 25 27 28 29 36 37 41 44 46 47 53 54 55 57 
33 0 1 3 4 5 6 7 9 10 11 12 13 14 17 20 24 25 30 33 34 35 36 37 40 41 42 44 46 48 51 54 57 59 
31 1 2 4 9 11 14 17 20 21 22 23 24 25 28 29 30 32 34 35 36 37 39 41 43 44 47 48 53 55 56 58 
33 1 3 4 5 8 10 11 12 14 17 19 28 30 31 32 33 34 36 38 39 41 44 46 47 48 49 50 51 53 55 57 58 59 
27 0 2 3 5 6 8 9 10 12 14 23 24 28 31 32 33 36 38 40 42 44 46 47 51 56 57 59 
28 5 7 8 9 11 13 15 17 18 19 25 26 28 30 31 34 35 36 41 42 43 44 47 53 54 55 56 58 
36 1 2 3 4 5 9 10 12 13 14 16 19 20 21 22 24 25 26 29 35 36 37 40 41 44 46 48 49 51 53 54 55 56 57 58 59 
27 7 8 9 12 14 16 18 19 20 21 28 30 31 33 36 39 43 44 45 46 47 48 50 51 53 58 59 
28 2 3 4 5 7 12 13 15 17 21 24 26 27 30 31 32 34 36 37 38 40 43 44 47 51 55 58 59 
29 0 2 8 11 13 15 16 18 20 23 25 26 27 28 30 32 33 34 35 36 43 44 46 47 48 49 52 56 59 
20 4 5 10 11 13 19 20 23 24 25 26 28 35 40 42 49 51 52 53 58 
33 0 1 3 5 6 7 10 11 13 16 17 18 21 23 24 25 28 32 33 38 39 41 42 44 45 46 47 50 51 53 55 57 58 
26 0 2 3 4 6 9 10 14 18 19 24 30 31 38 39 41 42 43 44 45 46 48 50 53 54 58 
30 3 5 7 9 10 14 19 20 23 24 25 27 28 29 34 35 36 39 40 41 45 46 47 51 53 54 55 56 57 58 
30 0 2 3 5 8 9 11 12 14 17 18 19 20 23 24 26 30 31 34 35 36 39 43 44 48 49 50 53 55 57 
29 0 12 13 15 16 17 18 19 20 23 26 28 29 30 31 32 33 36 38 39 40 41 43 45 50 54 55 58 59 
26 2 5 6 7 10 14 16 18 23 27 28 30 31 32 35 36 37 38 45 46 50 51 52 55 57 58 
34 0 2 3 6 8 10 11 13 15 16 17 18 19 20 21 24 25 29 34 37 38 40 43 46 47 48 50 51 52 54 55 56 57 58 
28 0 1 3 4 8 12 13 15 17 18 19 22 26 27 30 36 40 41 42 44 47 49 50 52 54 55 56 58 
32 0 1 7 8 9 12 14 17 18 21 22 26 27 28 29 30 32 35 37 39 41 43 44 45 50 51 52 54 55 56 57 58 
28 0 2 6 7 10 13 16 20 21 22 29 30 31 33 35 36 39 40 41 43 45 46 47 49 50 51 52 53 
27 1 3 4 11 12 13 22 23 24 25 27 31 35 36 39 40 41 42 46 47 49 50 53 55 56 58 59 
28 0 2 4 5 9 11 12 13 16 17 18 19 20 23 25 26 27 32 34 36 37 39 40 41 51 52 54 55 
33 0 1 2 4 7 9 11 12 13 15 16 17 18 20 21 22 23 30 36 37 38 39 40 41 42 48 49 50 51 52 55 56 57 
26 4 5 9 12 13 16 19 21 22 23 25 26 27 31 34 35 36 40 43 44 45 46 47 50 51 59 
36 1 3 4 5 6 7 8 9 11 12 13 14 15 19 21 24 25 26 27 28 32 35 37 38 41 45 46 47 48 49 52 54 55 56 57 58 
36 0 2 3 4 5 6 7 8 11 13 15 17 20 22 28 29 30 31 32 34 39 40 41 42 45 46 47 48 49 53 54 55 56 57 58 59 
38 0 2 4 6 7 8 10 11 13 16 17 20 24 26 27 28 29 30 31 32 34 35 36 37 38 39 42 44 45 46 47 48 49 50 51 52 54 57 
29 1 2 4 5 6 7 8 11 12 13 15 17 21 22 23 34 35 36 37 39 41 43 44 46 49 52 53 55 57 
33 1 2 4 7 9 13 14 15 16 17 18 19 24 25 26 29 30 32 34 36 37 39 42 44 45 47 50 51 54 56 57 58 59 
29 0 5 6 9 10 12 13 14 15 19 22 23 27 29 30 31 32 36 37 40 41 42 45 47 48 49 50 52 59 
38 0 1 2 5 6 7 8 9 14 15 16 19 20 21 22 23 26 27 29 31 32 33 35 36 37 38 42 43 45 48 49 50 52 53 55 56 57 59 
35 0 1 2 3 6 9 10 11 12 15 16 17 18 19 20 21 22 27 28 29 30 31 34 40 41 42 48 50 51 52 53 54 56 58 59 
28 0 2 3 4 7 9 12 14 15 17 22 25 27 28 30 31 32 33 34 36 37 45 46 47 48 50 53 57 
28 0 3 4 5 6 9 10 11 13 14 15 16 17 22 26 28 30 31 36 38 46 47 48 52 53 55 56 59 
19 3 5 7 9 20 25 28 30 32 35 38 41 44 45 46 48 49 51 59 
30 0 6 7 8 9 10 13 14 16 24 27 28 29 30 32 33 34 37 38 41 43 46 47 48 49 51 53 54 56 59 
37 1 3 4 5 11 12 13 16 17 19 20 21 23 28 30 31 32 33 34 35 36 37 38 40 42 43 45 46 48 49 50 51 53 54 57 58 59 
31 0 3 5 6 7 8 9 10 11 12 13 15 16 20 21 22 24 26 27 33 34 35 37 43 44 46 50 52 53 55 57 
32 0 1 4 8 9 12 15 16 21 25 26 27 30 34 35 36 37 38 39 41 42 45 46 47 48 50 51 52 54 56 57 58 
36 0 1 2 3 4 11 12 13 14 16 17 18 20 21 23 24 26 27 28 29 30 31 36 37 39 40 43 46 47 49 53 54 56 57 58 59 
33 1 3 4 5 6 7 8 11 12 13 15 20 21 22 25 26 29 30 31 34 36 38 39 43 44 45 47 49 52 53 54 55 59 
43 0 1 2 3 4 7 9 10 11 12 13 15 16 17 18 20 21 23 24 25 26 28 29 30 31 33 34 36 37 40 41 42 43 44 47 50 52 53 54 55 56 58 59 
