60:60
14 2 4 9 13 16 17 24 33 39 43 45 52 57 58 
15 1 4 5 15 19 20 27 32 34 38 39 41 46 54 58 
17 3 4 8 13 15 22 25 28 31 33 34 38 48 49 56 57 58 
20 0 12 14 21 26 27 36 37 39 43 45 47 49 51 52 53 54 55 57 58 
15 4 8 11 14 22 26 29 30 31 51 52 53 54 55 57 
10 4 8 17 31 32 34 35 44 47 52 
10 10 16 24 25 26 30 37 44 50 59 
13 2 7 17 18 19 21 23 26 43 44 50 51 59 
5 0 1 14 34 55 
19 4 5 9 11 15 17 19 22 26 27 37 38 41 45 46 51 52 55 58 
17 9 11 12 14 17 18 19 23 24 26 29 31 33 35 38 44 55 
17 0 1 2 3 16 25 31 34 40 41 42 45 47 51 52 53 55 
17 1 8 9 14 17 19 21 22 26 31 33 37 39 41 46 47 58 
19 0 1 3 7 15 20 24 26 28 30 39 40 42 47 49 50 54 57 58 
15 1 2 3 12 15 17 20 24 30 33 38 40 51 54 58 
15 0 2 12 13 14 21 22 25 30 33 42 45 51 54 55 
20 2 12 14 16 20 22 25 27 32 34 35 36 37 42 45 48 49 52 54 56 
15 2 7 14 18 20 22 25 26 28 42 45 47 48 49 53 
13 3 4 10 13 14 20 27 29 37 38 52 56 58 
16 0 5 6 9 11 17 33 36 38 44 47 49 53 54 55 56 
16 5 6 16 18 20 22 25 32 41 43 44 46 47 49 53 56 
14 1 2 3 11 18 25 27 33 35 40 41 42 43 53 
9 9 12 22 23 39 45 51 52 54 
14 0 8 13 16 17 21 23 25 29 32 38 39 55 57 
14 0 3 4 7 8 9 10 18 22 29 30 35 54 56 
17 1 4 8 11 16 19 21 28 32 35 36 37 41 45 46 55 58 
11 5 8 11 18 21 28 32 33 36 47 53 
13 3 4 8 9 13 16 18 38 39 43 45 46 48 
15 1 2 3 5 9 14 19 27 31 38 43 49 51 56 59 
20 0 2 11 14 15 28 29 31 35 37 38 39 42 44 47 48 49 52 56 57 
22 0 3 4 8 11 12 16 17 20 22 23 30 34 35 40 43 44 47 55 56 57 58 
15 4 8 11 14 19 24 26 27 31 36 44 46 49 50 57 
17 3 9 15 17 18 19 22 24 25 29 30 35 39 44 47 51 57 
12 3 12 16 17 24 35 36 37 45 49 56 59 
18 3 6 9 10 12 18 25 26 29 33 35 36 39 44 45 51 52 55 
10 2 7 9 10 19 21 27 42 46 59 
13 4 6 16 17 18 27 34 36 39 41 54 56 59 
11 6 14 19 28 38 39 43 47 48 50 55 
16 1 4 9 12 23 24 25 26 30 31 32 35 36 42 48 49 
17 10 11 13 20 21 25 27 31 32 37 38 41 44 46 57 58 59 
13 2 6 9 11 12 18 19 26 34 37 39 49 57 
15 8 13 14 15 16 17 20 22 23 27 29 35 42 50 53 
19 0 2 4 12 16 20 21 22 24 26 27 32 33 35 36 45 50 55 58 
13 1 5 10 15 22 31 33 35 44 47 49 54 56 
18 0 1 4 13 15 18 22 25 26 27 39 40 44 45 46 48 49 59 
12 3 6 16 18 19 22 28 36 40 45 49 57 
16 4 6 7 8 11 12 21 23 25 32 36 39 41 46 47 59 
12 4 7 10 15 18 21 32 34 44 46 48 53 
16 0 5 8 13 25 34 35 41 43 44 48 51 52 53 56 58 
13 8 14 21 24 26 33 34 35 37 41 43 47 58 
19 1 2 5 8 13 20 24 25 27 32 34 38 39 43 48 51 53 54 59 
14 1 5 6 12 14 22 28 32 35 39 44 47 49 50 
12 6 8 24 25 40 44 48 50 52 54 57 58 
17 0 2 17 19 22 29 30 34 35 43 45 48 49 50 53 54 55 
15 0 4 11 13 14 15 16 18 21 24 30 36 40 51 57 
16 0 1 5 10 26 27 29 32 33 36 42 44 48 50 53 58 
15 4 7 14 20 21 24 25 30 31 33 37 40 47 48 55 
20 3 4 8 9 11 22 23 25 26 27 29 31 32 35 40 41 44 50 51 58 
11 7 16 20 22 27 34 46 52 56 58 59 
18 1 3 4 20 22 23 25 26 31 33 39 40 42 43 50 54 55 57 
