60:60
17 0 1 3 5 8 9 12 16 22 29 30 31 32 33 34 40 43 
17 1 4 10 15 19 21 24 29 31 32 33 39 41 46 47 50 51 
18 0 1 3 4 10 16 23 25 26 28 30 31 36 39 40 42 51 53 
10 10 13 15 25 26 42 54 57 58 59 
14 0 12 14 17 22 24 25 33 34 36 38 46 50 53 
18 1 3 5 6 11 12 15 24 26 35 36 41 43 46 47 48 57 58 
20 1 2 4 7 8 11 14 20 22 23 27 28 29 33 48 49 50 53 56 59 
14 8 9 16 18 21 25 31 34 35 38 44 45 47 49 
17 2 13 16 19 21 25 29 31 33 37 42 44 46 51 53 57 58 
7 18 34 38 39 47 51 52 
13 3 5 9 11 14 15 16 18 21 24 31 43 46 
16 5 7 16 17 18 19 23 25 29 32 34 39 41 49 57 59 
13 1 7 8 10 13 18 26 30 31 32 36 42 51 
13 5 11 15 18 23 25 26 38 43 48 52 56 59 
11 1 10 14 16 18 19 23 26 31 43 55 
13 9 14 15 22 28 34 37 39 43 45 46 50 53 
24 3 7 10 11 12 13 15 16 19 20 25 26 27 28 33 35 38 40 43 45 46 52 54 57 
17 1 2 7 8 10 11 12 16 20 21 23 29 30 33 40 46 51 
18 0 4 6 9 11 12 20 25 26 27 28 31 33 39 42 43 50 53 
21 3 8 9 11 12 13 14 17 18 19 25 26 29 30 31 37 39 40 42 46 49 
15 0 4 5 8 13 21 23 45 48 49 50 54 55 57 59 
15 1 3 5 11 12 15 16 19 22 47 48 50 51 53 55 
18 1 3 6 7 13 14 15 26 27 30 31 35 38 43 51 52 54 57 
16 1 10 18 19 23 24 31 33 38 39 40 44 46 52 53 55 
15 1 2 8 14 16 17 27 30 35 36 37 49 54 58 59 
17 1 2 3 12 14 23 25 28 29 32 37 38 41 45 47 49 55 
15 5 7 19 20 21 27 31 32 33 40 41 43 53 55 57 
17 1 5 6 15 25 27 28 32 34 38 39 51 52 56 57 58 59 
9 4 8 11 16 20 25 26 45 49 
13 7 9 12 13 18 19 22 28 33 39 41 44 52 
16 1 2 7 10 12 14 22 23 29 33 37 40 42 52 53 58 
15 1 4 9 11 16 17 28 30 33 40 41 45 48 49 57 
16 5 8 9 11 14 15 18 19 21 27 29 38 41 43 51 56 
19 2 6 7 9 13 15 21 25 29 31 35 38 40 42 45 50 57 58 59 
19 0 5 10 14 18 22 29 31 33 35 36 37 38 39 41 43 52 55 57 
13 3 7 8 10 14 15 22 30 43 46 49 56 57 
6 4 6 20 38 47 55 
18 1 6 9 11 15 18 20 22 26 30 44 45 48 51 52 54 56 57 
14 0 2 8 11 18 22 25 32 44 45 48 49 55 56 
10 1 2 4 10 16 19 35 36 49 56 
16 0 3 6 16 18 19 21 26 28 31 32 34 36 49 52 56 
14 0 1 4 7 10 21 30 40 41 46 50 53 55 57 
13 1 3 5 14 19 21 22 24 33 35 41 43 48 
17 1 3 9 13 17 18 21 23 24 36 37 40 41 42 44 51 57 
9 19 21 35 40 42 44 45 46 59 
16 2 5 12 14 17 29 30 38 39 43 47 48 49 54 57 59 
15 0 1 2 6 10 12 19 23 25 26 28 32 34 36 49 
15 2 5 10 11 13 14 24 35 39 43 46 52 54 56 58 
13 0 3 5 9 10 12 15 17 26 32 51 53 55 
17 1 4 7 8 9 10 14 18 19 22 31 38 41 43 44 55 57 
16 3 6 9 10 17 21 25 28 32 38 40 42 44 46 52 54 
21 1 5 8 10 12 13 15 17 21 22 23 27 29 33 36 40 43 46 47 56 59 
15 3 6 10 11 15 18 20 22 29 42 43 52 53 57 58 
25 0 4 9 16 17 18 24 27 32 34 35 36 38 41 42 45 46 47 48 49 50 52 55 56 58 
15 0 2 5 10 17 20 25 34 40 49 50 51 53 55 59 
17 2 3 6 10 11 13 15 21 23 24 26 29 38 40 47 48 53 
11 2 9 14 16 25 27 33 36 43 52 59 
16 0 18 19 20 22 23 24 25 29 36 38 43 47 50 54 59 
14 1 13 15 18 19 20 26 27 30 36 39 46 49 51 
16 2 3 4 9 16 18 19 22 27 28 30 33 39 46 49 53 
