60:30
13 6 7 8 10 11 13 14 18 19 21 25 26 28 
18 1 3 4 5 7 9 11 12 14 17 19 20 21 22 23 24 25 27 
18 0 1 2 5 6 7 8 11 12 14 15 17 18 19 22 23 24 26 
14 1 2 8 9 11 14 15 16 21 22 23 24 27 28 
18 0 1 3 5 6 8 10 11 13 17 18 19 21 22 23 24 27 29 
16 1 3 4 8 9 10 12 13 15 16 18 21 23 24 27 28 
14 3 4 5 9 11 12 14 15 16 17 19 21 24 28 
17 1 2 3 4 5 6 7 8 9 12 18 19 20 21 22 27 29 
17 0 1 2 3 7 8 10 14 16 17 19 20 22 25 26 27 28 
11 2 12 14 16 18 21 23 24 25 26 27 
17 0 1 2 3 4 5 8 9 12 14 18 22 23 24 25 27 29 
15 0 3 5 10 11 13 14 15 17 21 23 26 27 28 29 
13 1 3 6 7 9 10 17 18 20 21 22 24 28 
15 4 7 9 11 13 15 16 19 20 21 22 24 26 28 29 
20 1 2 3 5 6 7 9 10 11 12 13 16 17 18 19 20 22 24 26 28 
12 0 3 4 7 8 9 11 16 20 25 26 27 
9 4 8 10 12 14 16 19 24 29 
12 0 2 4 9 12 16 17 20 21 22 23 24 
16 0 1 2 4 6 7 10 11 15 16 18 21 22 25 27 28 
15 1 3 7 9 11 12 13 15 21 22 23 24 26 27 28 
16 4 6 9 11 12 13 15 16 17 19 20 23 26 27 28 29 
20 1 2 5 6 8 10 12 13 14 16 17 18 19 21 22 23 24 26 28 29 
15 2 3 4 5 10 14 16 18 19 20 22 23 26 28 29 
14 0 1 5 7 8 13 14 16 17 19 22 23 25 29 
16 0 1 3 5 7 11 12 13 15 16 17 19 20 21 24 27 
8 3 9 10 14 21 25 27 29 
17 0 2 4 5 6 9 10 11 12 13 15 18 20 21 23 27 28 
20 1 2 3 5 7 8 9 11 14 15 16 17 18 19 21 22 25 26 27 29 
15 3 5 6 7 9 11 15 18 19 20 21 22 25 28 29 
19 0 1 2 6 8 9 10 12 14 15 16 17 18 19 21 23 25 26 28 
14 0 2 3 4 8 9 15 16 19 21 22 24 25 29 
19 0 3 4 5 7 9 10 11 12 13 14 16 17 18 19 21 25 26 29 
14 1 2 3 4 5 7 8 9 11 14 18 22 26 27 
20 0 1 2 3 6 7 9 13 16 17 18 20 21 22 24 25 26 27 28 29 
18 1 2 3 5 9 10 11 12 15 16 17 18 22 23 24 25 26 28 
11 1 2 3 4 10 12 13 14 16 25 27 
10 2 3 4 5 6 11 12 16 19 21 
10 2 6 9 11 12 17 20 23 24 27 
19 1 2 3 4 5 7 8 9 10 13 15 16 17 20 21 22 23 24 27 
15 1 3 5 6 7 8 9 11 13 15 19 20 22 26 29 
18 0 2 3 6 8 9 10 11 15 16 17 18 23 24 25 26 28 29 
14 1 3 9 10 12 13 17 18 21 22 24 26 28 29 
14 1 3 4 5 6 7 8 10 13 16 19 24 27 29 
18 0 1 2 3 5 6 8 11 12 13 15 16 20 21 22 24 27 29 
15 0 1 2 3 4 6 10 11 12 13 22 25 26 28 29 
14 3 6 7 8 10 12 13 16 20 21 23 24 28 29 
16 3 4 5 6 7 10 12 13 15 16 19 21 23 24 27 28 
12 0 1 5 6 10 14 15 18 19 22 24 26 
15 1 2 4 7 10 11 12 16 17 18 21 22 23 27 28 
12 1 2 3 4 5 7 8 15 21 23 24 27 
14 0 1 2 3 7 10 11 14 15 16 18 22 26 28 
19 1 2 6 7 8 9 10 11 13 14 16 17 20 23 24 26 27 28 29 
14 0 3 5 6 7 9 10 17 20 22 24 25 27 28 
13 3 5 9 10 12 15 16 17 19 23 25 26 27 
18 0 1 2 3 5 7 8 9 11 16 17 20 23 24 25 26 27 29 
15 0 1 2 3 4 6 7 8 9 10 13 17 21 24 28 
15 1 2 3 6 10 12 13 14 15 17 18 21 22 25 28 
13 0 1 5 6 7 8 13 16 25 26 27 28 29 
13 4 5 7 8 9 11 14 16 19 20 21 22 26 
21 0 2 4 5 6 7 8 9 10 11 12 13 16 17 18 20 21 24 26 28 29 
