60:90
19 0 6 10 12 16 17 18 25 28 35 38 41 51 52 63 66 67 69 76 
21 1 6 8 9 11 15 18 40 53 55 57 62 67 69 72 79 81 83 84 86 89 
17 2 12 23 24 28 29 36 38 40 46 53 57 60 61 63 73 87 
28 10 14 16 18 21 25 26 30 31 33 35 37 39 42 43 45 49 52 53 56 58 63 65 66 68 79 83 88 
29 1 2 3 4 6 12 15 16 18 21 23 26 27 30 33 42 43 44 50 64 67 71 73 74 76 78 81 82 86 
19 8 14 15 17 35 37 41 44 49 51 53 55 64 70 76 83 84 88 89 
26 12 13 15 16 17 27 28 29 30 37 42 43 45 46 48 55 56 58 65 68 71 72 73 74 84 88 
26 2 3 22 33 34 38 39 40 41 44 45 47 49 53 54 55 58 60 64 68 71 75 78 81 86 89 
28 2 5 17 18 21 23 24 27 28 30 35 37 39 43 44 45 48 58 60 65 67 68 70 72 75 77 79 88 
14 2 6 12 18 23 31 32 34 50 57 58 68 77 79 
21 0 2 10 11 12 19 23 37 38 55 64 65 76 78 82 83 84 85 86 87 89 
25 8 10 14 23 26 29 35 36 39 40 46 47 48 52 53 57 58 59 60 64 76 78 82 85 86 
23 2 7 11 15 21 23 28 32 33 37 41 43 46 52 56 66 70 77 80 81 82 83 89 
20 0 10 15 17 23 27 28 30 31 36 40 52 53 60 64 65 73 80 84 89 
14 4 5 16 21 27 29 35 40 59 72 73 77 84 85 
19 2 7 13 15 18 20 27 32 39 43 52 57 61 65 67 77 86 87 88 
20 11 13 15 18 19 26 30 31 32 46 49 54 56 61 68 73 79 84 86 87 
16 2 7 11 14 31 34 46 48 49 53 55 60 61 65 72 76 
22 5 8 10 12 14 15 28 29 37 38 40 57 58 60 61 62 67 68 69 73 77 82 
20 4 10 12 16 17 24 25 26 32 34 38 43 53 58 59 60 72 73 81 86 
17 1 6 7 11 15 21 27 28 33 41 44 68 69 72 73 82 85 
29 0 2 5 11 16 17 22 23 24 26 28 29 35 40 41 46 48 49 57 59 61 65 67 73 74 77 80 87 88 
24 4 7 12 15 16 18 20 21 23 31 32 33 41 43 45 46 66 74 76 78 83 84 85 89 
18 0 6 10 18 22 25 32 38 41 44 45 51 52 55 56 64 66 69 
24 1 11 13 19 23 34 43 47 48 49 50 52 59 60 61 62 64 66 68 69 70 81 86 89 
29 6 9 14 16 17 19 20 22 24 29 31 32 40 42 47 50 53 55 56 57 66 67 73 78 80 81 83 85 86 
24 4 5 7 9 11 25 26 27 36 44 51 53 56 57 61 63 67 69 71 73 76 80 86 87 
22 6 7 9 12 15 19 21 23 26 34 35 36 38 42 50 62 63 71 82 85 87 89 
19 7 8 12 19 20 21 28 29 43 48 51 56 59 66 70 72 76 79 80 
25 2 4 9 10 18 20 22 27 29 31 34 38 42 45 46 48 49 57 60 62 64 65 80 82 84 
18 1 7 16 25 30 34 42 43 45 46 54 59 60 70 72 75 87 88 
21 0 4 6 8 11 15 18 20 27 32 35 40 57 62 66 68 75 76 78 82 83 
20 11 13 16 19 20 21 26 35 37 39 41 42 46 52 64 77 80 81 82 87 
27 11 23 24 25 26 27 28 31 32 35 41 42 46 49 51 53 55 56 58 60 64 65 71 78 80 82 89 
26 0 1 15 18 21 24 25 26 27 29 30 31 32 33 38 40 42 49 52 56 62 65 72 75 88 89 
25 7 8 12 17 21 22 31 36 42 44 45 47 48 54 58 59 65 69 71 73 76 79 80 85 87 
23 0 2 8 9 11 13 14 15 29 30 32 37 39 40 52 59 64 65 67 68 82 83 88 
21 2 7 12 16 20 23 28 29 33 41 45 47 61 64 69 74 75 78 82 83 89 
22 1 2 7 8 10 12 18 25 28 33 40 45 53 54 56 57 59 65 74 79 84 87 
18 3 11 20 28 29 33 45 48 49 50 51 53 56 59 66 71 88 89 
20 0 6 11 23 28 33 34 36 44 45 47 48 53 61 69 70 74 75 78 79 
21 1 2 7 8 12 13 16 23 29 34 41 42 49 50 51 54 58 67 75 76 85 
20 3 6 7 12 13 18 19 22 33 35 38 42 47 57 59 64 71 74 81 89 
20 2 4 5 13 24 25 29 34 36 37 39 45 47 49 53 54 55 69 73 85 
19 15 22 29 34 35 50 55 57 60 61 65 72 73 75 76 83 84 85 89 
21 2 4 9 10 29 34 39 44 50 55 56 68 69 75 77 79 83 84 86 87 89 
21 3 4 8 19 20 29 38 42 43 46 52 56 57 58 60 65 69 71 76 81 86 
33 2 4 6 7 10 13 15 19 20 21 25 26 32 34 35 37 38 41 42 47 49 52 54 60 61 63 66 68 74 78 82 84 87 
17 7 13 14 18 37 39 51 55 59 65 66 72 73 80 81 84 85 
22 1 4 5 7 9 11 17 19 28 34 38 42 43 44 46 50 60 65 67 70 82 88 
24 1 4 12 14 20 21 22 25 26 27 33 45 50 51 53 56 63 65 67 69 75 77 88 89 
25 3 4 6 8 12 23 28 31 33 34 39 47 50 58 59 62 63 66 70 71 72 75 78 81 82 
22 1 9 10 13 14 16 17 21 28 36 37 48 58 60 64 65 68 70 74 81 84 89 
22 5 7 10 17 19 21 22 47 49 50 58 62 63 64 65 71 72 77 79 81 87 88 
21 12 17 21 23 25 27 28 32 38 43 44 51 54 57 61 62 63 84 85 88 89 
20 2 3 5 9 10 11 15 23 26 32 35 39 43 50 52 56 57 58 78 79 
27 2 4 5 6 11 12 13 14 19 25 28 30 31 32 35 38 39 48 51 53 64 68 75 76 83 85 89 
21 1 3 10 11 14 25 26 28 32 37 38 44 47 48 58 61 64 73 74 77 86 
31 1 9 11 14 23 26 32 35 36 40 41 45 47 48 50 52 54 56 58 60 65 68 69 71 72 75 80 84 86 87 89 
27 0 2 6 8 9 19 24 27 39 41 43 46 52 53 54 59 63 64 68 74 75 76 77 79 85 86 88 
