60:90
46 0 4 7 10 11 13 14 17 19 20 21 22 24 25 26 27 28 29 31 32 34 35 36 37 41 42 43 49 51 55 58 59 60 61 65 66 68 69 72 73 75 80 82 85 86 88 
46 4 5 7 8 9 10 12 15 16 21 23 24 25 26 27 29 33 35 37 41 42 44 45 47 48 51 53 54 58 60 62 63 64 66 68 69 72 73 75 76 77 81 82 85 86 88 
45 0 1 2 4 6 8 11 14 15 16 20 22 24 25 27 29 30 31 32 33 35 36 37 39 41 44 46 48 50 52 54 55 56 57 60 62 63 64 67 69 73 74 75 80 81 
48 3 4 8 10 14 17 19 20 24 25 26 27 28 29 30 31 32 34 35 37 38 40 41 44 45 47 48 49 51 53 55 59 60 61 63 64 65 68 71 72 74 75 81 84 85 86 87 88 
45 0 2 5 8 9 10 16 18 20 23 24 25 28 29 30 37 38 43 44 47 48 49 50 51 52 53 56 57 58 60 61 63 65 68 71 72 73 74 75 77 80 82 83 87 88 
57 0 1 2 4 5 6 7 8 16 19 21 23 24 26 27 28 29 30 33 34 35 38 40 42 45 46 47 48 49 50 51 52 53 54 56 57 58 59 61 62 63 64 66 67 68 69 70 71 72 73 77 78 79 81 82 83 88 
39 0 3 5 7 12 14 18 20 23 25 28 29 31 36 37 38 40 43 44 46 49 50 52 53 55 60 64 65 70 72 73 74 77 78 79 80 82 85 87 
44 0 2 6 7 8 9 10 12 15 16 17 18 19 22 24 28 30 31 33 34 38 41 42 48 49 50 51 58 61 62 66 68 69 70 71 74 77 79 80 82 85 86 87 88 
45 0 2 3 4 6 7 8 13 15 18 22 23 24 26 28 29 31 32 35 39 40 41 42 43 46 48 50 51 52 54 57 61 62 64 68 72 75 77 79 81 82 84 85 87 89 
50 0 1 2 3 5 8 9 10 13 15 16 17 18 19 20 21 28 29 31 33 34 35 38 41 45 47 49 51 52 53 55 56 59 60 61 62 64 72 73 74 76 78 79 80 82 83 85 86 87 89 
47 0 2 4 7 9 10 11 13 14 16 19 23 24 26 27 29 30 31 32 35 39 43 44 45 46 47 48 52 53 54 55 56 61 63 64 66 68 69 70 73 74 76 77 78 81 82 83 
44 0 2 3 5 8 9 12 15 17 19 21 22 23 26 28 32 36 39 42 44 46 47 48 50 51 52 54 55 57 60 61 63 64 65 67 68 72 79 80 81 82 85 87 89 
38 0 6 8 9 10 12 13 17 20 21 27 36 37 38 42 44 47 48 49 52 54 55 56 57 59 60 62 64 66 70 71 74 78 80 81 85 87 88 
40 0 1 2 3 4 7 8 10 12 14 18 23 24 26 27 32 35 42 43 47 48 49 54 56 60 62 63 65 66 67 68 69 73 74 79 80 82 84 85 87 
46 1 2 3 4 8 10 13 14 17 19 20 25 26 28 29 31 32 33 34 36 37 39 43 45 46 47 48 61 63 64 65 67 68 69 70 71 72 73 74 79 81 85 86 87 88 89 
45 0 2 3 4 6 8 10 13 15 22 24 25 26 29 32 33 34 35 39 40 41 43 44 46 47 48 49 53 54 55 56 61 64 66 67 68 69 70 72 76 77 82 87 88 89 
49 1 4 5 6 7 8 12 14 15 16 19 20 21 24 26 30 32 33 34 36 38 39 40 44 45 48 49 51 55 57 58 59 60 61 62 65 66 69 70 71 73 75 76 79 80 83 86 87 89 
50 1 5 6 7 8 9 10 11 13 14 15 16 17 18 21 23 25 26 30 32 33 35 36 38 39 40 41 44 46 47 48 49 50 51 53 55 58 60 62 67 70 71 72 73 78 80 82 83 88 89 
47 0 4 5 6 7 8 9 12 13 15 18 21 22 25 26 27 29 30 31 35 36 37 38 39 41 42 44 46 47 48 49 51 53 55 62 68 69 70 72 73 75 76 78 81 85 88 89 
46 0 1 2 3 4 5 6 8 9 11 12 13 15 16 17 20 22 24 25 26 27 34 37 42 43 45 46 47 48 49 51 53 54 55 56 57 60 61 64 68 69 79 86 87 88 89 
48 1 2 3 4 5 6 8 9 11 14 16 17 19 20 24 32 33 35 37 39 40 42 43 44 45 46 48 52 56 57 59 61 64 66 67 70 71 72 73 74 78 80 81 84 85 87 88 89 
50 1 2 3 4 7 9 11 13 14 17 18 20 22 24 25 29 30 31 33 34 36 37 38 39 41 42 43 44 49 52 53 56 59 62 63 64 66 67 71 74 75 77 78 79 81 82 84 86 88 89 
52 1 3 7 8 9 12 15 16 17 21 23 25 27 28 29 31 33 34 35 36 37 38 40 41 44 45 46 47 50 51 54 56 57 58 59 62 63 64 69 70 71 76 78 80 81 82 83 84 86 87 88 89 
49 2 3 4 5 8 10 11 14 16 20 22 24 25 26 27 29 31 32 34 35 36 37 38 39 40 41 43 44 47 49 50 52 53 54 57 59 64 65 66 67 68 69 73 76 77 78 83 84 85 
52 0 1 2 4 5 7 9 13 14 16 17 18 19 20 22 23 25 26 30 31 33 38 39 42 44 45 46 47 49 52 55 60 63 64 66 68 69 70 71 73 74 75 76 78 80 81 83 84 85 87 88 89 
56 2 5 10 11 12 13 14 16 17 18 20 21 22 25 26 27 28 29 31 32 33 34 36 39 41 42 43 44 47 48 50 51 52 53 54 58 60 61 62 63 64 66 68 69 70 71 72 73 74 75 76 79 81 84 88 89 
45 2 3 5 8 9 11 12 15 16 18 19 22 23 25 26 27 28 32 34 35 36 39 42 43 47 48 50 51 53 55 57 60 61 63 67 69 70 72 76 80 81 83 86 87 89 
50 0 2 3 4 5 6 8 9 10 13 14 16 17 18 19 20 22 24 28 29 33 35 36 44 47 48 51 54 58 59 60 61 63 64 65 66 68 71 73 74 75 79 80 81 83 84 85 87 88 89 
48 0 1 2 4 5 6 8 9 13 18 19 20 25 28 29 31 32 33 34 37 38 42 43 44 45 49 50 55 56 57 58 59 61 64 65 67 68 71 73 74 76 77 79 80 83 86 87 88 
50 0 3 4 5 6 8 9 11 12 13 16 17 18 20 21 23 24 31 32 33 34 37 38 39 41 43 44 45 47 48 50 51 52 57 59 61 62 63 65 67 71 73 74 75 76 77 80 82 83 87 
40 0 5 6 7 10 11 12 13 14 15 16 18 19 20 23 25 28 30 32 36 38 41 45 49 54 57 58 59 65 68 69 74 75 77 78 79 80 82 83 89 
43 1 4 6 7 8 9 10 11 15 17 18 23 28 29 32 34 36 41 44 45 47 50 51 52 53 54 55 57 60 65 66 69 71 73 74 78 81 82 83 84 85 86 89 
45 2 3 4 6 10 11 12 13 15 16 18 19 20 22 23 27 28 29 31 34 35 36 38 40 42 48 49 50 51 53 54 56 57 58 60 63 65 66 71 72 76 84 85 87 88 
35 5 9 14 18 19 20 21 22 24 26 28 31 32 33 36 37 39 41 46 52 53 55 58 60 63 66 68 71 76 78 79 81 85 87 88 
43 0 1 3 5 8 10 11 13 15 17 18 19 20 23 25 26 27 28 29 30 35 36 37 38 40 43 48 50 55 59 60 65 66 67 69 71 74 82 83 84 85 88 89 
54 1 2 4 5 6 8 9 10 11 12 13 14 15 17 18 19 23 25 28 31 32 35 36 41 42 43 44 45 48 50 51 53 57 58 60 63 65 66 67 68 69 71 72 74 76 77 78 80 82 84 85 86 88 89 
43 0 2 3 5 6 7 8 10 15 16 18 20 24 27 29 31 34 35 38 39 40 43 45 46 48 51 53 54 56 58 62 63 65 71 73 74 75 82 83 85 86 87 89 
49 0 3 5 7 8 10 15 17 18 20 21 22 23 24 25 26 27 29 33 34 40 41 42 43 44 45 52 53 54 55 57 59 61 62 63 65 68 72 73 75 76 78 79 82 84 85 86 87 89 
43 1 2 5 6 9 10 11 12 13 14 21 22 23 26 27 30 31 32 33 34 37 38 44 45 48 50 51 54 56 57 59 60 62 63 64 70 72 73 75 80 81 88 89 
42 1 3 4 5 7 11 13 14 15 21 23 26 27 28 31 34 35 37 38 39 41 43 47 50 53 57 58 59 62 64 68 69 70 72 74 77 78 81 82 83 85 87 
48 4 7 10 11 13 14 15 16 17 18 19 23 24 27 29 30 34 35 37 38 41 42 43 45 46 47 48 51 52 53 57 62 63 66 67 70 72 73 74 75 76 77 78 82 83 84 85 87 
40 1 2 3 6 7 8 9 13 16 17 18 20 22 24 29 30 39 45 46 47 49 52 53 54 55 58 59 60 62 63 67 69 72 73 74 78 79 83 84 86 
40 0 1 3 4 5 6 7 9 11 14 15 20 21 29 31 33 35 38 39 42 47 49 50 55 56 57 58 59 60 61 62 66 67 69 70 74 77 82 84 86 
51 0 1 3 4 5 6 7 8 12 16 17 18 20 23 24 25 26 28 29 30 31 34 37 38 39 40 42 46 48 49 50 51 52 53 55 56 57 59 60 61 65 69 70 72 73 74 76 78 83 84 87 
42 1 3 4 5 6 7 8 10 11 16 20 23 27 28 33 34 41 42 47 49 53 55 56 59 60 61 62 68 69 71 72 75 77 78 79 80 83 84 86 87 88 89 
39 2 4 5 6 7 10 11 14 21 23 24 25 29 31 33 34 35 37 38 40 43 44 45 47 50 51 52 61 65 66 69 70 72 73 75 76 79 82 86 
43 0 2 3 4 5 6 7 8 11 16 17 18 20 21 25 27 29 30 31 34 37 38 40 42 45 46 48 51 53 61 63 66 68 70 74 75 78 79 84 86 87 88 89 
42 2 4 6 8 10 12 16 19 20 22 24 26 33 34 36 40 45 48 50 51 52 53 55 57 58 62 63 64 66 67 68 73 75 77 78 81 82 83 84 85 87 88 
37 1 2 3 9 13 14 15 22 25 26 29 30 35 36 40 41 46 47 48 49 51 54 56 57 59 63 64 66 72 73 77 79 80 82 83 86 87 
50 1 3 4 5 6 7 10 11 15 16 17 19 22 23 24 25 29 31 33 34 35 36 37 38 40 42 44 46 48 51 52 53 54 56 58 60 64 65 67 69 70 72 73 75 76 78 80 84 86 87 
40 0 3 6 8 9 10 11 13 15 18 20 21 23 28 29 32 33 36 37 39 40 43 44 45 48 52 57 59 61 67 69 71 72 73 75 76 82 84 86 88 
52 1 2 4 5 6 8 9 10 12 13 15 16 17 18 19 23 24 26 29 32 34 36 37 38 39 40 46 48 49 50 54 55 57 59 61 63 64 67 68 74 75 76 77 78 79 80 81 82 83 84 86 89 
42 1 4 5 8 11 12 13 17 18 22 23 25 27 29 30 34 37 39 42 43 45 46 48 49 50 51 54 56 60 63 65 67 68 70 71 72 75 76 80 81 83 89 
35 2 8 12 14 16 20 22 25 27 28 29 32 33 34 35 37 38 45 47 49 53 56 57 59 62 66 69 72 73 76 77 83 84 86 87 
42 1 4 5 6 7 10 12 13 16 18 19 22 24 25 26 27 28 30 32 35 36 39 43 44 45 48 49 51 56 57 60 62 63 65 69 70 72 75 76 77 80 83 
47 0 1 5 7 8 12 14 16 18 19 20 22 23 24 26 31 32 33 39 45 47 49 51 52 54 55 57 59 60 62 63 65 67 70 71 73 74 75 76 77 80 81 83 84 85 86 89 
50 2 3 4 6 7 8 9 10 16 18 21 22 23 25 27 29 36 37 38 41 42 43 46 47 49 51 53 54 55 56 57 58 60 62 64 65 69 70 71 72 75 76 77 78 80 81 82 84 87 89 
39 0 2 5 6 8 12 14 19 21 22 24 26 27 28 30 31 32 33 38 39 41 48 53 54 55 58 60 61 62 67 69 71 72 73 74 76 79 82 88 
48 0 4 6 9 10 12 13 15 16 18 20 21 22 25 26 27 30 31 33 37 40 41 42 43 44 47 49 50 52 54 55 63 66 69 70 72 73 74 75 76 77 80 81 84 85 86 87 88 
37 4 6 7 8 10 16 18 19 22 23 24 25 31 32 33 35 36 37 39 40 41 47 50 51 52 56 57 60 61 63 70 71 74 79 81 83 86 
