60:60
14 3 10 11 20 21 23 40 45 48 49 51 52 54 56 
14 3 7 9 12 14 25 27 32 36 37 40 43 45 55 
15 4 6 14 21 25 26 27 28 34 36 37 49 51 54 58 
20 3 11 12 16 18 23 26 28 29 31 34 40 41 48 49 50 51 52 54 59 
17 2 3 4 7 8 12 16 18 27 36 39 45 46 49 50 54 58 
21 4 7 9 11 15 22 27 28 30 32 35 36 38 42 43 44 46 47 49 54 55 
20 0 3 6 8 10 13 14 15 16 18 28 31 38 39 41 45 50 56 58 59 
18 4 7 8 10 11 13 16 23 24 31 37 38 41 43 46 48 50 52 
17 1 3 10 11 12 18 22 23 29 30 32 35 36 46 47 49 55 
12 0 5 25 26 28 30 31 38 53 56 58 59 
14 1 11 12 22 26 33 36 37 38 46 51 52 54 57 
15 6 7 11 18 21 22 24 25 27 36 40 43 49 52 56 
13 0 1 5 7 8 15 18 19 36 37 41 45 51 
19 0 1 2 4 13 15 20 21 22 29 30 32 41 42 43 48 51 52 59 
15 4 7 11 21 28 29 32 35 38 41 46 50 53 58 59 
20 0 3 5 6 7 11 13 16 18 20 23 27 30 33 37 48 51 53 55 58 
15 3 11 14 18 20 22 33 34 37 40 47 49 54 57 58 
10 6 18 19 21 26 29 34 36 40 48 
19 2 4 6 7 10 22 26 29 30 33 35 38 42 43 44 51 52 53 58 
19 1 10 12 18 19 20 21 23 24 31 36 42 44 46 49 50 52 57 58 
20 2 7 9 12 13 14 17 18 19 27 30 33 36 37 42 52 53 55 57 59 
11 5 13 14 19 22 29 35 47 48 52 59 
14 4 9 10 14 16 17 22 23 24 33 41 43 50 56 
17 0 5 7 10 18 19 20 21 31 40 42 44 48 52 53 57 58 
18 4 5 9 10 13 16 17 20 23 25 32 33 35 41 44 48 51 57 
18 5 6 8 9 11 12 17 25 28 45 46 47 48 52 53 56 57 59 
13 2 4 6 21 24 27 30 36 39 41 54 55 58 
11 2 29 31 36 37 39 47 50 51 54 57 
16 0 1 8 9 15 16 17 23 30 31 44 45 47 48 49 58 
18 0 7 14 16 20 24 25 26 31 36 41 42 44 45 47 49 55 56 
20 0 4 6 7 17 24 27 28 30 31 33 35 39 40 41 44 47 56 58 59 
17 0 3 5 6 11 16 17 23 29 38 40 49 51 53 54 55 57 
14 0 1 2 12 17 20 22 25 26 30 37 38 58 59 
12 0 6 7 11 17 21 25 35 38 41 47 59 
19 3 4 6 7 8 11 16 19 23 24 31 32 34 41 42 43 48 49 50 
16 5 6 7 10 13 14 16 19 22 25 31 39 41 45 52 58 
5 4 24 41 50 54 
12 3 4 5 10 11 12 17 25 27 29 51 55 
20 1 6 10 11 16 17 27 28 29 32 33 39 44 45 48 51 52 56 57 59 
19 2 6 13 15 16 19 23 24 27 28 36 40 42 43 48 51 52 53 57 
10 2 13 14 22 43 47 50 53 55 59 
13 2 5 9 13 17 18 21 27 31 41 43 47 52 
12 0 5 12 21 25 33 34 36 41 42 46 59 
15 5 7 9 12 13 14 17 22 42 43 47 49 51 57 59 
16 0 4 11 15 17 19 27 28 29 31 42 50 51 52 56 59 
18 2 4 6 8 15 21 22 26 32 33 34 35 39 40 45 54 58 59 
18 3 4 5 6 9 15 16 17 19 20 28 37 39 40 44 45 46 48 
8 0 12 13 16 23 38 45 59 
14 4 12 18 20 21 26 37 38 39 42 46 47 50 56 
25 1 6 7 9 10 16 17 18 22 23 24 28 29 32 33 34 37 42 44 45 47 48 52 55 57 
11 8 13 16 22 28 29 38 41 44 48 55 
19 1 6 8 14 17 18 22 25 29 33 35 37 41 42 45 46 50 52 59 
12 20 23 25 26 30 41 43 47 48 50 51 56 
15 8 9 18 19 28 29 30 34 35 36 42 48 49 53 58 
15 1 3 4 6 7 12 15 31 42 47 50 51 55 56 57 
15 2 3 10 11 15 24 29 30 31 32 37 38 40 53 59 
15 4 6 9 15 16 17 20 21 24 31 40 45 47 48 51 
18 6 8 10 11 20 22 28 34 35 37 42 47 49 50 54 55 56 59 
19 1 5 7 11 12 23 24 26 27 30 33 35 37 38 41 44 50 52 53 
18 2 11 12 15 16 17 21 24 25 26 27 31 32 36 41 55 56 58 
