60:90
65 3 5 6 8 9 11 13 14 15 16 18 19 20 22 24 26 27 29 30 31 32 33 36 37 40 42 43 44 45 47 48 49 52 53 54 56 57 58 59 60 62 63 64 66 67 68 69 70 71 73 74 75 76 78 79 80 81 82 83 84 85 86 87 88 89 
73 0 1 2 3 4 5 6 8 9 11 12 13 15 17 18 19 20 21 22 23 24 25 26 28 30 31 32 33 34 37 38 39 41 42 45 46 48 49 50 52 53 54 55 56 57 58 59 60 61 62 63 64 65 66 68 70 71 72 73 74 75 77 78 79 81 82 83 84 85 86 87 88 89 
63 0 3 4 6 7 9 10 11 12 13 14 15 16 18 19 20 22 23 24 25 26 27 28 29 30 31 33 34 35 41 42 43 45 46 47 48 49 51 53 55 56 57 59 60 61 62 63 64 65 67 68 71 72 75 76 78 79 81 83 84 87 88 89 
65 0 3 4 6 7 8 9 10 12 13 15 16 18 19 24 25 26 27 28 30 31 34 35 37 38 40 42 43 44 45 46 47 48 49 50 51 52 53 54 56 58 59 60 61 62 63 64 65 66 67 69 70 71 72 74 76 78 80 82 83 85 86 87 88 89 
66 0 3 4 5 8 10 11 12 13 14 15 16 17 18 19 20 21 25 26 27 28 29 30 31 32 33 38 39 40 41 43 44 45 46 47 48 50 51 52 54 55 56 58 60 62 64 65 66 67 69 70 71 72 73 74 75 76 77 78 80 81 82 83 84 88 89 
63 2 3 4 5 6 7 9 10 11 12 13 15 16 17 18 19 20 21 22 23 25 26 30 31 33 35 37 39 40 41 44 45 46 48 50 51 52 54 55 57 60 61 62 63 64 65 67 70 71 72 73 74 75 76 79 80 81 82 83 84 85 87 88 
62 1 3 5 6 8 10 12 13 14 15 16 19 20 21 22 23 24 25 26 27 28 29 31 32 35 36 38 39 41 42 44 45 46 48 49 52 53 54 56 57 60 62 63 66 69 70 71 72 73 74 75 76 77 78 79 80 81 82 83 84 86 88 
68 0 3 4 6 7 8 9 10 13 14 15 17 18 19 21 22 23 26 29 30 31 32 33 34 35 36 37 39 40 42 43 44 45 46 47 49 50 52 54 55 57 58 59 60 62 64 65 66 67 68 69 70 71 72 73 75 76 77 78 79 80 81 84 85 86 87 88 89 
65 2 4 5 8 9 10 12 13 14 15 16 17 18 19 23 24 25 28 29 30 31 34 35 36 37 38 39 40 41 42 43 45 47 48 49 50 51 52 53 56 57 59 60 61 62 63 64 67 68 69 72 73 74 75 76 77 78 79 81 82 83 84 85 86 88 
68 1 2 3 5 6 9 12 13 15 16 17 18 19 20 21 24 25 27 29 30 34 35 36 37 38 39 40 41 42 43 44 47 48 49 50 52 53 54 55 56 57 58 59 61 62 63 64 65 66 67 68 70 71 72 73 74 75 76 77 78 80 81 83 84 85 86 88 89 
69 0 1 2 3 5 6 7 9 10 11 12 13 14 15 16 18 19 21 22 24 26 27 28 30 34 35 36 37 39 42 43 44 45 46 48 49 50 51 52 53 54 55 56 58 60 61 63 64 65 66 69 70 71 72 73 75 76 77 78 79 80 81 82 83 85 86 87 88 89 
67 0 3 4 5 6 7 9 11 13 14 16 17 20 21 22 23 24 25 26 27 28 31 33 34 35 36 37 38 39 40 41 42 43 44 45 46 47 49 50 51 54 56 58 59 61 62 63 65 66 67 68 69 71 72 73 74 75 77 79 80 81 83 84 85 86 87 88 
68 1 3 6 8 9 10 11 13 16 17 18 19 20 21 22 23 24 25 26 27 29 30 31 32 33 35 36 37 38 39 40 41 42 43 44 45 46 48 49 50 51 52 53 55 56 57 59 61 63 64 66 67 69 70 71 73 74 75 76 77 78 80 81 82 85 86 87 89 
75 0 2 3 4 5 6 7 8 9 10 11 15 16 17 18 19 20 21 22 23 24 25 26 27 28 29 31 32 33 34 37 38 39 40 41 42 44 45 46 47 48 49 52 53 54 55 56 57 58 59 60 61 62 63 64 65 66 67 68 69 70 71 72 74 75 76 77 78 80 81 84 86 87 88 89 
63 0 2 3 4 5 7 10 11 12 13 14 15 18 20 21 23 25 26 27 30 31 32 34 35 36 38 39 43 44 45 46 47 50 51 52 53 54 55 57 58 59 60 61 62 63 64 65 66 67 68 72 74 75 77 78 80 81 82 83 85 86 87 88 
66 0 1 2 3 5 6 8 9 11 12 13 14 15 16 21 22 23 24 25 27 29 31 33 34 35 36 38 39 40 41 42 43 45 46 47 48 50 51 52 54 56 57 58 59 61 62 63 64 66 67 68 70 72 73 74 76 77 78 80 82 83 84 85 86 88 89 
68 0 2 3 4 5 6 8 10 11 14 15 17 18 19 20 21 23 25 26 27 28 29 31 32 33 34 36 37 40 41 42 43 44 46 47 48 49 50 52 53 54 55 57 58 59 61 62 63 64 65 66 67 69 71 72 73 74 76 77 79 80 81 82 84 85 87 88 89 
65 1 2 3 4 5 6 7 8 9 11 12 13 14 16 18 19 20 21 22 25 26 27 29 30 33 35 36 37 39 40 41 42 47 48 49 50 51 52 53 55 56 57 60 64 66 67 68 70 71 72 73 74 75 76 77 78 79 80 82 84 85 86 87 88 89 
63 0 1 3 4 5 7 9 10 11 13 14 15 16 17 18 19 20 22 23 24 25 28 29 31 32 33 34 36 38 39 40 41 42 44 46 49 50 51 52 53 55 56 59 60 61 62 64 65 66 67 68 69 70 72 76 78 79 80 82 84 85 88 89 
63 0 2 4 5 6 7 8 9 10 12 13 14 17 19 20 21 22 23 24 26 29 30 31 32 34 35 36 37 38 39 41 42 44 46 47 49 50 51 57 59 60 61 63 64 65 66 67 68 70 71 72 73 74 77 78 82 83 84 85 86 87 88 89 
66 0 1 2 4 7 8 9 10 11 12 14 17 18 19 20 22 23 24 26 28 29 31 32 33 34 35 36 37 38 40 41 42 43 44 45 46 47 48 49 50 52 55 56 57 58 61 62 63 67 68 69 70 71 73 75 77 79 80 81 82 83 84 85 86 88 89 
71 1 2 3 5 6 9 12 14 15 16 17 19 20 21 22 23 24 26 27 29 30 31 35 36 38 39 40 41 42 43 44 45 46 47 48 49 50 51 52 53 54 55 56 57 58 59 60 62 63 64 65 67 68 69 70 71 73 74 75 76 77 78 79 80 81 83 84 85 86 88 89 
65 2 3 4 5 7 8 9 10 11 12 13 14 15 16 17 19 20 21 22 23 24 25 26 27 28 30 32 34 35 36 37 39 40 41 42 43 45 47 49 51 53 54 55 57 58 59 60 61 64 65 66 67 68 69 70 71 75 76 78 79 80 81 82 83 88 
65 2 5 7 8 9 10 12 14 15 16 18 19 20 23 24 25 26 27 28 30 31 32 34 35 36 37 38 39 40 41 42 45 46 47 49 50 52 53 54 55 58 59 60 61 62 63 67 70 71 72 73 74 75 76 77 78 79 80 81 82 84 85 87 88 89 
68 2 3 4 5 6 7 8 9 10 11 12 13 14 15 16 17 18 19 20 21 22 24 26 27 28 30 31 33 34 35 36 38 39 40 41 42 43 44 45 46 48 49 50 55 57 59 62 64 65 67 69 70 72 74 75 76 78 79 80 81 82 83 84 85 86 87 88 89 
67 0 1 2 4 5 7 8 9 10 11 12 14 16 17 18 19 21 23 25 26 27 28 29 32 33 35 36 37 39 40 41 42 45 48 49 50 51 52 54 55 56 57 58 60 61 63 64 65 66 67 68 69 70 71 72 74 75 76 77 78 81 83 84 85 86 87 88 
68 0 2 3 4 5 6 7 8 10 11 12 13 14 16 18 19 20 21 23 24 25 26 27 28 30 31 33 35 36 37 38 39 40 43 44 46 48 49 50 51 53 55 56 57 61 62 63 65 66 69 70 71 72 73 74 75 76 77 78 79 81 82 83 84 86 87 88 89 
67 0 4 5 6 7 8 9 10 12 13 15 16 18 20 21 22 23 24 26 27 28 29 31 32 34 35 36 37 38 39 40 44 46 47 49 50 51 52 53 54 56 58 59 60 61 63 64 65 66 68 69 71 73 74 75 76 77 78 79 80 81 83 84 85 86 87 89 
71 0 1 2 3 5 6 7 8 9 10 11 12 13 15 17 18 21 22 23 25 26 27 28 29 30 31 32 34 35 36 37 38 41 42 43 44 45 46 47 48 50 51 53 54 55 57 58 60 62 63 65 67 68 69 70 71 72 73 76 78 79 80 81 82 83 84 85 86 87 88 89 
70 0 2 3 4 6 7 8 11 12 13 14 15 16 18 19 20 21 22 24 25 26 27 28 29 31 33 35 36 37 39 40 42 43 44 45 46 47 48 50 52 55 56 57 58 59 60 61 62 63 64 65 66 67 68 70 71 73 74 75 76 79 80 81 82 83 84 85 87 88 89 
66 0 1 2 3 5 6 8 9 11 12 13 14 17 18 20 21 24 25 26 27 28 29 30 31 33 35 36 37 38 39 40 41 42 43 44 45 47 48 49 52 58 59 60 61 62 63 64 65 66 67 68 70 71 72 73 74 75 76 78 80 81 82 83 84 85 88 
71 1 2 3 5 6 7 8 9 11 12 13 14 15 16 17 18 19 20 22 23 25 26 27 28 29 30 31 32 34 35 36 37 38 40 41 42 43 44 46 48 49 52 53 55 56 57 59 60 61 62 64 65 68 69 71 72 73 74 75 76 77 78 81 82 83 84 85 86 87 88 89 
69 1 3 4 5 6 7 8 10 11 12 14 15 16 17 18 20 21 22 24 25 26 27 29 30 31 32 33 34 35 37 38 39 40 41 43 47 48 49 50 51 52 53 54 56 57 61 62 63 65 68 69 70 71 72 73 74 75 77 78 79 80 82 83 84 85 86 87 88 89 
73 0 1 3 4 7 8 10 11 12 13 14 15 16 17 18 19 20 21 23 25 26 27 28 29 30 31 32 33 36 37 39 40 41 42 44 45 46 47 48 49 50 51 53 54 55 56 57 59 60 61 62 63 64 65 66 67 69 71 72 73 74 75 76 77 78 81 82 83 85 86 87 88 89 
66 1 3 4 5 6 8 9 11 12 13 14 15 16 17 19 20 23 24 25 27 29 30 31 35 37 38 39 40 41 42 44 46 48 49 50 51 52 55 56 57 58 59 60 61 62 63 64 65 66 67 68 69 71 72 73 74 76 77 79 80 82 83 85 86 87 89 
71 0 1 3 4 5 6 7 8 9 11 12 13 14 15 16 17 18 20 21 23 25 26 27 28 29 30 31 32 33 35 36 37 38 39 42 43 44 45 47 49 50 51 52 53 54 55 56 59 60 61 62 63 64 65 67 68 70 71 73 74 77 78 80 81 82 84 85 86 87 88 89 
65 0 2 3 4 5 6 7 8 9 10 11 12 14 15 17 18 20 22 23 24 26 27 30 31 32 33 34 36 37 38 39 40 41 42 43 44 46 48 49 51 52 53 54 56 57 59 60 61 62 63 64 66 67 68 69 70 72 78 79 80 81 83 85 86 89 
66 1 2 3 5 7 8 12 13 15 16 17 18 20 21 22 23 24 25 27 28 30 31 32 34 35 38 39 41 42 43 45 46 47 49 50 51 52 53 54 55 58 59 61 62 63 64 65 66 67 68 69 70 71 72 75 76 77 78 80 81 82 84 85 86 88 89 
67 0 1 3 4 6 11 12 13 14 15 16 17 18 19 20 21 22 23 24 25 27 28 29 30 31 32 35 37 38 39 40 41 42 43 44 45 47 48 49 50 51 52 53 54 55 59 62 63 67 68 69 70 72 73 74 75 76 77 78 79 80 81 84 86 87 88 89 
62 1 4 5 7 8 9 10 11 12 13 16 17 18 19 22 24 28 29 31 32 34 35 36 37 38 40 42 43 45 46 47 48 50 51 52 54 55 58 59 60 62 64 65 66 67 68 69 72 73 74 75 77 78 79 81 82 83 84 85 86 88 89 
67 0 2 3 5 6 7 8 10 11 12 14 15 16 17 18 20 22 24 25 26 27 28 29 30 31 32 33 34 35 36 38 39 40 41 42 43 44 45 46 48 49 51 52 54 57 59 60 61 62 64 65 68 69 70 71 74 75 78 79 80 81 84 85 86 87 88 89 
68 0 2 3 5 6 8 9 14 15 16 17 18 19 20 21 22 23 24 25 26 27 28 29 30 31 32 33 34 35 36 38 40 41 42 43 44 45 47 49 50 51 53 54 55 56 58 59 60 61 63 64 65 67 68 69 73 74 75 76 78 80 81 82 84 85 86 88 89 
70 0 1 2 3 4 5 7 8 9 11 12 13 15 18 19 21 22 23 26 27 28 29 30 31 32 33 34 36 37 38 39 40 43 44 45 46 47 48 49 51 52 53 54 55 56 57 58 60 61 64 65 66 67 68 69 71 72 73 75 76 77 78 79 81 82 83 84 85 86 88 
68 1 4 5 6 7 8 9 10 11 13 16 17 18 19 20 21 22 23 25 26 27 28 29 31 32 35 37 38 39 40 41 42 43 44 45 46 47 48 49 50 51 54 56 57 59 60 62 63 64 65 67 68 69 72 73 74 75 76 77 78 79 82 83 84 85 86 87 89 
78 0 1 2 3 4 5 6 7 9 10 11 12 13 15 16 17 19 20 22 23 24 25 26 27 28 29 30 31 32 33 34 35 36 37 38 39 40 43 44 45 47 48 49 50 51 52 53 54 55 56 57 58 59 60 61 62 64 65 66 67 68 69 73 74 75 76 78 79 80 81 82 83 84 85 86 87 88 89 
63 0 1 3 4 6 8 11 12 13 17 18 19 21 24 25 26 28 29 30 31 32 33 34 35 36 37 38 41 42 43 45 46 47 48 51 52 53 54 55 57 58 59 62 64 65 66 67 68 69 70 74 75 77 78 79 80 81 82 83 85 86 87 89 
67 0 1 2 3 4 6 8 9 10 12 13 16 17 18 19 20 21 22 23 24 25 27 29 32 33 34 35 36 37 38 39 41 42 43 44 45 46 47 49 52 53 54 55 56 57 58 59 61 62 63 65 68 69 70 71 72 73 75 78 80 81 83 84 85 87 88 89 
65 0 1 2 3 6 8 10 12 14 15 17 18 19 20 21 22 23 24 25 27 28 29 30 31 32 33 34 36 37 38 39 40 43 44 45 47 48 49 51 53 54 55 56 58 60 61 62 63 64 65 66 69 72 74 75 76 77 79 80 82 83 84 85 86 89 
68 0 1 2 3 4 5 6 7 8 9 10 11 12 13 14 16 17 18 20 21 22 23 26 27 29 30 31 32 34 36 37 38 39 41 43 44 46 47 48 49 51 53 56 57 58 59 60 63 65 67 69 70 72 73 74 75 76 77 78 80 81 82 83 84 85 86 88 89 
64 0 2 3 8 11 12 13 14 15 17 18 19 20 23 24 25 27 29 30 31 32 33 34 35 36 37 39 42 43 44 45 46 48 50 51 53 55 56 57 58 59 61 62 63 64 66 68 69 70 72 73 74 75 76 77 78 79 80 81 83 84 86 88 89 
74 0 1 2 4 5 6 8 9 10 11 12 13 14 15 16 17 19 21 24 25 27 28 29 30 31 33 34 35 36 37 38 39 41 42 43 45 46 47 48 49 51 52 54 55 56 57 60 61 62 63 64 65 66 67 68 69 70 71 72 73 74 75 76 77 78 79 80 81 82 83 84 85 87 88 
66 0 1 2 3 4 5 7 8 9 10 11 12 13 14 15 17 18 19 22 24 26 27 28 31 33 35 36 38 40 41 42 43 44 45 46 47 48 49 50 52 55 57 58 59 61 62 64 65 66 67 68 69 70 71 72 73 74 75 77 78 79 80 82 83 88 89 
62 1 2 3 5 6 7 9 11 12 15 16 18 19 21 22 24 25 30 31 33 36 37 38 40 42 43 45 46 47 49 50 52 54 55 56 57 58 60 62 63 64 65 66 67 68 69 70 71 72 73 74 75 76 77 78 79 80 82 85 86 88 89 
65 0 1 2 3 4 5 7 9 10 11 13 15 17 18 19 20 23 27 28 29 31 35 36 37 38 39 40 41 42 43 44 45 46 47 50 51 53 54 55 56 57 58 59 60 61 62 64 65 66 67 69 71 72 73 74 75 76 77 80 81 83 85 87 88 89 
63 0 1 2 3 4 5 7 9 10 12 14 16 17 18 20 21 22 23 26 28 29 30 31 33 34 35 37 38 40 44 45 47 48 49 50 51 54 55 57 58 60 63 64 65 66 67 68 69 70 71 72 74 75 76 77 78 79 80 83 85 87 88 89 
69 0 2 3 4 5 6 7 9 13 14 15 16 17 18 19 20 22 23 26 28 29 30 31 32 33 34 35 36 37 38 40 41 43 44 45 46 48 49 52 54 56 57 58 59 60 62 63 64 66 69 70 71 72 73 74 75 76 77 78 79 80 81 82 83 84 85 86 88 89 
66 1 2 3 6 8 9 10 11 12 13 15 16 17 19 20 21 22 23 26 27 28 29 31 32 33 34 35 37 38 39 40 41 43 44 47 49 50 51 53 56 58 59 60 61 64 65 66 67 68 69 70 71 72 73 74 75 76 77 79 80 82 84 85 87 88 89 
77 0 1 2 3 4 5 6 7 9 10 11 12 13 14 16 17 18 19 20 21 22 23 24 25 26 27 29 30 31 32 33 34 35 36 37 39 40 41 42 43 44 45 46 48 51 52 54 55 56 57 58 59 60 61 62 63 64 65 66 67 68 69 70 71 72 75 76 77 78 80 81 82 83 84 85 86 88 
73 0 1 2 3 4 5 6 7 9 11 12 14 15 16 17 20 21 22 24 25 26 28 29 30 31 34 35 36 39 40 42 43 45 47 48 49 50 51 52 53 54 56 57 58 59 60 61 62 63 64 65 66 67 68 69 70 71 72 73 74 75 76 77 78 79 81 82 83 85 86 87 88 89 
71 1 2 3 4 5 6 7 8 9 10 12 13 14 15 16 18 19 20 21 22 23 24 26 27 28 29 30 31 32 34 35 36 38 39 40 42 43 45 46 47 48 49 50 51 52 54 55 57 59 60 61 62 64 66 67 69 70 71 72 73 74 75 76 77 78 81 82 84 86 88 89 
