60:60
28 0 6 7 9 11 12 16 17 18 21 22 23 24 30 35 37 39 40 42 45 46 48 50 51 54 56 57 59 
29 0 2 5 6 7 8 9 10 12 14 16 18 21 23 25 26 27 28 32 33 34 41 44 45 46 47 48 57 58 
28 3 4 11 12 13 14 15 20 22 24 25 26 28 31 32 33 34 36 37 38 43 44 45 46 49 53 54 56 
30 1 2 4 6 7 10 12 17 18 20 21 22 24 29 31 32 34 36 37 38 39 41 43 44 49 50 52 56 57 58 
35 0 2 3 5 7 10 12 13 15 18 19 20 21 22 23 24 26 27 29 30 32 34 37 39 40 41 43 44 46 47 48 49 51 58 59 
34 0 2 3 4 5 6 10 12 15 17 18 20 22 23 25 26 27 28 29 31 32 34 36 46 47 49 50 51 52 53 54 55 57 58 
29 3 5 7 9 10 11 12 15 16 18 19 20 22 24 28 29 30 33 34 36 39 40 42 45 48 49 53 55 57 
32 0 3 4 7 10 11 14 15 16 18 20 21 22 23 24 26 28 31 33 38 40 41 43 44 46 49 50 51 52 54 57 58 
34 0 2 4 11 12 13 14 16 17 18 19 21 22 23 25 29 30 32 35 37 38 39 40 42 44 45 46 49 50 53 54 57 58 59 
33 0 2 4 6 8 9 10 12 13 14 19 22 24 25 26 28 30 32 33 36 38 40 41 42 47 48 49 51 52 55 56 57 58 
30 0 2 3 4 7 9 10 14 16 20 22 28 29 30 31 38 39 41 44 45 46 47 49 50 51 53 55 56 58 59 
34 0 3 4 5 6 9 10 17 18 20 21 22 23 30 32 33 36 37 39 40 42 43 45 46 47 48 49 50 51 53 56 57 58 59 
31 2 3 6 7 8 9 11 13 15 16 19 20 21 23 25 29 30 33 34 36 37 39 40 43 45 48 50 53 55 58 59 
26 1 8 12 19 20 21 24 25 26 28 30 32 37 38 41 42 43 45 46 48 49 51 52 54 56 59 
27 0 2 3 4 8 9 11 12 13 15 16 19 23 24 27 29 32 39 41 42 44 45 46 49 50 55 59 
31 0 3 4 6 7 8 10 15 19 20 22 23 24 26 27 29 30 31 35 38 40 41 42 43 45 46 47 48 51 52 54 
31 0 1 3 5 6 8 10 11 14 17 18 20 22 24 26 27 28 29 32 33 35 37 45 46 47 49 50 52 54 55 56 
29 0 1 2 3 5 7 8 9 12 14 16 18 24 25 26 28 30 31 32 33 37 42 47 48 49 51 54 55 57 
26 0 1 2 6 7 9 11 12 13 14 16 17 19 20 23 28 34 35 36 39 41 48 50 51 55 57 
25 1 5 7 10 12 13 14 16 17 18 19 20 24 25 27 30 34 37 38 39 42 46 50 52 56 
26 0 2 3 5 8 9 10 11 13 15 17 19 21 22 23 25 33 34 37 38 40 41 42 44 47 56 
31 1 3 4 6 8 9 11 15 18 19 22 26 28 32 33 34 35 36 38 39 41 44 46 47 48 49 51 52 55 56 58 
27 4 6 7 12 13 14 15 17 19 21 22 23 32 33 34 36 37 40 42 43 49 50 52 53 54 56 59 
32 0 5 6 8 9 16 17 19 20 22 24 25 26 27 29 31 33 36 37 38 40 41 43 44 45 46 47 51 56 57 58 59 
37 2 3 4 5 6 8 9 10 13 14 16 18 19 20 22 23 25 27 28 30 32 34 37 38 39 45 46 47 49 50 51 52 54 55 57 58 59 
29 2 3 4 5 9 14 15 16 18 20 22 23 24 25 26 28 31 32 35 36 38 39 41 42 43 48 51 54 56 
29 1 4 6 8 9 12 15 16 17 18 20 23 25 28 29 34 35 36 39 43 44 46 48 49 52 55 57 58 59 
27 4 5 7 12 13 16 17 19 21 23 25 26 29 32 33 35 37 39 41 42 46 48 52 54 56 57 58 
24 4 5 6 10 11 12 13 14 16 18 21 28 35 38 42 45 46 47 48 50 56 57 58 59 
35 0 1 2 3 6 8 9 12 18 19 20 21 22 23 24 27 29 31 33 34 35 38 39 40 42 43 44 46 47 49 51 56 57 58 59 
31 1 2 3 4 7 8 9 10 11 14 15 17 21 23 25 26 27 30 36 37 38 40 41 43 44 47 48 49 53 54 55 
30 0 2 5 7 11 12 13 14 16 20 21 22 26 28 31 32 35 36 38 40 41 45 46 47 48 51 52 54 56 57 
28 1 3 4 6 7 8 12 16 19 24 29 30 32 33 35 37 39 40 43 45 46 48 49 51 54 55 56 59 
35 0 1 4 6 7 8 10 11 13 15 22 23 24 25 27 28 31 34 35 36 37 39 40 45 46 47 48 50 51 52 53 55 56 57 59 
30 1 4 5 7 9 12 13 18 19 21 22 24 26 29 30 33 34 36 37 38 44 47 50 51 52 53 54 56 58 59 
29 4 5 6 7 8 9 10 12 13 14 15 16 17 22 24 25 28 31 37 38 40 45 48 49 52 56 57 58 59 
33 0 2 3 5 6 8 9 10 13 14 16 17 19 21 22 23 25 31 33 34 35 36 37 41 42 43 44 45 46 53 56 57 59 
29 2 6 7 8 12 14 16 19 20 23 25 27 28 30 31 32 36 37 40 42 43 44 46 48 51 52 53 55 58 
35 0 2 3 5 6 7 8 9 11 13 17 21 22 23 25 26 27 30 31 33 35 41 42 43 44 45 46 48 49 52 53 54 56 58 59 
23 1 5 7 9 10 14 24 31 32 33 34 39 40 41 42 43 45 47 50 51 54 57 58 
28 2 4 5 6 8 9 10 13 15 19 20 30 33 36 37 39 40 41 44 45 46 47 49 50 51 53 54 58 
28 0 1 4 5 7 8 10 13 15 16 18 19 22 26 30 33 36 38 40 42 45 48 49 50 51 55 56 57 
24 1 3 4 6 8 10 11 12 19 21 22 23 27 28 29 30 31 32 34 38 40 49 55 58 
32 1 3 4 5 8 9 11 14 15 16 18 19 20 24 28 29 30 33 34 35 36 38 39 44 46 49 53 54 55 56 57 59 
31 1 2 3 4 5 6 12 18 19 20 21 22 23 26 28 29 32 33 36 37 38 39 41 42 43 44 49 50 56 58 59 
26 1 3 4 7 8 9 11 14 16 17 23 24 25 28 29 30 31 38 42 45 46 51 53 55 57 58 
28 1 2 3 8 9 11 12 16 17 21 25 26 27 29 30 31 32 33 35 36 43 49 50 53 55 56 58 59 
33 1 2 3 6 8 9 11 13 14 15 16 17 18 19 20 23 26 28 30 31 32 34 36 41 42 46 49 51 54 55 56 57 58 
31 0 1 3 5 7 10 11 15 16 18 20 21 23 24 26 27 28 31 32 34 35 37 39 41 42 45 46 48 49 51 57 
28 2 3 4 8 9 12 13 14 15 16 18 19 24 26 27 29 33 35 36 37 39 43 45 46 50 52 53 54 
31 2 4 5 7 8 10 11 12 13 14 20 21 22 30 32 34 37 39 42 43 44 45 46 48 49 50 51 55 57 58 59 
29 3 4 5 8 11 12 13 14 18 22 23 24 28 31 32 35 38 40 41 42 44 45 46 48 52 54 55 58 59 
30 0 1 5 6 7 8 11 13 14 16 20 22 23 24 25 28 29 30 32 34 40 42 45 47 48 51 52 53 58 59 
22 4 5 13 17 18 20 21 23 24 27 28 29 30 31 34 36 43 45 46 47 49 52 
28 0 1 2 3 4 5 7 8 11 12 14 15 19 24 27 29 30 33 43 44 45 46 47 48 50 52 53 57 
26 2 3 4 5 8 12 13 17 20 24 25 28 30 31 34 38 39 40 44 46 47 48 50 54 56 57 
28 1 3 6 8 14 18 20 21 22 23 24 27 31 33 35 38 39 40 41 42 43 45 46 47 49 50 51 56 
27 0 2 5 6 10 11 13 14 15 16 19 23 24 25 26 29 30 37 38 41 42 44 48 50 51 52 58 
25 0 4 7 9 10 14 17 19 22 23 30 33 34 35 37 38 40 45 47 49 50 52 53 55 56 
28 1 2 3 6 7 10 12 16 17 18 21 22 23 25 26 29 31 32 38 39 40 42 48 52 53 56 57 59 
