60:60
28 0 2 4 12 14 15 20 21 22 23 25 26 27 29 31 32 33 35 36 37 40 42 43 44 53 54 57 59 
33 2 5 6 8 9 10 11 12 17 18 19 21 22 25 26 27 29 31 33 34 36 37 38 42 46 47 48 51 53 54 56 57 59 
19 6 7 8 12 15 19 20 21 23 28 30 31 39 40 42 46 48 52 56 
25 1 3 4 5 8 10 12 15 16 22 24 25 28 33 34 37 43 45 48 49 52 55 56 58 59 
32 0 2 4 7 9 10 12 14 16 17 19 21 22 26 27 29 32 33 37 41 45 47 48 49 50 52 53 54 55 56 57 58 
30 1 3 4 5 6 9 11 12 13 15 16 18 19 22 25 26 27 29 39 40 41 42 43 45 46 48 50 52 53 58 
35 0 1 2 5 7 8 9 11 13 14 15 18 20 21 22 23 25 26 29 30 31 32 34 35 38 41 42 43 44 45 46 50 51 54 57 
27 1 3 6 7 8 10 11 13 17 21 26 27 28 29 32 36 38 42 43 44 46 49 50 51 52 57 58 
29 0 1 2 3 5 6 7 8 9 14 17 19 20 26 28 30 31 35 38 39 40 41 43 44 46 48 50 54 58 
33 0 1 3 4 6 7 10 12 15 18 21 22 23 24 29 30 32 33 36 37 40 42 43 44 45 46 47 48 49 53 54 56 57 
31 0 4 7 8 9 10 11 14 15 18 19 20 22 24 27 29 30 31 32 34 36 38 39 41 42 48 53 55 57 58 59 
27 1 4 6 9 13 14 15 16 18 22 27 28 29 34 38 39 40 41 46 49 50 52 54 55 56 57 59 
35 0 3 4 5 6 8 9 11 14 15 17 18 19 21 22 25 26 27 28 32 38 40 41 42 43 44 45 46 49 50 51 53 54 57 59 
37 0 1 2 6 11 12 14 15 16 18 20 25 28 29 30 31 32 33 34 35 36 37 40 41 42 43 44 45 47 48 51 52 54 55 56 58 59 
33 0 1 3 4 7 8 9 10 13 17 19 20 22 27 29 30 32 33 34 36 40 41 42 45 46 47 49 50 52 54 55 57 59 
33 4 5 6 9 10 12 17 18 19 21 23 24 25 29 30 31 32 33 34 35 36 37 38 39 41 44 46 49 55 56 57 58 59 
34 1 4 6 7 8 9 10 13 14 16 18 20 21 23 25 27 31 33 35 36 38 39 40 42 44 47 48 49 50 52 54 55 56 58 
31 0 3 4 6 7 8 10 12 14 16 17 18 20 22 23 26 28 33 35 38 39 40 44 45 46 47 48 52 53 55 57 
35 0 1 3 5 6 9 10 12 13 14 15 16 18 21 22 23 24 25 26 27 30 32 37 39 40 42 47 49 50 51 52 53 54 57 59 
27 0 1 2 6 7 9 11 13 15 18 21 23 25 26 29 32 34 35 42 45 49 50 52 53 54 55 56 
26 3 5 6 7 8 10 11 12 15 22 26 27 28 32 34 37 38 39 40 41 42 48 50 51 56 59 
29 2 4 5 7 10 11 12 13 15 16 20 21 23 29 30 33 34 35 37 38 41 43 46 47 48 49 50 52 53 
31 2 4 8 10 12 13 14 15 17 18 19 20 21 22 23 24 25 26 27 30 31 37 40 41 44 49 51 52 53 56 58 
31 3 4 6 8 11 13 14 15 23 26 27 31 32 35 36 38 39 40 41 43 44 45 46 47 49 52 54 55 56 57 58 
31 0 2 3 4 9 10 11 12 13 15 16 18 20 21 27 28 30 31 35 37 39 40 41 42 44 46 47 50 51 57 59 
30 0 1 2 3 5 6 7 8 9 12 15 20 29 31 33 34 35 36 40 41 43 44 45 47 50 51 52 53 55 57 
34 1 5 6 8 11 12 13 16 17 18 19 21 22 23 24 25 29 34 35 36 37 38 39 40 42 44 46 48 49 51 52 53 57 59 
38 1 3 5 7 8 9 10 11 12 13 15 16 17 18 19 20 21 24 25 28 29 30 33 34 36 37 39 40 44 46 47 48 49 51 52 53 54 56 
33 0 1 4 5 6 7 8 12 13 15 16 19 20 21 25 26 27 29 31 32 35 38 39 40 41 42 44 46 48 50 51 52 54 
29 3 4 5 6 7 8 15 16 18 19 21 25 30 31 32 33 34 38 42 44 45 46 47 49 54 55 57 58 59 
24 3 5 8 9 10 11 15 17 22 23 24 27 35 38 39 41 42 44 45 47 48 52 54 59 
29 3 4 7 8 10 11 12 15 18 19 21 22 25 26 27 28 29 34 35 38 42 44 45 46 51 54 55 56 59 
28 5 7 9 10 13 16 19 20 24 26 28 29 31 34 37 40 41 42 43 44 45 46 50 51 52 54 57 58 
30 2 5 6 7 9 11 12 13 14 16 17 19 23 24 33 34 35 37 38 39 41 42 45 47 49 50 52 55 57 58 
33 2 4 5 8 11 12 13 16 19 20 21 23 24 25 26 28 30 31 32 33 36 37 38 40 43 46 47 48 52 53 55 56 57 
25 3 4 5 7 10 14 19 25 28 33 37 39 40 41 42 44 46 48 49 50 55 56 57 58 59 
28 0 2 4 5 6 9 10 12 14 18 24 25 27 29 32 35 36 38 41 43 44 49 50 53 54 55 57 59 
32 1 2 4 7 10 12 14 15 17 19 20 21 23 24 25 27 28 29 33 34 37 38 40 41 42 43 47 51 53 55 57 58 
28 3 4 5 6 8 9 13 15 19 20 25 26 28 30 31 34 36 37 39 41 43 44 47 52 53 55 56 57 
36 1 3 4 7 8 9 10 11 13 14 15 16 17 18 20 23 24 26 27 29 31 32 33 34 35 36 37 38 43 44 45 46 53 57 58 59 
25 0 4 8 9 10 12 13 16 17 18 20 22 25 28 30 34 37 43 45 47 52 53 55 56 58 
28 2 3 4 6 7 8 11 13 14 21 23 26 28 31 32 34 39 42 43 44 45 47 48 52 53 57 58 59 
26 2 3 8 11 16 17 19 20 23 29 30 32 35 36 41 42 43 44 47 48 51 52 53 54 55 58 
23 2 3 4 5 6 8 12 16 18 20 24 27 29 35 36 39 43 44 48 50 54 57 59 
32 1 2 3 4 6 9 16 20 21 22 24 26 28 29 30 33 34 35 36 39 41 43 46 47 48 49 51 52 53 54 55 56 
32 1 2 7 8 9 10 12 13 14 15 17 20 21 22 23 25 27 28 31 33 37 41 44 46 47 48 51 52 55 56 57 58 
24 6 8 9 13 18 19 22 23 25 26 27 29 31 32 34 36 40 41 42 44 47 50 55 59 
35 0 1 3 4 5 6 10 13 15 16 17 18 19 24 25 27 28 29 31 33 36 38 39 40 42 43 46 47 50 52 54 55 56 57 59 
29 1 3 5 6 8 9 10 12 13 18 20 21 24 27 28 35 36 38 39 40 41 43 46 48 50 54 57 58 59 
28 1 7 9 11 15 16 17 21 22 23 24 26 27 28 30 31 36 38 42 44 47 51 52 53 55 56 58 59 
27 1 7 8 10 11 12 13 25 27 28 31 32 33 35 37 39 40 43 44 45 47 48 51 52 55 58 59 
29 1 2 4 5 7 8 10 11 12 16 20 24 26 27 28 30 35 38 39 40 43 46 47 48 49 55 56 58 59 
30 2 3 4 6 7 8 11 13 15 18 19 21 22 25 30 31 33 35 37 38 40 41 42 44 45 46 47 55 57 58 
28 0 1 2 4 7 8 9 11 12 13 16 17 19 21 22 23 24 27 29 31 32 40 44 46 47 49 51 59 
27 2 3 5 7 8 10 11 14 17 18 22 23 26 27 28 29 33 36 43 45 48 49 50 51 53 57 59 
28 0 2 3 7 11 12 14 15 17 19 20 22 23 31 32 33 38 40 42 44 45 49 51 52 53 54 55 57 
27 0 2 12 14 16 18 20 21 22 23 24 27 29 30 31 32 33 35 36 37 38 43 51 52 56 57 59 
31 1 2 3 5 11 13 15 16 17 18 19 20 22 23 24 25 28 30 34 35 38 39 41 43 45 48 50 51 55 58 59 
34 1 3 5 7 9 11 12 13 15 16 17 18 20 21 22 23 26 29 31 32 35 38 39 43 44 45 46 50 53 54 56 57 58 59 
26 2 3 4 5 6 7 10 16 17 22 24 26 32 33 36 37 39 41 44 46 47 48 53 55 57 58 
