60:90
45 1 4 6 7 10 11 13 17 18 19 20 21 23 24 26 27 29 31 33 35 36 37 38 39 42 45 46 52 53 54 55 56 57 61 62 64 65 69 73 74 75 76 84 86 88 
38 0 4 5 6 7 9 10 11 13 15 22 23 24 27 28 35 36 37 38 40 42 46 50 51 53 56 58 63 66 73 78 81 82 83 86 87 88 89 
38 1 2 4 6 11 13 16 19 20 22 23 24 26 27 34 35 38 39 41 45 46 49 51 58 63 64 65 69 70 72 73 74 77 78 83 86 88 89 
45 1 2 3 4 5 7 8 9 10 15 16 19 20 21 22 23 24 25 28 30 33 34 35 39 40 41 43 46 48 50 55 57 59 60 63 64 69 72 80 83 85 86 87 88 89 
52 1 2 3 4 5 6 8 9 10 11 13 16 17 18 20 22 24 26 28 29 30 33 34 35 38 39 41 42 43 45 46 49 50 52 57 58 59 61 62 63 65 67 72 74 75 77 79 81 82 83 85 88 
41 2 4 6 8 14 17 21 24 26 27 28 29 31 32 35 37 40 41 44 46 47 48 49 52 56 60 62 63 65 66 67 68 69 70 71 77 78 79 80 87 89 
49 0 2 3 5 6 7 9 10 13 15 16 19 22 24 26 27 34 35 37 39 42 43 44 45 47 49 50 51 53 54 55 56 59 60 61 62 63 65 66 70 71 75 77 78 79 81 86 87 88 
52 0 3 5 7 8 9 10 11 13 14 15 16 19 21 24 27 29 31 32 33 34 37 38 42 43 45 47 48 49 51 53 56 57 58 65 67 68 70 72 74 75 76 78 79 80 82 83 84 85 86 87 89 
53 0 1 3 6 7 8 10 14 15 18 19 20 21 22 23 25 27 29 30 31 33 34 35 36 39 44 45 47 50 51 52 53 54 55 57 58 63 65 68 69 70 71 72 73 76 79 81 82 83 84 86 87 88 
41 2 7 9 10 11 12 14 15 16 18 19 21 23 24 25 26 28 29 30 31 33 35 36 38 39 43 48 50 51 55 60 61 62 66 67 73 75 77 79 80 81 
51 6 11 12 13 14 15 16 17 18 19 20 21 22 23 24 25 27 29 31 35 36 38 39 42 43 44 46 47 50 51 52 54 55 59 60 61 62 64 65 66 67 68 70 76 77 81 82 83 85 88 89 
57 1 2 3 4 6 10 11 12 13 14 15 17 18 20 21 22 23 24 30 31 32 35 36 37 39 41 42 44 45 46 47 50 52 53 54 55 56 58 60 61 63 64 67 69 70 71 73 74 75 78 79 80 81 82 83 85 89 
47 0 1 3 4 9 10 13 14 15 16 17 20 22 24 26 28 30 31 34 35 36 37 38 41 43 44 45 46 48 50 54 55 56 57 60 61 62 66 67 69 70 71 72 81 82 87 88 
44 0 1 3 4 5 7 8 10 12 14 17 18 20 21 26 27 29 30 34 36 37 41 42 44 46 50 53 54 58 60 61 62 66 69 71 72 74 76 78 79 80 83 85 88 
47 0 1 2 6 7 10 11 12 14 15 16 21 23 24 27 28 30 31 32 33 35 36 37 38 39 43 47 48 50 51 55 56 57 60 63 64 67 69 71 73 76 77 78 81 84 85 89 
46 0 1 2 5 6 7 9 10 13 14 15 17 18 20 21 22 23 25 29 30 35 36 37 38 40 43 46 48 50 51 57 61 63 65 66 71 72 73 74 75 77 80 81 82 83 87 
47 0 6 7 11 12 13 15 16 17 20 23 25 26 32 34 35 36 38 39 40 41 42 43 45 48 52 54 55 56 57 58 59 60 62 64 68 69 71 73 75 76 78 80 86 87 88 89 
47 0 2 3 4 7 10 12 15 16 17 19 20 21 22 27 29 30 31 33 34 36 41 42 44 45 46 48 49 52 54 55 57 58 60 64 65 67 68 72 73 75 76 79 80 82 83 86 
53 0 1 2 3 4 5 6 8 9 10 11 12 13 14 17 22 24 25 26 29 30 32 33 35 37 38 39 40 41 43 46 48 49 50 51 54 55 57 62 64 65 66 67 69 70 74 75 78 81 84 87 88 89 
50 1 2 4 6 7 11 13 14 15 22 24 25 27 28 29 30 31 32 34 35 36 37 39 40 41 42 43 46 48 49 51 55 56 57 58 61 64 68 69 73 75 77 79 80 82 83 84 86 88 89 
43 4 6 7 8 11 12 13 14 15 18 19 20 22 23 25 28 29 30 31 32 35 39 41 42 47 49 55 56 58 61 64 65 66 67 68 69 70 75 79 83 84 88 89 
48 0 1 3 4 5 6 8 15 16 17 18 20 22 23 24 27 29 30 31 32 34 35 36 38 39 40 41 46 49 52 54 59 61 62 64 66 67 68 70 71 73 74 75 78 82 83 87 88 
40 6 7 11 15 19 20 24 25 26 28 29 32 33 35 36 37 39 42 44 45 46 47 49 50 54 55 56 57 59 61 62 63 65 66 72 73 74 75 76 88 
46 0 1 2 4 7 10 12 13 17 18 19 20 22 26 27 28 31 33 34 35 38 41 42 45 46 48 51 52 53 57 58 59 60 66 69 70 71 74 77 78 81 83 84 86 87 89 
55 0 1 2 4 5 7 8 9 10 13 14 18 19 20 21 23 26 28 29 30 31 32 33 34 35 37 38 42 43 45 46 48 50 54 55 57 58 60 61 62 65 68 69 70 71 74 76 79 80 81 85 86 87 88 89 
47 0 3 4 7 8 9 10 11 12 13 14 15 16 17 21 27 30 31 33 34 38 41 42 43 45 46 48 49 50 51 52 53 55 57 58 60 65 68 70 71 72 74 78 79 80 82 89 
48 0 3 7 8 13 14 17 19 20 22 24 26 27 29 30 31 32 33 34 38 39 41 42 43 44 45 46 50 52 53 54 56 60 61 62 64 67 68 71 74 76 80 81 84 85 86 87 89 
47 0 1 2 3 7 9 10 11 12 14 17 18 19 24 28 30 31 33 36 40 42 43 45 46 47 48 51 52 53 56 57 58 59 64 65 66 67 68 69 71 79 82 84 85 86 87 88 
48 0 1 2 5 6 10 11 14 17 18 20 21 22 25 27 28 29 30 32 35 36 37 38 41 44 46 48 50 51 54 59 62 63 64 65 67 68 70 71 74 75 77 80 81 82 83 85 88 
45 0 1 2 3 4 6 7 8 11 14 18 23 25 26 27 29 32 33 34 36 37 39 40 44 47 49 55 57 61 63 65 66 69 70 73 75 76 77 79 80 81 82 84 86 88 
35 2 10 11 12 14 16 18 22 24 25 27 28 30 33 40 43 45 46 48 49 50 55 63 65 66 71 74 75 77 81 83 86 87 88 89 
44 0 4 6 9 10 11 12 18 20 23 24 27 29 31 32 33 34 36 37 38 41 43 44 45 47 51 56 57 58 59 62 64 65 66 67 73 75 78 81 82 83 86 88 89 
53 0 2 3 5 7 8 11 12 15 17 18 19 20 22 23 24 25 27 28 31 39 40 41 42 46 48 49 51 52 53 54 55 56 57 59 60 61 63 65 68 69 70 71 73 74 76 77 78 79 81 84 85 89 
49 0 3 6 7 8 9 11 13 15 20 21 22 23 26 28 30 33 35 37 39 41 42 43 44 45 47 48 49 50 51 52 53 55 58 59 63 65 67 68 70 71 72 74 77 79 80 85 88 89 
47 4 6 7 9 10 11 13 14 17 19 20 21 22 25 33 34 35 37 38 41 42 43 45 46 47 48 49 50 51 52 53 55 56 59 60 61 65 66 70 72 77 81 82 83 86 87 88 
42 0 2 3 9 10 11 13 17 20 23 25 28 29 33 36 38 43 45 46 49 50 53 55 56 58 60 61 63 64 65 68 69 70 74 76 77 78 80 85 86 87 88 
39 0 1 5 6 7 9 10 13 17 18 19 23 30 31 32 33 36 38 39 41 44 47 50 52 53 55 60 61 64 66 68 69 71 75 76 77 79 80 88 
44 4 5 6 9 10 13 14 15 19 20 24 27 31 33 34 36 37 39 43 44 45 46 48 51 54 55 56 58 59 63 64 66 68 70 73 76 77 78 79 80 81 87 88 89 
42 0 1 2 3 4 7 8 12 15 16 20 25 26 33 35 38 41 42 43 46 49 53 55 57 58 59 62 65 67 68 69 70 72 77 80 81 82 85 86 87 88 89 
46 1 2 3 4 5 6 7 8 9 10 12 13 16 17 22 23 27 28 31 32 33 34 35 36 37 38 41 42 45 52 55 59 60 62 63 65 70 72 74 77 79 81 83 84 88 89 
47 0 3 4 6 8 10 12 13 14 17 19 20 23 26 27 29 32 35 36 37 42 43 44 45 46 48 49 50 53 54 55 57 61 64 67 69 70 72 73 75 78 79 80 81 82 85 86 
49 0 1 2 3 4 5 9 10 12 13 14 16 19 21 25 26 31 34 35 36 40 43 46 47 48 49 50 51 52 53 54 55 57 59 61 64 67 70 71 72 75 77 79 82 83 84 85 86 89 
56 0 1 4 6 7 8 9 11 12 13 14 15 18 19 22 23 25 26 27 29 30 31 32 33 37 38 40 42 44 45 49 53 56 57 59 60 61 62 64 65 67 68 70 72 73 74 76 77 78 79 80 81 82 83 84 88 
49 0 1 2 4 5 9 10 15 16 17 22 24 26 27 28 29 33 34 36 37 38 40 42 43 44 45 46 49 50 51 53 56 57 60 62 63 67 69 70 71 75 77 79 80 82 84 85 87 88 
42 3 5 12 14 17 19 21 22 23 24 26 32 33 35 39 41 45 48 51 54 59 60 61 62 63 65 66 67 68 69 70 72 73 75 77 79 82 84 86 87 88 89 
41 0 1 5 7 10 11 15 17 20 21 22 23 24 29 31 32 35 38 43 44 45 47 48 49 53 54 55 63 64 67 68 71 76 78 79 82 84 85 87 88 89 
43 1 4 5 6 8 12 13 16 18 19 20 21 22 23 25 26 29 31 37 44 45 47 53 54 57 58 59 61 62 63 65 66 68 69 71 72 74 75 76 81 85 87 88 
48 0 1 3 7 9 10 12 13 14 15 17 18 19 20 21 23 25 26 27 28 30 32 33 34 36 41 42 45 46 47 54 56 57 60 62 63 65 72 73 77 78 79 81 82 84 85 86 87 
46 0 3 10 12 16 17 22 24 25 26 33 34 35 36 39 40 41 43 44 45 46 47 49 50 51 52 53 57 58 59 63 64 65 67 72 73 74 75 79 81 82 83 84 85 87 88 
43 0 1 2 3 6 7 8 9 10 12 13 14 18 21 23 24 25 26 28 32 34 38 42 44 46 48 50 53 54 56 59 61 62 64 65 71 73 74 77 81 84 87 89 
44 1 5 7 8 9 10 13 18 19 20 21 22 23 25 26 27 31 32 35 37 39 43 46 48 49 52 53 55 57 59 62 63 64 66 67 68 70 74 75 78 81 83 84 89 
48 1 8 10 11 14 15 16 18 19 21 22 24 26 27 28 30 31 32 34 37 38 39 40 41 42 44 46 47 49 51 52 54 57 59 61 62 64 66 70 73 76 77 78 80 82 85 87 88 
39 0 6 7 12 14 15 17 18 23 24 25 26 27 28 29 31 32 33 35 37 38 42 43 45 46 47 50 52 59 60 61 70 73 75 77 82 83 88 89 
40 2 3 4 5 9 12 14 16 17 18 21 24 26 28 32 33 36 38 39 40 41 43 46 49 50 53 54 58 60 61 66 67 68 70 71 73 74 78 83 86 
37 1 3 7 9 10 12 13 18 21 23 26 28 31 33 34 37 38 40 46 48 51 52 53 55 58 62 65 69 70 76 77 78 82 83 86 87 89 
51 0 3 4 7 8 9 10 12 15 16 17 18 20 21 22 23 24 25 26 28 29 34 35 36 37 38 42 44 45 46 48 49 50 57 59 60 61 62 64 65 67 68 69 73 75 78 79 80 84 87 89 
50 8 9 11 12 15 16 17 18 19 20 21 23 24 25 27 28 30 32 33 35 42 43 46 49 51 54 55 56 57 58 59 61 62 63 66 67 69 70 71 73 78 80 81 83 84 85 86 87 88 89 
52 3 4 5 6 7 10 11 12 13 14 17 19 21 24 28 29 30 32 33 35 38 39 42 44 46 47 49 52 53 54 55 56 58 59 60 61 62 63 64 65 66 68 70 74 75 76 78 79 81 84 86 89 
47 0 1 3 4 10 11 13 15 16 17 20 23 24 25 26 29 32 33 34 35 36 37 39 41 42 43 49 50 51 53 55 56 64 65 66 68 69 71 75 77 78 80 83 85 86 88 89 
40 2 5 7 9 12 13 14 21 22 24 25 29 32 34 36 37 38 39 40 43 46 50 51 55 56 63 65 67 68 69 70 74 77 78 79 80 83 86 88 89 
