60:30
17 0 2 3 5 6 7 8 10 12 14 17 18 19 22 24 26 29 
15 2 4 6 8 10 13 14 16 17 19 21 25 27 28 29 
17 0 2 6 7 8 11 12 13 20 21 22 23 24 25 26 28 29 
10 0 2 3 4 7 10 12 16 18 19 
15 0 3 4 6 8 11 15 17 18 19 20 21 24 25 29 
17 1 2 6 9 11 12 13 14 15 18 19 21 22 24 25 27 28 
11 1 5 9 10 13 17 20 22 23 24 25 
10 1 2 3 12 13 14 16 20 24 26 
13 8 10 12 13 14 16 17 18 20 24 25 27 28 
17 2 3 6 9 10 14 16 17 18 20 21 22 23 26 27 28 29 
17 0 1 2 3 4 5 6 11 12 13 15 16 17 19 20 25 26 
17 0 3 5 6 9 11 12 15 16 17 20 21 23 26 27 28 29 
12 2 3 4 5 9 12 13 14 15 18 23 29 
16 0 2 3 4 5 6 9 13 14 15 16 19 20 23 25 28 
17 0 2 3 6 7 8 9 11 12 15 20 21 22 24 25 26 27 
17 1 2 3 4 5 9 10 11 13 15 16 19 20 21 25 27 28 
17 0 1 4 5 6 7 8 11 12 13 14 15 16 19 21 23 26 
16 0 3 5 8 9 12 14 16 18 20 21 22 25 26 27 29 
17 1 2 7 8 9 10 12 15 18 19 21 22 23 25 26 27 28 
17 0 1 3 6 8 9 12 14 15 16 18 19 20 21 24 27 29 
15 0 1 4 8 10 11 12 14 17 19 22 23 24 25 27 
18 0 3 5 7 10 12 14 15 16 17 18 19 20 21 22 24 26 27 
18 1 4 5 7 9 10 11 12 13 16 17 20 21 25 26 27 28 29 
13 1 5 6 7 8 11 12 13 17 21 24 26 29 
18 1 4 5 7 9 10 13 15 16 17 18 19 21 22 24 26 27 28 
16 1 2 3 5 7 9 10 14 16 17 18 20 21 26 27 28 
15 3 4 5 9 11 12 14 15 16 17 19 22 25 27 28 
19 1 3 4 8 10 11 12 13 15 17 19 21 22 23 24 25 26 28 29 
17 2 3 4 7 8 12 14 15 16 18 20 21 22 24 25 27 28 
10 3 8 9 17 19 21 22 25 26 29 
11 0 2 7 10 11 13 16 20 22 23 24 
12 0 2 3 6 7 8 10 19 22 24 28 29 
14 1 2 4 7 8 10 12 17 22 25 26 27 28 29 
11 5 7 8 9 17 21 22 23 26 27 28 
18 0 2 3 5 6 8 10 12 13 17 18 19 20 23 24 26 27 29 
16 0 1 2 4 5 10 11 13 14 15 17 23 24 26 27 28 
14 0 2 4 8 11 13 15 19 21 22 23 25 26 28 
16 2 4 5 8 11 12 13 14 15 17 19 20 21 22 23 29 
16 1 4 5 6 8 9 12 14 16 20 21 22 25 26 27 29 
12 0 2 3 4 5 6 7 9 19 24 25 28 
16 2 3 6 9 11 14 15 18 19 20 22 23 25 26 28 29 
14 0 7 8 9 11 13 14 15 18 19 20 23 28 29 
19 0 3 4 7 8 9 10 12 13 14 16 17 18 19 20 22 23 24 28 
18 1 2 4 7 9 10 11 12 15 16 20 22 23 24 25 26 28 29 
18 1 3 4 5 8 10 11 12 13 17 19 21 22 23 24 25 26 28 
8 3 6 14 16 18 24 25 26 
11 0 2 3 4 5 7 8 18 26 27 29 
11 3 8 11 13 14 15 17 18 21 27 29 
16 0 1 3 4 6 9 11 14 15 17 18 19 22 26 27 29 
20 0 1 2 3 4 6 7 13 14 15 16 18 19 20 21 22 23 26 27 28 
14 0 1 2 5 6 8 9 14 16 17 19 23 24 27 
14 1 2 3 5 6 7 8 12 13 16 18 20 26 29 
15 2 5 6 7 9 11 12 13 14 18 21 23 24 26 28 
12 3 9 11 12 17 18 20 22 24 26 27 28 
16 0 2 3 4 12 13 14 16 17 19 20 21 22 26 27 29 
18 1 2 4 5 7 8 12 14 16 17 19 20 22 24 25 26 28 29 
14 3 5 7 8 10 13 17 19 21 22 24 25 26 29 
16 0 2 4 8 11 14 15 16 17 19 21 22 26 27 28 29 
16 0 1 5 6 8 11 12 13 19 21 22 23 24 25 27 29 
16 0 1 2 3 5 7 11 13 15 18 20 21 22 25 26 27 
