60:30
4 2 13 17 23 
9 8 10 12 15 16 18 23 27 28 
6 2 8 10 11 22 23 
13 0 1 2 6 7 9 12 15 16 20 23 24 25 
11 0 2 3 8 9 14 17 18 20 21 29 
11 0 2 3 6 7 9 14 18 21 25 26 
7 0 3 15 18 20 25 28 
7 1 12 14 18 21 24 27 
3 6 15 20 
7 2 9 13 16 18 19 20 
10 0 2 3 4 6 9 14 16 19 23 
8 0 3 7 8 10 18 23 25 
13 0 2 5 6 8 9 10 11 12 18 20 22 24 
7 0 10 18 19 21 25 26 
10 2 4 5 6 8 9 11 12 13 29 
10 0 2 3 4 6 8 9 16 17 18 
6 11 13 16 18 19 29 
11 6 8 13 14 17 19 22 23 24 27 28 
3 10 12 13 
11 0 1 3 4 11 13 14 15 20 27 28 
2 3 10 
12 3 5 6 10 14 18 21 23 25 26 27 28 
3 9 10 13 
7 1 3 13 17 18 22 29 
7 2 4 8 10 12 15 18 
7 0 3 9 15 19 20 22 
9 5 6 11 13 14 15 16 20 23 
5 3 4 13 16 24 
9 5 9 12 16 17 19 22 25 29 
6 9 11 18 21 25 27 
3 2 25 28 
9 2 3 7 8 13 14 18 24 28 
14 0 1 4 5 6 9 16 18 19 23 24 25 26 29 
9 2 4 6 8 12 13 20 25 26 
11 0 3 8 10 12 13 15 16 23 25 28 
6 1 5 12 14 20 27 
6 0 1 8 23 25 29 
9 0 2 3 4 7 13 25 26 27 
6 0 5 7 14 15 22 
7 0 3 6 7 13 19 29 
9 0 2 7 18 20 21 25 26 29 
11 2 5 6 7 10 11 15 21 23 24 26 
5 15 21 24 27 28 
7 0 6 10 12 15 20 21 
4 5 9 22 28 
7 0 8 12 13 22 23 28 
7 5 10 13 22 23 25 28 
9 4 8 9 11 17 22 26 27 29 
6 0 5 8 11 17 22 
11 2 4 8 9 12 13 14 21 25 26 27 
5 8 16 17 18 22 
4 2 11 18 24 
2 15 29 
6 2 15 16 25 26 27 
5 4 25 26 28 29 
9 7 11 12 13 21 22 24 26 29 
6 1 10 13 15 18 23 
10 3 4 5 10 13 18 21 23 25 27 
12 1 2 3 5 7 13 15 17 19 22 24 29 
7 6 11 19 22 24 25 28 
