60:30
13 2 5 7 9 10 11 12 13 17 21 24 25 29 
14 1 3 4 8 9 11 13 16 17 18 20 22 25 28 
14 2 4 5 6 9 10 13 15 18 24 25 26 27 29 
21 0 1 2 3 5 7 8 10 11 12 13 15 16 17 18 20 22 23 26 28 29 
19 0 1 2 3 5 7 8 12 13 15 16 17 18 19 22 23 26 27 29 
10 0 2 3 8 9 10 19 20 22 29 
16 1 2 3 4 6 7 9 10 11 16 18 19 23 24 27 28 
16 0 1 5 6 8 9 12 16 17 20 21 22 24 26 27 28 
12 0 2 4 5 6 12 14 19 20 25 27 28 
18 0 1 2 3 4 5 6 7 9 11 13 14 15 22 23 25 27 28 
13 0 1 2 3 8 10 12 14 15 20 24 25 29 
11 2 3 10 13 16 19 20 22 26 27 28 
13 1 2 4 5 11 12 13 14 17 18 22 24 25 
14 0 1 2 5 6 8 10 15 16 20 21 22 24 29 
15 2 5 8 11 13 16 17 18 19 20 22 23 26 27 29 
14 1 3 8 12 14 16 18 19 21 22 23 27 28 29 
16 0 3 7 9 10 11 13 15 16 17 19 20 25 26 28 29 
17 0 6 7 8 10 11 12 13 15 16 18 19 20 24 27 28 29 
19 1 3 4 6 7 8 10 11 12 13 16 17 20 22 23 24 25 26 27 
14 1 5 6 7 8 9 11 17 19 21 23 25 28 29 
13 0 3 6 10 11 12 14 18 19 23 24 25 26 
12 1 5 6 8 11 12 14 15 18 20 24 28 
17 0 1 3 4 5 6 7 8 11 13 20 22 23 24 26 27 28 
16 2 4 5 6 7 8 9 11 12 14 15 18 19 25 26 28 
12 1 8 10 11 12 16 17 19 21 24 28 29 
20 2 3 5 7 8 10 11 12 14 16 17 18 19 20 22 23 24 27 28 29 
10 2 3 6 9 11 21 23 24 28 29 
13 6 7 9 10 11 12 14 18 19 20 21 22 25 
11 4 9 11 14 16 18 21 23 24 28 29 
14 0 3 5 7 11 13 15 17 18 21 22 24 25 26 
25 0 1 2 3 5 6 7 8 9 10 11 13 14 15 16 17 19 21 22 23 24 26 27 28 29 
18 1 3 5 8 10 11 12 14 15 16 18 20 21 22 23 24 25 29 
15 1 3 5 6 7 8 10 11 12 13 17 22 25 26 28 
13 4 8 12 15 17 18 19 20 21 23 24 27 28 
13 1 5 6 11 12 14 16 18 19 23 24 26 29 
19 1 4 7 8 10 11 12 13 15 16 17 18 19 22 23 24 25 27 28 
15 1 2 5 6 10 14 16 17 19 20 21 22 24 27 29 
13 0 2 3 4 5 10 11 16 19 20 21 22 23 
14 1 2 3 6 7 8 9 10 11 14 16 22 23 28 
18 0 1 5 7 8 12 13 14 17 18 19 20 21 23 24 26 27 28 
13 2 3 6 7 8 10 12 16 18 21 25 26 28 
14 4 5 6 9 10 11 12 16 18 19 20 21 23 27 
15 0 1 3 5 7 9 12 15 17 19 21 22 25 26 27 
16 0 3 4 6 9 10 11 12 13 14 18 19 23 24 25 26 
14 0 1 3 4 6 8 12 14 18 21 22 24 27 28 
13 0 3 5 8 9 13 17 18 19 21 23 28 29 
10 3 7 15 16 20 22 24 25 26 28 
18 0 2 4 6 8 12 13 14 15 19 21 22 23 25 26 27 28 29 
13 1 2 5 7 8 10 13 14 20 23 25 27 28 
15 6 7 9 10 12 14 15 18 20 22 24 25 26 28 29 
15 0 2 3 5 10 12 16 17 18 19 22 23 25 26 27 
16 0 1 5 8 10 12 14 15 16 17 18 20 21 23 27 29 
15 1 3 5 8 10 11 12 14 19 21 23 25 26 27 28 
15 4 8 9 12 13 14 17 18 19 20 23 24 25 26 27 
11 0 1 9 13 15 17 21 24 27 28 29 
17 0 1 4 5 6 8 9 10 11 14 15 16 23 24 25 26 29 
12 0 4 6 7 10 13 16 19 24 25 27 29 
19 1 3 4 6 7 8 9 10 15 16 17 18 19 20 21 23 26 28 29 
14 1 2 4 8 9 11 16 17 18 19 21 23 25 26 
12 0 5 6 9 12 14 15 16 17 21 22 23 
