60:30
7 8 12 14 19 22 23 27 
10 0 4 11 16 17 22 24 25 27 28 
9 1 2 13 17 22 23 24 26 29 
5 4 5 17 22 25 
14 2 5 6 8 9 10 15 18 20 22 23 24 26 27 
5 13 16 22 26 29 
5 12 21 22 27 29 
6 2 3 7 8 16 24 
6 0 9 10 17 21 27 
8 4 5 7 8 10 11 17 20 
5 2 3 17 23 29 
9 0 1 8 10 12 16 23 26 27 
7 3 4 5 15 16 19 29 
11 1 4 5 9 11 12 13 16 20 22 29 
11 1 2 5 8 10 13 16 18 21 24 29 
3 22 26 27 
5 0 1 5 6 19 
4 4 8 14 18 
1 22 
4 10 20 22 27 
8 0 2 9 10 12 19 25 26 
10 3 5 10 12 13 17 19 23 24 26 
13 2 3 6 8 10 12 13 17 19 20 25 26 29 
9 0 3 16 19 20 24 26 27 28 
11 0 3 8 15 17 18 19 20 21 27 28 
5 5 9 13 14 20 
12 1 2 12 13 15 17 18 19 21 25 26 28 
10 5 10 11 12 13 21 26 27 28 29 
5 8 9 20 26 29 
3 3 5 12 
9 7 10 11 12 16 20 26 28 29 
6 7 8 11 22 23 25 
8 4 7 15 20 21 23 24 25 
8 4 19 22 23 25 26 27 29 
7 0 1 4 8 12 14 15 
7 4 10 13 16 18 19 27 
5 5 10 17 20 24 
11 0 1 2 3 4 5 6 10 19 24 25 
8 1 4 7 8 12 16 17 28 
9 3 4 6 10 13 14 20 26 29 
8 0 9 10 16 18 20 21 23 
7 3 4 10 12 20 25 27 
6 3 4 12 17 21 28 
9 0 6 11 13 17 18 20 24 28 
6 2 6 8 11 17 24 
8 2 5 7 12 16 21 28 29 
6 1 8 16 21 23 29 
7 1 5 7 18 23 24 27 
7 7 14 16 22 24 25 26 
10 0 2 4 6 9 13 14 17 28 29 
11 0 1 3 9 10 11 17 19 21 23 25 
5 1 10 12 14 21 
8 4 5 6 8 10 11 20 23 
6 0 1 6 9 10 22 
6 2 9 13 22 27 28 
9 1 2 8 14 17 18 21 24 26 
14 5 9 12 13 14 15 16 19 20 22 24 25 28 29 
6 6 13 18 20 21 24 
7 2 6 9 10 16 24 26 
11 0 1 3 6 11 18 19 20 24 27 29 
