60:30
5 4 11 24 25 28 
7 0 4 6 7 11 16 18 
5 4 18 20 22 25 
3 12 17 21 
7 7 11 15 17 18 23 26 
9 1 3 11 13 14 16 22 25 27 
5 7 18 20 21 29 
10 3 5 7 8 9 17 18 21 23 29 
9 0 2 9 15 18 20 21 23 25 
4 0 13 16 24 
6 3 4 16 18 21 23 
9 1 2 4 5 8 10 12 20 22 
5 0 3 15 16 17 
7 3 7 8 9 14 19 20 
6 0 6 8 12 25 27 
5 3 6 9 13 24 
8 2 8 11 14 15 16 18 23 
7 0 3 4 8 23 24 29 
6 10 14 19 21 25 27 
10 0 1 9 10 11 14 15 21 25 28 
7 4 8 11 17 21 24 27 
9 2 4 9 12 13 18 20 22 24 
8 1 6 9 17 18 20 23 24 
9 1 4 5 7 9 10 16 26 27 
7 1 4 11 12 17 19 29 
7 2 3 7 16 23 28 29 
8 6 8 9 10 14 18 20 25 
6 6 9 11 14 20 25 
3 19 26 27 
5 1 8 10 11 18 
12 0 3 5 10 12 14 15 20 22 23 24 28 
6 0 5 9 10 19 24 
6 0 1 6 21 27 28 
7 1 4 5 16 20 22 26 
7 8 9 12 16 24 27 29 
6 3 5 14 15 17 19 
6 2 9 10 18 23 28 
9 1 7 8 9 12 13 17 18 19 
6 1 5 12 22 24 26 
8 3 5 7 12 14 21 27 28 
4 6 7 18 24 
7 2 9 13 21 23 24 28 
3 0 3 6 
11 1 2 4 6 7 8 10 16 22 23 24 
7 1 8 13 14 20 23 25 
9 2 3 9 18 21 22 23 25 27 
8 3 8 9 10 20 24 25 28 
12 0 1 4 6 7 9 10 13 22 25 26 27 
7 0 7 10 11 14 17 27 
5 10 17 20 21 26 
5 0 1 8 12 23 
11 7 8 9 11 16 17 21 24 25 26 27 
8 1 2 6 9 13 23 26 27 
8 2 9 10 17 21 22 25 28 
6 7 10 13 19 27 28 
3 13 22 23 
7 1 9 11 17 20 23 29 
7 10 18 19 21 23 24 26 
7 0 6 12 16 17 20 23 
8 0 2 3 11 19 23 25 29 
