60:90
48 2 3 4 5 8 9 14 17 18 19 20 25 26 28 30 31 33 35 37 38 39 41 43 46 47 48 50 52 53 54 55 57 60 61 63 64 65 66 69 71 75 76 80 81 82 85 86 87 
46 0 1 2 4 5 6 8 9 10 11 15 16 17 18 22 24 26 27 28 30 31 32 33 34 35 37 38 41 42 43 48 52 53 56 57 58 59 60 62 63 64 65 79 80 86 89 
51 0 2 3 5 9 10 13 16 17 18 23 24 25 26 28 29 30 33 36 38 39 42 44 47 48 49 50 54 55 56 57 59 60 62 63 64 66 67 68 69 71 72 74 76 77 79 80 81 82 85 86 
46 0 3 4 6 7 8 11 12 15 17 18 19 22 25 29 31 32 35 38 40 41 42 44 46 49 53 54 55 56 58 59 60 63 64 65 71 72 74 75 77 82 83 85 87 88 89 
45 1 3 5 7 8 10 11 12 13 14 15 16 18 22 24 25 26 27 29 30 33 34 35 38 40 41 42 44 45 47 50 54 56 57 58 63 66 68 74 75 77 78 82 84 87 
46 0 2 5 6 7 11 13 14 15 16 17 18 23 27 28 30 31 32 33 34 35 38 40 42 44 45 48 49 51 52 53 54 56 60 62 64 65 70 71 73 74 75 77 80 83 87 
39 1 11 17 20 21 22 23 24 25 26 28 32 33 35 36 40 42 43 44 46 48 49 52 55 58 59 62 72 74 75 77 78 79 80 83 85 86 88 89 
48 2 4 7 9 12 15 16 17 22 23 24 25 30 31 32 33 34 35 36 38 41 43 45 46 47 48 49 52 53 54 55 56 59 60 61 62 63 64 65 68 71 73 74 76 78 82 84 88 
47 1 2 3 5 7 8 10 18 20 21 26 27 30 31 33 35 37 38 42 44 45 47 48 49 50 51 52 54 58 60 63 65 69 73 74 75 76 77 78 79 80 81 83 84 85 86 87 
36 1 2 4 5 6 12 13 16 20 22 24 30 31 33 34 37 42 43 47 50 53 54 57 62 64 65 68 69 70 71 76 78 80 81 85 88 
49 0 1 2 3 4 5 8 9 10 12 13 14 16 19 23 26 28 30 32 34 35 36 38 39 41 43 44 45 46 47 51 53 54 56 59 60 62 63 64 67 68 71 75 77 79 80 81 85 89 
39 0 2 4 6 8 10 12 13 14 16 17 18 21 22 23 24 26 31 33 37 38 45 47 48 51 53 56 57 62 67 70 73 74 75 76 78 81 83 86 
39 2 4 8 9 11 13 15 18 19 22 25 26 30 31 32 33 36 37 39 41 45 47 48 50 51 55 57 58 63 64 66 67 68 72 73 78 83 84 87 
38 2 4 6 7 10 11 12 15 17 20 21 22 23 24 32 33 40 41 46 47 50 51 53 54 55 56 57 58 59 63 65 68 70 73 78 81 84 85 
45 1 5 6 8 9 10 11 12 13 14 15 16 17 19 22 24 28 29 33 34 38 39 40 42 43 46 49 50 53 54 55 60 63 64 65 67 69 70 73 74 76 82 85 87 88 
42 0 2 3 6 9 14 16 17 21 22 23 24 25 27 33 35 37 40 43 44 46 47 48 50 52 54 55 58 59 61 62 63 64 65 67 68 70 72 78 80 81 83 
46 1 2 3 4 6 10 11 12 15 16 17 19 21 23 26 28 31 35 36 38 39 40 42 44 48 50 51 53 54 58 59 60 65 66 69 71 73 75 76 79 80 81 82 84 87 89 
50 0 2 3 6 8 9 11 14 17 18 21 23 24 25 26 28 32 36 37 42 43 44 45 47 49 50 52 55 56 57 58 59 62 63 65 66 67 68 70 71 73 77 78 81 82 84 85 86 87 89 
43 2 3 5 6 7 8 10 15 20 21 24 25 26 27 28 30 31 32 34 35 37 39 43 47 48 49 50 57 59 62 63 64 65 67 69 70 72 76 78 81 83 84 87 
48 0 2 4 6 10 11 12 13 15 16 17 24 25 26 27 28 29 31 33 34 36 37 39 40 42 44 46 49 50 52 53 55 56 58 59 61 64 66 67 68 74 75 76 79 82 84 86 87 
37 1 3 4 5 6 7 9 10 11 12 16 17 18 28 29 37 41 44 46 47 48 49 52 56 57 60 62 64 65 66 68 69 72 74 77 84 85 
46 0 1 2 3 4 5 6 8 9 13 14 15 16 17 18 22 25 26 27 34 35 36 37 39 42 43 44 46 47 53 54 55 57 61 64 67 68 72 74 77 79 80 83 84 86 88 
46 0 2 3 5 8 10 11 16 18 19 21 24 30 31 34 37 38 39 40 42 45 46 49 50 53 54 55 57 60 61 63 65 68 74 75 76 78 80 81 82 83 84 86 87 88 89 
40 0 1 4 6 8 11 12 13 14 17 18 23 25 29 30 32 33 34 39 40 42 46 47 50 51 52 53 56 62 63 72 73 74 75 79 80 83 87 88 89 
46 2 3 5 6 10 12 18 19 20 21 22 23 25 27 28 34 35 37 41 42 43 45 46 48 49 51 53 55 56 59 60 61 62 63 65 66 69 71 75 76 80 82 84 86 87 88 
49 6 7 9 11 13 14 15 16 19 20 21 22 23 25 26 27 28 31 32 35 36 37 38 39 40 44 46 47 49 52 54 55 57 58 59 62 63 64 65 66 70 71 74 77 78 79 80 82 85 
43 0 2 6 7 10 11 15 18 24 26 28 31 33 34 35 36 37 39 42 45 49 51 52 53 54 55 56 57 58 59 60 61 64 66 67 70 77 79 81 82 85 86 89 
44 0 2 8 11 12 17 18 19 21 22 26 28 29 30 34 36 37 38 39 41 43 46 47 48 50 55 56 58 61 62 66 67 73 74 76 77 79 80 81 85 86 87 88 89 
52 1 2 3 4 5 8 10 11 13 14 17 18 19 21 23 24 25 27 28 30 31 32 35 39 40 41 42 43 44 47 48 49 52 53 54 55 59 62 63 66 69 71 72 73 74 76 77 80 82 83 87 89 
42 0 2 7 8 9 10 11 12 17 22 23 24 25 27 29 30 31 33 36 41 43 49 50 51 52 54 55 56 57 60 63 64 65 68 70 73 74 80 81 83 85 89 
46 2 3 4 7 8 10 11 14 17 19 22 24 25 26 28 30 33 34 38 39 41 42 43 44 49 52 53 54 55 56 57 58 60 61 62 65 68 73 75 80 82 83 84 86 88 89 
39 0 1 3 7 8 11 15 16 17 20 24 26 27 28 34 35 36 39 43 45 49 50 52 53 57 59 63 64 67 69 73 75 77 79 81 82 83 84 87 
40 6 8 9 14 16 18 19 20 22 23 24 26 27 28 29 30 34 38 41 42 46 47 48 49 50 51 52 58 61 63 70 72 74 76 80 81 82 86 87 89 
41 0 1 6 7 8 10 11 13 16 17 19 22 23 24 25 28 29 31 33 35 37 39 40 42 44 45 47 49 55 59 60 61 69 71 72 73 79 84 85 87 89 
40 1 3 8 9 11 13 15 17 20 22 24 26 29 30 31 32 36 37 38 41 43 47 52 53 55 57 58 60 61 62 64 66 67 68 70 72 79 80 83 84 
42 0 2 4 5 6 8 9 11 12 13 14 15 20 23 28 29 30 32 37 39 40 45 47 48 49 50 51 54 56 57 58 60 64 70 71 72 77 78 79 80 82 84 
49 1 2 4 5 6 8 9 10 11 12 14 17 19 20 26 27 29 30 32 33 35 37 38 39 40 42 43 44 45 48 53 54 56 57 59 61 62 66 67 69 70 74 76 77 79 83 84 85 87 
48 1 6 9 10 11 12 14 15 17 18 22 24 25 29 32 34 35 36 38 39 40 41 42 43 44 46 47 49 51 52 53 55 58 59 61 63 65 66 68 72 73 76 77 80 82 85 86 87 
40 5 6 7 8 10 11 12 13 21 22 24 25 26 27 28 29 31 36 38 39 41 45 47 48 49 50 53 56 58 61 70 71 72 77 78 79 81 85 88 89 
45 0 1 2 3 5 7 9 10 11 13 15 16 19 23 25 27 28 29 30 32 33 35 39 40 42 44 45 46 47 49 52 53 54 60 61 62 63 67 69 73 76 79 80 83 87 
51 4 5 8 9 11 12 14 16 17 18 19 20 21 27 28 29 31 32 34 35 38 39 40 42 43 44 45 49 50 53 55 57 59 62 64 65 66 68 69 71 73 75 76 77 78 81 83 84 85 87 89 
44 0 3 4 7 12 13 17 22 26 29 30 31 33 35 36 37 40 41 43 45 47 50 52 54 55 56 57 58 59 60 61 62 64 65 66 70 74 75 76 81 82 83 84 87 
48 1 2 3 4 5 6 7 11 14 16 19 22 23 25 27 30 31 32 33 34 35 40 42 43 44 45 47 48 50 52 54 56 58 65 66 70 71 72 74 77 78 79 81 82 84 85 87 89 
42 6 8 13 14 15 16 17 18 19 20 23 32 36 40 43 45 46 48 49 52 54 56 58 59 60 61 64 65 66 68 69 70 71 73 76 78 80 81 83 85 86 87 
49 0 1 2 3 5 7 11 12 13 14 18 19 23 24 26 27 29 30 31 33 34 35 37 39 41 45 46 48 50 52 54 55 57 59 61 63 65 67 68 69 72 73 75 82 83 85 86 87 89 
45 1 2 3 5 6 7 8 9 10 11 12 14 21 22 24 26 28 30 32 37 38 39 42 45 48 49 50 56 59 62 63 66 67 68 69 70 73 74 75 78 79 80 81 82 87 
40 1 2 4 5 7 8 16 19 20 21 22 23 25 26 30 31 32 34 37 38 40 48 51 53 54 55 56 58 60 61 62 67 70 71 75 76 80 83 85 87 
48 0 1 4 5 6 9 10 13 15 16 17 18 19 27 31 32 33 37 38 40 42 45 46 47 48 52 54 56 57 58 59 60 63 64 65 66 67 68 69 72 73 76 78 79 80 82 84 85 
40 0 2 4 7 9 11 15 16 18 20 22 23 24 29 30 32 35 36 39 41 45 47 48 49 51 53 55 56 57 58 64 65 66 74 82 84 86 87 88 89 
45 0 1 4 5 6 7 10 12 13 14 15 16 18 21 23 24 26 27 30 33 35 36 40 44 46 47 50 56 58 59 60 61 62 63 64 66 67 70 71 77 79 83 86 87 89 
49 0 4 5 7 9 10 16 17 19 21 22 27 29 31 32 33 35 38 39 40 41 42 44 46 47 48 50 51 52 53 54 55 56 61 67 68 69 74 77 78 79 80 82 83 84 85 87 88 89 
39 2 5 9 10 11 14 19 23 24 32 33 34 36 37 39 40 42 45 46 47 48 50 53 54 60 62 67 69 70 73 74 75 81 83 84 86 87 88 89 
36 3 5 6 7 13 14 15 17 22 26 27 33 35 38 39 44 45 46 47 48 50 51 53 59 62 63 65 66 67 70 72 73 76 83 85 88 
44 0 2 3 4 6 7 8 9 12 13 17 19 21 22 24 25 27 29 31 33 34 36 38 39 41 43 44 46 48 50 53 55 59 62 63 66 68 70 71 78 80 83 85 89 
38 1 2 3 6 7 9 13 14 17 18 19 23 24 29 30 31 33 36 40 41 42 43 50 53 56 60 61 66 69 75 78 79 81 83 84 86 87 88 
45 1 2 4 6 16 17 18 19 22 24 25 27 30 31 32 33 34 36 37 38 39 40 41 44 47 50 54 55 56 58 62 63 64 65 69 70 73 78 79 80 82 83 84 85 86 
36 12 15 17 21 22 27 28 30 32 35 39 40 44 45 48 53 54 57 59 60 62 63 64 65 69 74 75 77 78 80 81 84 85 87 88 89 
45 1 2 5 6 7 8 11 15 19 20 22 23 25 26 27 29 30 31 33 34 35 37 39 41 45 49 51 53 54 55 59 62 64 65 67 69 70 71 76 78 79 81 85 86 87 
38 0 4 5 6 8 10 12 13 14 15 20 22 28 31 32 34 35 37 41 42 44 47 50 52 53 54 56 57 59 64 68 72 73 79 82 84 85 87 
47 0 2 3 4 5 7 8 10 13 18 19 20 21 22 23 25 28 29 35 36 38 40 41 43 45 48 49 51 52 53 54 55 56 58 60 65 67 68 69 72 73 75 82 85 86 88 89 
