60:60
11 4 5 10 18 20 24 30 34 41 45 57 
13 2 5 10 11 13 17 28 31 32 36 43 47 52 
14 0 6 11 15 18 20 21 22 38 39 40 50 55 58 
18 0 4 8 9 11 12 13 19 23 26 28 29 40 42 43 47 49 57 
16 3 14 15 20 23 27 32 37 38 41 43 44 46 52 53 58 
18 13 20 24 25 26 27 29 30 31 32 36 40 41 42 43 44 46 51 
15 4 7 10 18 23 24 25 31 35 39 42 43 50 52 56 
12 0 3 4 17 18 22 23 37 38 41 48 55 
22 2 4 7 8 9 11 12 13 15 16 20 21 22 25 26 30 31 32 33 36 50 58 
12 1 6 8 13 22 35 39 40 41 43 50 53 
19 0 2 4 7 8 10 11 14 16 22 23 26 28 31 34 37 55 58 59 
15 2 7 9 20 24 25 27 30 35 38 39 46 48 51 52 
14 0 4 8 15 16 19 21 25 32 35 43 45 51 58 
9 14 15 24 37 38 44 56 57 59 
18 0 5 8 11 15 20 24 25 28 31 32 34 36 39 45 53 54 56 
15 1 4 7 10 15 17 19 21 23 24 33 34 40 54 58 
13 0 5 20 22 27 28 34 38 39 40 56 58 59 
15 7 10 16 17 18 23 25 26 29 30 32 36 40 45 51 
16 5 6 7 11 14 15 19 28 29 33 34 36 39 40 42 45 
13 2 14 16 20 24 26 30 38 39 40 45 51 55 
15 0 4 8 11 29 30 32 35 39 40 45 46 50 53 59 
11 5 7 10 12 24 41 49 52 54 55 59 
21 3 4 6 8 9 10 12 17 18 22 25 28 34 35 36 37 40 45 46 52 54 
15 4 11 16 21 23 29 31 34 36 38 39 42 46 47 53 
20 2 5 6 8 13 14 15 17 20 22 29 31 35 39 40 48 50 51 56 57 
12 14 18 21 30 31 42 43 44 45 48 53 59 
10 5 17 27 28 37 40 41 46 51 52 
19 1 3 5 12 14 15 16 17 23 33 35 36 37 40 44 48 49 50 55 
17 0 1 4 15 17 26 27 28 34 35 39 41 43 46 51 52 53 
15 17 19 22 24 25 29 36 38 40 41 43 45 46 47 51 
15 2 5 10 21 23 35 37 39 41 47 49 50 53 55 59 
14 1 3 14 18 21 24 27 28 29 35 37 42 52 53 
20 4 5 7 8 13 17 19 20 23 28 29 30 35 40 41 44 53 54 56 59 
15 1 5 9 10 12 14 16 26 29 31 42 43 45 58 59 
6 8 9 16 24 46 59 
17 2 4 5 14 15 16 17 19 21 24 28 29 30 39 48 56 57 
15 0 4 11 16 18 22 23 26 35 41 43 48 49 53 55 
12 5 10 12 18 24 31 38 45 46 49 52 55 
8 4 9 24 26 43 48 55 58 
25 2 3 4 8 10 12 14 17 18 21 24 28 30 31 32 33 34 35 39 45 46 48 53 57 58 
15 1 3 4 9 14 17 18 19 22 24 39 43 48 53 57 
15 2 5 6 9 22 27 31 35 39 44 48 49 50 53 59 
12 1 11 15 19 25 31 42 45 47 51 53 59 
17 5 8 15 16 17 20 25 27 28 29 35 39 43 50 55 56 59 
13 8 12 13 17 29 31 37 38 45 47 53 55 59 
14 4 8 14 15 19 20 21 25 34 38 43 53 55 56 
11 6 16 18 23 24 26 27 36 38 40 42 
15 4 5 9 10 13 18 19 23 32 37 40 43 55 58 59 
17 2 3 13 17 18 27 30 33 35 44 45 46 48 49 50 52 57 
15 7 9 12 15 24 25 26 28 31 32 43 44 46 50 51 
18 1 6 8 11 13 16 20 21 26 30 36 40 46 49 52 54 56 58 
20 1 2 4 11 15 16 17 18 20 22 24 25 26 34 38 40 44 47 55 57 
14 1 5 13 14 23 24 26 27 37 39 43 56 57 58 
11 2 4 18 19 32 38 41 51 56 58 59 
12 0 7 28 31 37 39 41 46 47 56 57 59 
14 21 25 29 33 35 36 38 43 45 49 52 53 54 56 
23 1 6 9 12 13 16 17 18 20 29 30 33 34 36 37 38 40 42 43 47 51 53 58 
13 17 19 21 26 33 34 35 39 46 50 56 57 59 
11 4 19 23 26 39 41 50 51 54 57 58 
15 5 7 10 11 13 15 18 20 21 30 41 48 50 54 59 
