60:30
8 1 3 4 7 10 11 14 16 
10 1 5 7 8 10 14 16 20 25 28 
8 4 5 7 13 15 20 24 25 
8 1 7 9 17 19 23 24 29 
3 5 8 26 
8 0 14 19 23 24 25 27 28 
10 1 6 7 8 13 14 20 21 27 28 
5 2 4 8 14 20 
2 8 23 
9 0 7 12 13 18 19 20 25 26 
8 7 9 12 13 15 23 24 28 
6 7 18 22 26 27 29 
6 4 6 9 17 24 26 
8 7 8 10 12 20 24 26 27 
10 5 8 13 14 21 22 23 25 27 28 
9 5 7 10 12 15 20 21 23 26 
4 0 19 27 28 
9 10 11 12 21 22 23 25 27 29 
6 7 8 11 14 22 26 
9 2 3 7 8 14 16 21 24 28 
7 2 7 11 16 18 23 24 
7 8 10 17 19 21 24 28 
10 3 6 9 10 13 14 17 19 20 24 
11 3 9 11 15 17 18 20 22 24 25 26 
6 0 1 4 19 26 28 
4 4 5 13 29 
8 4 7 10 12 18 22 23 24 
4 7 15 19 21 
8 3 4 5 8 13 14 16 29 
4 0 1 10 16 
7 5 7 9 10 20 21 26 
7 1 7 10 18 21 23 25 
5 2 10 11 15 29 
1 11 
5 1 10 23 24 27 
8 3 4 15 25 26 27 28 29 
5 4 5 8 25 28 
5 4 11 18 20 26 
9 3 5 6 10 12 16 19 23 28 
6 2 8 11 12 15 19 
6 11 17 18 20 26 29 
9 0 6 10 11 12 17 19 28 29 
4 6 12 19 23 
9 0 2 4 7 10 12 13 14 27 
5 8 11 17 23 26 
8 1 4 15 18 21 23 24 25 
10 1 2 3 5 7 11 17 24 25 26 
7 7 10 15 16 24 27 29 
8 3 7 15 16 20 21 23 27 
10 0 2 7 10 12 21 24 25 26 27 
11 5 7 8 9 11 16 17 18 19 22 26 
10 9 11 12 16 19 21 22 23 24 27 
7 6 7 16 22 23 25 27 
5 1 3 6 7 14 
8 0 2 6 13 19 21 22 27 
12 0 2 3 5 6 9 10 16 19 24 28 29 
5 1 14 23 24 29 
10 2 4 6 8 12 15 19 21 24 27 
7 6 7 9 12 24 26 28 
6 2 5 8 10 13 22 
