60:60
46 0 1 3 4 5 6 7 8 10 12 13 14 15 16 18 19 20 22 23 25 26 27 29 30 31 33 34 35 37 38 39 42 44 45 46 47 48 50 51 52 53 54 55 57 58 59 
47 0 1 2 3 5 6 8 9 11 12 13 14 15 16 17 20 22 23 24 25 26 28 29 30 31 32 33 35 36 37 38 41 42 43 44 45 46 48 49 52 53 54 55 56 57 58 59 
47 0 1 3 4 5 6 7 8 9 10 13 14 15 16 18 19 20 21 22 23 24 25 26 28 30 32 34 36 37 38 39 41 42 44 46 47 49 50 51 52 53 54 55 56 57 58 59 
42 0 1 2 3 5 6 7 8 9 10 11 14 15 17 18 19 21 23 25 26 27 29 30 33 34 37 38 39 40 41 42 43 44 45 46 47 51 52 54 56 58 59 
36 0 1 2 3 4 5 6 7 8 9 10 11 12 16 17 18 21 22 27 30 31 32 33 35 37 39 41 43 44 47 50 52 54 57 58 59 
43 0 1 2 4 5 6 7 8 9 10 12 14 15 21 22 24 25 26 27 31 32 34 35 36 37 38 39 40 41 42 43 44 45 46 47 48 49 53 54 55 57 58 59 
42 0 3 8 9 10 12 13 15 16 17 18 20 21 22 23 24 25 26 27 28 29 31 32 35 36 37 38 39 41 42 43 45 47 48 49 50 52 55 56 57 58 59 
49 0 1 2 3 4 7 8 9 10 11 12 13 14 15 16 17 18 19 22 23 25 26 28 30 31 32 33 34 35 36 37 38 39 40 41 43 44 45 46 47 48 49 50 51 52 53 54 55 57 
43 0 1 2 4 5 6 8 9 10 11 12 13 14 18 20 21 22 23 24 25 26 27 28 29 30 31 33 35 36 37 39 40 41 42 44 48 49 51 52 54 56 57 58 
46 1 2 6 7 8 10 11 14 15 16 18 19 20 21 22 23 24 25 26 27 28 30 31 32 33 34 36 37 38 39 40 41 42 43 44 45 46 48 50 51 53 54 56 57 58 59 
47 1 3 4 5 7 10 11 12 15 16 17 18 19 20 21 22 23 24 25 26 27 28 29 30 31 33 34 35 36 37 38 39 40 41 43 44 45 46 47 48 49 52 53 54 55 56 57 
48 1 4 5 6 7 8 9 11 12 13 14 15 16 17 18 20 21 22 23 24 25 26 27 28 29 31 32 34 35 36 37 38 39 40 42 44 45 46 47 48 49 52 53 54 56 57 58 59 
45 0 1 2 3 5 6 7 8 9 10 11 12 13 14 15 16 17 18 19 21 22 23 25 30 31 33 34 36 38 40 41 43 44 46 47 48 49 51 53 54 55 56 57 58 59 
45 0 2 3 4 5 6 7 8 9 10 11 12 13 14 16 18 20 21 22 23 24 27 28 29 30 31 32 33 34 35 36 38 39 41 43 44 46 51 52 53 54 56 57 58 59 
44 0 3 4 5 6 7 8 9 10 11 12 14 15 18 19 21 23 24 25 26 27 28 29 30 31 32 33 35 38 39 40 42 43 47 49 50 52 53 54 55 56 57 58 59 
40 2 4 5 6 7 8 10 11 13 15 16 18 19 21 22 23 25 26 27 30 31 34 35 36 37 38 39 40 41 42 43 44 47 49 50 52 53 56 57 58 
46 0 1 2 3 4 5 6 7 8 9 10 11 12 13 14 15 16 17 18 19 21 22 28 30 31 32 34 35 37 38 39 40 41 42 43 44 46 47 48 49 51 54 55 56 57 58 
44 2 3 5 8 9 10 11 12 13 14 15 16 18 20 21 22 23 24 25 28 29 31 32 33 34 36 37 41 42 44 45 46 47 48 50 51 52 53 54 55 56 57 58 59 
44 0 1 2 3 4 6 8 9 11 13 14 16 17 18 19 21 22 23 25 26 27 28 29 30 31 32 34 35 38 39 40 41 42 44 46 48 49 50 51 52 53 54 55 56 
49 0 1 2 3 4 6 7 9 10 12 15 16 17 18 19 20 22 23 24 25 26 28 29 30 31 33 34 35 36 38 39 40 41 42 43 44 46 48 49 50 51 52 53 54 55 56 57 58 59 
45 0 1 2 4 5 7 8 10 11 12 13 14 15 16 17 18 19 20 23 24 26 27 28 29 31 33 34 35 36 37 38 39 40 42 43 44 45 47 49 50 53 54 55 58 59 
45 0 1 2 3 4 5 6 7 8 10 11 12 13 16 17 18 19 22 25 28 29 30 31 32 33 34 35 36 39 40 41 42 43 45 46 47 50 51 52 53 54 55 57 58 59 
38 0 1 2 3 5 6 7 9 10 11 14 16 17 21 22 23 24 26 27 28 30 31 32 34 35 37 38 41 42 44 46 47 49 50 51 52 54 56 
42 0 1 2 4 5 6 7 8 9 10 11 12 13 14 15 16 19 20 21 27 30 31 32 34 35 37 39 40 42 43 44 46 47 48 49 50 52 53 55 56 58 59 
47 0 1 2 4 5 6 7 8 9 11 12 13 15 16 17 18 22 23 24 25 27 28 30 31 32 33 34 35 36 37 39 40 41 42 43 44 45 47 49 50 51 52 54 55 56 57 59 
44 1 2 3 4 5 7 8 9 10 11 12 13 15 17 19 21 22 24 25 26 27 28 29 31 32 33 34 35 36 37 38 41 42 43 44 45 47 49 51 53 54 56 58 59 
49 0 1 2 3 4 5 6 8 9 11 12 13 14 15 16 17 19 20 22 24 25 27 28 29 30 31 32 33 35 37 38 39 40 41 42 43 44 46 48 49 51 52 53 54 55 56 57 58 59 
43 1 4 6 7 8 9 10 11 12 13 15 17 19 20 22 23 24 26 27 28 29 31 32 34 35 36 37 38 39 40 42 43 46 48 49 51 53 54 55 56 57 58 59 
51 0 1 2 3 4 5 8 9 10 12 13 15 16 18 19 20 21 22 23 24 25 26 27 28 30 31 32 33 35 36 38 39 40 41 42 43 44 45 46 47 48 49 50 51 53 54 55 56 57 58 59 
40 0 1 2 4 5 6 8 9 10 13 15 16 17 19 21 22 25 26 28 29 30 31 33 35 36 38 40 41 42 45 46 47 49 51 52 53 54 55 56 57 
49 0 1 3 4 5 7 8 9 11 12 13 14 15 16 17 18 20 21 22 24 25 26 29 30 31 32 33 34 35 36 37 38 39 40 41 42 44 46 47 48 50 51 52 53 54 55 56 57 59 
45 0 1 2 3 4 5 7 8 9 12 13 15 17 18 19 21 23 24 25 26 28 29 30 32 33 34 35 36 37 38 40 41 44 45 46 47 48 51 52 53 54 55 56 58 59 
45 0 1 3 4 5 6 8 9 12 13 16 17 18 22 23 24 25 26 27 28 29 30 31 33 35 36 37 38 39 41 42 43 45 46 47 48 49 50 51 52 53 54 56 58 59 
42 1 2 4 5 6 8 10 11 12 15 16 17 18 19 21 22 23 26 28 29 30 31 33 34 35 36 38 39 40 41 42 44 45 46 49 50 53 54 55 57 58 59 
48 0 2 4 5 6 7 8 9 10 11 12 13 14 15 17 19 21 22 23 24 25 26 27 28 31 33 34 35 36 37 38 39 40 41 42 43 44 45 46 49 50 51 53 54 55 57 58 59 
47 0 1 2 3 4 6 8 9 10 12 13 14 15 16 17 18 19 25 29 31 32 33 34 35 36 37 38 40 41 42 43 44 45 46 47 48 49 50 51 52 53 54 55 56 57 58 59 
46 0 1 2 3 4 8 9 10 13 14 15 16 18 19 20 21 24 25 26 27 28 29 31 32 33 34 36 37 39 40 41 42 43 45 46 47 48 49 50 52 53 55 56 57 58 59 
42 0 1 2 3 4 5 7 10 11 12 16 17 18 19 22 23 24 25 26 31 32 33 34 35 37 39 40 41 42 43 44 45 46 47 49 50 51 52 53 56 57 59 
47 0 1 2 3 5 8 9 10 11 12 13 14 15 18 19 20 21 22 25 27 28 29 31 32 33 34 35 36 37 38 40 41 42 43 44 46 47 49 51 52 53 54 55 56 57 58 59 
51 0 1 2 3 5 6 7 8 9 10 11 13 15 16 17 18 19 21 23 24 25 26 27 28 29 30 32 33 34 35 37 40 41 42 43 44 45 46 47 48 49 50 51 52 53 54 55 56 57 58 59 
46 0 1 2 3 4 5 6 7 9 10 11 12 13 14 15 16 18 21 22 23 24 25 26 29 30 31 32 34 35 36 38 39 41 42 43 44 46 47 49 51 52 53 54 55 58 59 
42 0 2 3 4 5 6 8 9 10 12 17 18 19 20 22 23 26 29 30 31 32 34 36 39 40 41 42 43 45 46 47 48 49 50 52 53 54 55 56 57 58 59 
47 0 1 2 3 4 6 8 9 10 11 12 13 14 15 16 19 20 21 22 24 25 26 27 29 31 33 34 35 38 39 41 42 43 44 45 46 47 48 49 50 51 52 53 54 55 57 58 
47 1 3 4 5 6 7 8 9 10 11 12 13 14 15 16 18 19 20 21 23 24 25 26 27 28 29 30 31 33 34 35 36 37 38 40 41 44 45 47 48 51 52 53 54 57 58 59 
48 1 3 4 5 7 8 9 10 11 12 13 14 15 16 17 19 20 23 24 25 26 27 28 29 30 31 32 33 34 35 38 39 40 41 43 45 46 47 48 49 50 52 53 54 56 57 58 59 
48 0 1 2 3 4 5 6 7 8 9 10 11 12 13 14 15 16 17 18 19 22 23 25 27 31 32 33 34 35 36 37 38 39 40 41 45 47 48 49 51 52 53 54 55 56 57 58 59 
43 0 1 2 3 6 7 8 12 14 15 16 17 20 22 23 26 27 28 30 32 33 34 35 36 37 38 39 40 41 42 44 45 46 47 48 49 50 53 54 56 57 58 59 
47 0 1 2 3 5 6 7 8 9 10 11 12 13 14 15 16 17 18 19 20 21 22 23 24 26 28 29 30 31 34 36 38 39 41 42 43 44 45 46 49 50 51 52 53 55 56 57 
45 0 1 4 5 7 9 10 12 13 14 15 17 18 20 21 22 24 25 26 27 28 30 31 32 33 34 35 36 37 38 39 41 42 44 45 46 47 48 49 51 53 54 56 57 58 
39 0 1 2 3 5 7 8 9 10 11 13 14 17 19 20 23 26 27 28 31 32 33 35 36 38 40 41 42 44 45 47 48 50 51 52 54 55 58 59 
49 0 1 2 3 4 5 6 7 8 9 10 11 12 13 14 15 17 18 19 21 22 23 24 27 28 29 30 31 32 33 34 35 36 37 38 39 40 43 44 45 47 48 49 50 52 54 57 58 59 
46 0 1 2 4 5 7 8 9 10 11 12 13 14 15 16 17 20 21 22 24 25 26 27 28 29 30 32 33 34 36 37 41 42 43 44 45 49 50 51 52 53 54 55 56 57 59 
50 0 1 2 3 4 5 6 7 9 10 11 12 15 16 18 19 20 21 22 23 24 25 26 27 28 29 30 31 32 34 35 36 37 40 41 42 43 44 45 47 48 49 50 51 52 53 54 56 58 59 
44 0 2 3 4 5 6 7 8 9 10 14 15 16 17 19 20 22 23 24 26 28 29 30 32 33 34 35 36 37 38 40 41 42 44 47 48 50 51 52 53 55 56 58 59 
42 0 1 2 4 5 6 7 8 9 11 13 14 16 17 18 19 21 22 23 24 25 27 30 31 32 34 36 37 40 42 43 44 45 47 48 49 50 51 52 55 57 58 
50 0 1 2 3 4 5 6 7 8 9 10 11 12 13 14 15 17 18 19 21 22 25 26 27 29 30 31 32 33 34 35 36 38 39 40 41 42 43 44 45 47 49 50 52 54 55 56 57 58 59 
42 0 2 3 4 6 10 12 13 14 16 17 18 19 20 21 23 24 25 26 31 32 33 34 35 37 38 41 42 43 44 46 47 48 49 50 51 52 53 55 57 58 59 
44 0 1 2 3 4 5 6 7 8 9 10 11 12 15 17 20 21 22 24 25 26 27 28 31 32 35 36 37 38 40 41 42 43 44 45 47 48 50 53 55 56 57 58 59 
50 0 1 3 4 6 7 8 9 11 12 13 14 15 16 19 20 22 23 24 25 26 28 30 31 32 33 34 35 36 37 38 39 40 41 42 43 44 45 46 47 48 49 50 52 53 54 55 56 57 58 
42 0 2 3 5 6 7 8 9 10 12 14 15 17 18 19 20 23 24 25 28 29 30 32 33 35 36 37 38 39 40 42 43 44 45 46 47 48 51 54 56 57 59 
