60:30
27 0 1 2 3 4 5 7 8 10 11 12 13 14 15 16 17 18 20 21 22 23 24 25 26 27 28 29 
22 0 1 2 4 5 8 9 12 13 14 15 16 17 18 20 22 23 24 25 26 27 29 
28 0 1 2 3 4 5 6 7 8 9 10 11 12 13 14 16 17 18 19 20 21 22 23 24 26 27 28 29 
21 0 1 2 4 5 6 7 8 9 10 14 15 17 18 19 20 21 23 25 26 28 
23 1 3 4 5 6 7 8 9 10 11 12 14 15 16 17 18 21 22 24 26 27 28 29 
22 0 1 2 3 4 5 7 8 10 11 12 13 14 17 18 20 21 22 23 25 26 28 
20 0 1 2 4 6 7 9 10 12 14 16 18 21 23 24 25 26 27 28 29 
24 0 1 2 3 4 6 8 9 10 12 13 15 17 18 19 20 22 23 24 25 26 27 28 29 
19 0 1 3 5 6 7 8 9 10 12 13 15 16 19 21 22 23 24 28 
22 0 2 4 6 7 8 9 11 12 13 15 16 17 18 19 20 21 22 24 27 28 29 
21 0 2 5 7 8 11 12 13 14 15 16 17 19 20 21 22 23 25 27 28 29 
20 2 5 7 8 9 10 11 12 14 15 16 17 18 19 21 22 24 26 27 28 
23 1 3 4 5 6 7 8 9 10 11 13 14 15 16 17 18 19 21 22 25 27 28 29 
20 0 1 3 5 6 7 8 9 13 14 15 18 19 22 23 25 26 27 28 29 
23 0 1 3 4 5 6 7 8 10 12 13 14 15 16 17 18 19 20 22 25 26 27 28 
25 1 3 4 5 6 7 8 9 10 11 12 13 14 15 16 18 19 20 21 22 23 24 25 26 27 
26 0 1 3 4 5 6 7 8 9 10 13 14 15 16 17 18 19 20 21 22 23 25 26 27 28 29 
24 0 1 2 3 4 5 6 7 9 10 11 13 16 18 19 20 21 22 23 24 26 27 28 29 
23 0 2 3 4 5 6 7 8 9 10 13 14 15 16 17 18 20 23 24 26 27 28 29 
24 0 1 2 3 4 6 7 8 10 11 15 16 17 19 20 21 22 23 24 25 26 27 28 29 
22 0 1 2 3 4 6 8 9 11 12 13 14 15 18 19 20 21 23 24 27 28 29 
20 0 1 2 3 4 6 7 10 11 12 14 15 16 17 18 19 21 23 25 26 
24 0 1 2 3 4 5 6 7 8 9 11 14 15 16 18 20 21 22 23 24 25 26 27 29 
27 0 1 2 3 4 5 6 7 8 9 10 12 13 15 16 17 18 19 20 22 23 24 25 26 27 28 29 
23 1 2 3 4 5 6 7 8 9 10 11 12 14 15 16 18 19 20 22 24 25 28 29 
23 0 1 3 6 7 8 10 11 12 13 14 15 16 17 19 20 21 22 23 24 25 26 28 
19 0 1 2 4 7 8 10 12 15 17 20 22 23 24 25 26 27 28 29 
19 1 2 3 4 6 8 9 12 15 16 17 18 19 20 21 22 23 24 26 
21 0 1 5 6 9 10 12 13 15 16 17 18 19 20 21 22 23 25 26 27 28 
25 0 1 2 3 4 5 6 7 8 9 10 11 12 13 14 19 20 21 22 23 24 25 26 27 29 
25 0 1 2 3 4 5 6 7 8 9 11 12 14 15 16 17 18 19 22 23 25 26 27 28 29 
25 0 1 2 3 4 5 6 7 8 9 10 11 12 13 15 16 17 18 19 21 23 24 27 28 29 
21 0 1 2 3 4 5 6 7 9 10 12 14 15 19 23 24 25 26 27 28 29 
23 0 1 2 4 5 6 7 9 10 11 12 13 14 15 16 17 18 19 20 24 25 28 29 
25 0 1 2 4 5 6 7 9 11 12 13 14 15 16 17 18 19 20 21 22 23 24 26 27 29 
24 0 1 2 4 5 6 8 9 10 12 13 15 16 17 18 19 20 21 22 25 26 27 28 29 
22 0 3 4 5 6 7 8 10 11 13 14 16 17 18 19 22 23 24 25 26 27 28 
18 1 2 3 4 5 7 8 9 10 15 17 18 21 22 23 25 26 29 
24 0 1 2 3 4 5 6 7 8 9 10 11 13 14 16 17 18 20 21 22 24 25 26 29 
22 0 1 3 5 6 7 8 10 12 13 14 15 16 17 20 21 23 25 26 27 28 29 
25 0 1 2 3 4 5 6 7 8 9 10 11 12 13 15 17 18 19 20 21 23 24 25 26 27 
23 0 1 2 3 4 5 6 7 8 10 12 13 15 16 17 18 19 20 21 23 24 28 29 
20 0 4 5 6 7 9 10 11 12 13 17 18 19 20 22 23 24 26 28 29 
21 0 1 2 3 4 5 7 8 10 11 12 13 14 16 20 21 24 26 27 28 29 
24 0 1 5 6 7 8 9 10 11 12 13 15 16 17 18 19 21 22 23 24 25 26 27 29 
20 0 1 2 3 4 5 6 7 9 10 11 13 17 20 22 23 24 26 28 29 
24 0 2 3 4 5 7 8 9 10 11 12 13 15 16 17 18 19 20 22 23 25 26 28 29 
23 1 2 3 5 6 7 8 9 10 11 12 13 16 17 18 21 22 24 25 26 27 28 29 
20 0 1 2 3 4 7 8 9 10 13 14 16 18 19 23 25 26 27 28 29 
23 1 5 8 9 10 11 12 13 14 15 17 18 19 20 21 22 23 24 25 26 27 28 29 
25 0 1 2 3 5 6 7 8 9 10 11 12 13 14 15 16 17 18 20 21 22 24 25 27 28 
22 0 1 2 3 7 8 9 10 11 12 13 14 16 17 18 19 23 24 25 26 27 29 
22 0 1 2 3 5 6 8 9 11 13 14 15 16 17 18 19 21 22 23 24 25 26 
23 0 1 2 3 6 7 8 10 11 12 13 15 16 17 20 21 23 24 25 26 27 28 29 
24 0 1 2 3 4 5 6 7 8 9 10 11 12 13 14 17 18 19 20 22 24 25 26 29 
16 0 2 3 4 5 6 7 8 9 11 15 19 20 25 26 29 
19 3 4 5 6 7 8 9 10 11 13 14 16 17 18 19 20 21 22 27 
22 0 1 2 3 4 5 6 7 9 11 12 14 15 16 17 19 20 22 23 25 26 28 
26 0 1 2 3 4 6 7 8 9 10 11 12 13 14 15 16 20 21 22 23 24 25 26 27 28 29 
21 0 2 3 4 5 7 8 10 11 12 15 16 19 20 22 23 24 25 26 27 29 
