60:90
16 0 16 19 21 30 36 40 45 49 53 56 61 73 76 79 88 
20 0 3 6 12 13 18 22 23 35 36 42 47 48 59 70 71 72 83 88 89 
22 4 5 9 14 17 19 24 26 32 34 35 41 47 49 50 52 53 54 58 61 62 77 
24 0 2 4 7 11 12 20 25 27 29 30 33 36 40 42 43 44 47 54 55 62 69 82 89 
16 3 5 7 13 16 17 21 29 49 52 64 71 75 78 81 82 
29 9 11 12 17 19 22 32 34 39 42 43 49 51 52 53 54 59 60 63 64 65 66 69 75 78 80 81 83 84 
30 1 4 5 6 17 19 22 25 27 38 44 45 46 47 48 50 53 55 58 64 65 68 71 72 73 76 79 85 87 88 
24 4 9 11 12 14 18 19 21 23 33 34 37 40 46 47 50 53 55 63 67 74 83 84 86 
40 3 5 8 9 12 14 19 20 21 22 23 24 25 27 28 29 31 32 33 34 35 36 38 40 43 45 47 49 52 62 63 65 66 68 70 71 83 87 88 89 
28 0 3 7 13 17 19 22 23 30 31 34 40 44 48 49 50 53 55 58 61 67 70 72 74 75 78 81 87 
14 9 15 16 19 38 40 45 47 59 66 70 79 83 85 
20 4 8 11 12 15 26 30 33 38 42 57 62 65 66 69 71 74 77 81 88 
24 1 3 6 8 19 22 27 35 39 40 45 49 53 58 59 60 61 65 72 80 81 83 84 88 
19 1 12 22 23 26 28 29 31 36 39 41 43 48 54 58 59 65 73 80 
24 5 6 7 19 20 25 29 31 33 34 36 39 40 53 55 59 62 66 67 70 77 81 82 84 
27 2 5 6 8 20 27 31 32 34 39 40 52 54 56 57 61 64 68 70 71 76 77 78 79 85 86 88 
26 0 7 11 12 13 18 24 26 32 37 40 43 45 48 49 51 54 57 58 61 62 81 82 84 85 87 
19 6 8 10 13 17 18 23 25 28 43 47 54 60 61 64 65 66 70 71 
21 3 6 7 12 14 18 20 26 28 30 39 43 45 53 58 59 61 68 69 75 80 
24 4 11 18 21 23 26 27 38 39 40 41 45 51 53 54 57 59 61 69 72 76 77 78 89 
20 0 2 4 6 7 10 13 22 26 29 35 46 49 50 51 53 69 74 82 83 
28 0 4 5 9 10 16 17 20 23 28 30 31 32 35 38 41 43 45 48 55 65 71 73 76 77 78 79 84 
24 3 5 6 19 21 22 23 28 32 37 38 41 46 48 53 55 61 62 65 68 70 72 86 88 
24 5 7 8 11 19 20 25 26 28 29 30 32 34 42 45 47 49 53 62 65 66 68 70 88 
23 0 3 5 12 14 15 20 25 30 31 36 42 44 45 57 66 70 72 77 79 82 86 87 
24 3 7 12 16 20 21 23 31 34 37 39 42 48 52 59 60 62 70 72 73 81 82 87 88 
22 13 15 16 24 26 29 34 35 36 48 53 59 64 65 68 69 73 77 81 83 88 89 
23 1 2 5 21 23 24 36 40 43 47 49 51 52 54 55 59 60 65 70 72 81 84 85 
26 5 10 13 17 21 31 33 36 37 40 44 46 52 54 56 61 63 64 70 72 76 82 84 85 88 89 
25 2 7 16 18 22 23 24 26 32 34 36 38 48 51 53 58 59 63 66 71 72 73 76 83 87 
26 0 1 9 11 12 14 16 17 19 23 27 29 30 31 36 38 47 50 52 53 57 74 75 78 87 89 
20 2 6 8 10 11 26 38 43 45 51 54 55 57 62 68 72 73 76 83 86 
23 0 9 10 18 26 29 34 37 39 43 44 50 51 55 61 64 71 74 77 78 84 85 89 
28 0 1 2 6 7 13 20 22 28 31 33 38 39 45 51 52 56 59 61 64 66 71 72 75 76 79 82 83 
26 10 17 20 23 27 37 39 42 44 46 48 50 51 52 59 66 67 68 70 74 78 80 81 83 84 88 
24 3 5 8 9 10 15 19 22 27 33 36 37 38 41 52 56 59 61 71 78 79 85 88 89 
24 2 3 13 14 15 20 25 26 29 34 35 36 38 46 49 50 57 61 63 68 76 83 86 87 
18 3 7 8 14 17 18 26 28 33 40 46 49 54 66 72 82 85 86 
15 6 14 17 18 22 24 40 57 58 69 74 75 79 84 85 
22 3 6 20 29 30 32 36 42 43 44 46 53 56 63 64 65 67 68 80 81 82 86 
21 9 11 16 18 20 22 31 33 35 46 47 48 57 59 60 61 62 67 76 80 87 
26 0 3 6 11 12 15 17 21 22 26 30 33 42 45 48 58 59 66 67 69 72 73 74 76 77 81 
25 2 4 7 9 10 17 26 27 28 30 32 33 35 46 47 49 54 57 63 72 75 80 81 82 86 
23 0 2 7 16 23 29 30 39 41 42 44 46 47 56 57 60 64 68 69 79 85 87 88 
19 0 1 3 13 23 26 31 34 36 46 59 60 67 73 78 80 86 87 88 
25 1 2 5 6 10 11 14 16 18 19 20 21 31 39 44 46 47 53 55 58 60 72 75 82 87 
15 3 4 8 10 25 34 38 43 47 53 56 63 72 73 85 
19 0 5 11 12 19 29 30 34 38 49 52 59 70 72 74 75 79 81 88 
20 5 6 12 30 34 37 38 43 44 49 50 54 65 68 71 72 73 75 80 81 
20 3 6 24 27 29 31 39 41 45 49 56 57 58 59 60 61 62 68 72 82 
15 3 22 24 26 37 41 47 52 64 68 69 72 74 77 81 
26 3 6 9 11 12 15 17 25 26 27 28 31 32 35 49 50 55 59 62 69 70 74 80 82 83 86 
23 1 7 10 11 12 13 14 29 31 33 35 38 47 48 49 55 57 68 72 82 83 85 88 
30 3 4 11 14 18 19 27 28 32 33 35 36 39 42 43 46 51 52 57 58 63 65 66 69 73 80 81 84 86 89 
20 0 11 12 13 20 24 27 33 34 35 39 46 56 61 65 67 71 72 87 88 
24 7 8 15 23 29 30 32 42 43 47 48 53 55 58 60 63 68 70 74 75 78 79 86 89 
25 1 4 6 11 12 13 15 16 26 29 31 32 33 38 43 48 49 57 75 77 80 82 85 86 89 
21 3 4 13 14 16 23 25 38 43 44 50 52 54 59 63 71 77 79 81 82 85 
23 2 7 13 20 21 23 30 32 40 45 46 50 52 55 60 63 65 68 70 74 75 77 80 
30 9 22 31 32 33 38 39 42 44 49 50 53 54 55 60 63 66 67 68 72 76 77 79 80 81 82 85 86 88 89 
