60:30
14 1 4 6 7 9 11 12 14 15 19 24 25 27 29 
13 1 2 6 7 9 10 11 14 15 18 20 22 26 
14 3 7 11 13 15 18 19 20 21 22 24 26 27 28 
17 5 6 8 9 10 11 13 16 17 18 20 23 24 26 27 28 29 
12 0 1 6 7 8 13 15 17 19 21 25 28 
18 1 2 4 5 6 7 8 9 10 11 12 16 18 21 22 27 28 29 
16 0 1 2 3 6 8 10 11 13 16 17 18 21 23 28 29 
16 1 3 5 7 8 12 14 18 20 21 23 24 26 27 28 29 
13 0 3 5 6 8 11 12 14 18 20 23 24 27 
14 0 1 4 6 8 9 10 14 16 20 21 23 24 27 
15 0 1 5 6 10 12 13 16 17 18 20 25 26 28 29 
20 0 1 2 3 4 5 6 7 8 9 10 11 12 13 18 19 21 22 23 27 
14 0 2 4 5 12 14 16 19 20 21 23 25 26 27 
11 0 1 3 6 8 10 14 18 19 20 25 
16 3 4 7 8 9 10 14 15 16 20 24 25 26 27 28 29 
12 2 5 6 9 15 17 18 20 26 27 28 29 
16 0 1 2 3 5 6 7 9 10 13 14 23 25 26 28 29 
16 1 3 6 7 9 10 13 14 16 21 23 24 25 26 27 29 
17 3 4 5 7 9 10 12 13 14 15 17 18 20 25 26 28 29 
18 0 1 2 3 5 6 7 8 9 13 15 18 21 22 23 24 25 26 
13 1 2 4 8 9 11 14 19 21 25 26 27 29 
16 0 1 2 3 4 8 9 11 12 15 18 19 20 25 28 29 
13 3 8 9 11 12 14 16 19 20 22 24 26 27 
15 2 3 5 7 9 11 14 16 17 19 20 23 25 26 28 
16 0 1 2 4 5 7 9 11 16 17 20 21 23 25 26 27 
12 1 2 3 5 9 14 15 17 20 24 26 29 
16 2 4 5 6 13 14 18 19 20 21 22 23 24 25 26 28 
17 2 4 5 6 7 8 10 13 14 15 17 20 21 22 26 28 29 
13 3 5 6 9 11 12 13 14 16 19 21 25 28 
11 0 5 6 7 13 15 20 21 24 26 28 
13 1 3 4 7 9 10 12 13 16 22 23 27 29 
13 1 3 5 7 8 16 19 20 21 22 24 26 27 
15 1 2 3 6 10 12 13 14 15 19 21 22 26 27 29 
16 0 1 5 6 9 11 13 14 16 18 19 21 22 23 25 27 
14 0 4 5 8 10 11 18 19 20 21 22 23 27 29 
16 1 2 6 8 9 10 14 15 16 18 20 21 22 23 27 28 
15 1 7 8 9 11 13 16 17 20 22 23 24 26 27 28 
10 6 7 8 9 10 12 15 17 18 27 
17 4 7 8 11 12 13 14 15 16 17 18 21 22 23 24 25 29 
17 5 6 7 9 10 11 15 16 17 18 19 20 21 24 27 28 29 
15 1 2 7 8 11 12 14 17 18 19 21 22 23 28 29 
14 0 2 3 4 5 7 8 11 12 18 23 26 28 29 
15 1 3 5 6 7 10 11 13 14 15 17 20 24 27 28 
18 0 1 2 3 6 10 11 12 14 16 17 18 19 20 21 24 28 29 
20 0 2 6 7 9 10 12 13 16 17 19 20 21 22 23 24 25 26 28 29 
12 1 3 4 5 6 7 13 14 15 17 23 25 
15 2 5 6 10 11 16 17 18 20 23 24 25 26 28 29 
16 0 1 3 5 9 11 13 14 15 16 19 22 23 25 27 28 
14 0 1 7 11 12 13 15 16 18 23 25 26 28 29 
16 0 1 3 4 7 9 13 15 18 22 23 24 25 27 28 29 
9 1 6 9 14 20 21 26 28 29 
16 1 3 4 7 8 11 12 15 16 18 20 22 23 25 26 27 
21 1 3 4 5 6 7 8 9 10 11 12 14 15 16 17 19 20 21 25 28 29 
15 0 1 3 8 10 11 12 13 15 19 20 21 22 26 27 
16 1 3 5 6 7 8 10 11 12 13 17 20 21 24 27 29 
18 0 3 4 5 7 8 10 12 13 16 18 19 20 22 23 24 25 27 
18 0 2 3 4 6 7 11 12 13 14 15 17 20 21 22 24 27 29 
17 1 2 3 4 5 8 10 11 13 14 17 18 19 20 24 25 28 
17 3 5 6 7 8 11 12 13 16 17 21 22 23 24 25 26 28 
18 0 1 2 3 4 8 10 12 13 14 18 20 21 22 23 24 25 28 
