60:90
69 0 1 2 3 4 5 6 8 9 10 11 14 16 17 18 19 21 22 25 26 27 28 29 31 32 33 34 35 37 38 39 40 41 42 44 45 47 48 49 50 51 52 53 54 55 56 58 59 61 62 63 65 66 67 71 72 73 74 75 76 78 79 80 81 82 84 86 87 88 
63 0 1 2 4 5 6 8 9 12 15 16 17 18 20 21 22 24 26 28 29 30 33 34 35 36 38 39 40 41 42 43 44 45 46 47 48 50 51 52 55 56 57 60 61 64 65 66 68 69 70 71 74 75 76 77 79 80 81 82 84 85 86 88 
67 1 2 3 4 7 9 10 11 12 13 14 15 16 17 18 19 20 22 23 25 26 28 29 31 33 34 35 36 37 38 39 40 42 43 45 46 47 48 50 51 53 54 58 59 60 61 62 63 66 67 68 69 70 72 73 74 75 77 78 79 80 81 82 85 86 88 89 
69 1 2 3 4 9 10 11 12 13 14 15 16 17 18 20 22 23 25 26 27 30 32 33 34 36 37 38 39 40 41 42 43 44 45 47 49 50 51 52 53 55 56 57 59 60 61 62 63 64 65 66 67 68 69 70 71 72 73 74 77 78 79 81 82 83 84 85 87 88 
64 3 4 5 6 7 8 10 11 12 13 14 18 20 21 22 24 25 27 28 29 31 32 34 37 38 39 40 42 43 45 46 48 49 51 52 53 54 55 56 57 59 60 62 63 64 65 66 67 68 70 71 72 73 74 75 77 78 79 80 81 84 86 87 89 
62 1 2 3 4 7 8 9 10 12 14 16 17 18 20 21 23 24 25 26 27 28 29 30 31 33 34 35 36 37 38 40 41 43 44 46 47 50 51 52 53 55 56 57 59 60 61 62 63 64 65 66 67 69 70 72 74 75 79 81 82 87 88 
61 1 3 4 5 6 9 10 12 13 20 21 22 24 25 27 28 30 31 32 33 37 38 39 40 41 42 43 45 46 48 49 51 53 55 56 57 60 61 62 63 64 65 66 67 68 69 71 72 73 74 75 76 77 78 80 81 83 84 87 88 89 
65 0 1 3 5 6 7 8 9 10 11 13 14 15 17 18 19 20 21 22 23 25 27 29 30 31 32 34 35 36 37 38 39 42 44 45 47 48 49 54 56 58 59 60 61 62 63 64 66 67 68 70 71 73 75 77 78 79 80 82 83 84 85 86 88 89 
70 3 4 5 7 8 9 10 11 12 13 14 15 16 17 19 21 22 23 24 25 27 28 29 32 34 35 36 39 40 41 42 43 44 45 46 48 49 50 51 52 54 56 57 58 59 60 61 62 63 64 65 66 67 68 70 71 72 73 74 75 76 78 79 80 81 83 85 86 87 89 
58 0 1 2 3 4 5 6 7 8 9 10 11 12 14 16 20 21 23 26 27 29 30 31 32 34 35 36 37 38 42 43 44 46 48 49 51 52 55 56 59 61 64 65 66 68 71 72 73 74 75 77 78 79 80 81 83 86 87 
68 0 2 3 5 6 7 8 10 11 12 14 15 17 18 19 21 22 24 25 26 27 28 29 30 31 32 33 34 35 36 37 38 40 42 44 46 47 48 49 50 52 55 57 59 60 61 62 63 66 67 68 69 70 71 73 75 76 78 79 80 81 82 83 84 85 86 87 89 
61 0 2 4 5 8 9 11 12 14 15 16 17 18 19 20 21 22 25 26 27 28 31 33 34 36 39 40 41 43 44 45 46 47 49 50 51 52 55 56 59 61 63 66 67 69 71 72 73 74 76 77 78 79 80 82 84 85 86 87 88 89 
72 1 3 4 5 6 8 9 10 11 13 14 15 16 17 18 19 21 22 23 24 27 28 29 30 31 32 33 34 35 36 37 38 39 40 41 42 43 44 45 46 47 48 49 50 51 52 53 54 56 58 59 60 62 64 65 66 67 70 72 73 74 76 77 78 80 81 82 83 84 85 87 88 
68 0 4 5 6 7 8 10 11 14 15 17 18 19 20 21 23 25 26 27 28 29 30 31 32 33 34 35 36 37 38 39 40 41 42 43 44 46 47 48 50 51 52 53 54 55 56 57 59 60 61 62 65 67 69 71 73 75 76 77 78 79 80 82 84 85 86 88 89 
71 1 2 3 4 5 7 8 9 10 11 13 15 16 17 18 21 23 24 25 26 27 28 29 30 31 32 33 35 36 37 38 40 41 42 43 45 47 48 50 51 52 53 54 55 56 57 58 59 60 61 62 63 64 65 66 71 72 74 75 77 78 79 80 81 82 83 84 85 86 88 89 
68 0 1 2 4 5 6 7 8 9 10 12 13 14 15 17 19 22 23 24 25 26 27 28 30 31 32 34 35 38 40 41 42 43 44 45 46 47 48 49 50 51 52 53 54 55 56 59 60 61 62 63 64 66 71 72 73 75 76 77 78 79 80 81 82 83 85 86 88 
62 0 1 2 4 5 6 7 8 9 11 12 13 15 18 19 20 21 23 24 25 26 28 29 31 35 36 37 38 39 40 41 42 44 45 46 47 48 50 51 52 53 56 57 58 61 62 64 66 67 68 70 72 74 75 78 82 83 84 85 87 88 89 
64 0 1 2 3 4 5 6 7 8 9 10 11 13 14 15 17 18 19 20 21 23 24 25 27 28 29 30 31 32 33 34 36 38 41 42 46 48 52 54 56 57 58 59 61 63 64 65 66 67 68 69 71 72 73 76 77 78 80 81 82 84 85 86 87 
68 1 2 4 5 6 7 9 10 11 12 13 14 15 17 18 19 20 24 25 26 27 29 30 33 35 36 38 41 42 43 44 45 46 47 48 49 50 51 52 53 54 55 56 57 58 59 60 61 62 63 65 66 69 70 73 74 75 77 78 79 81 82 83 84 85 86 88 89 
62 0 1 2 3 4 5 6 9 10 11 12 13 15 19 21 22 23 24 27 28 30 32 33 34 36 37 38 39 42 43 44 45 46 48 52 53 54 55 58 59 60 61 62 63 66 67 71 73 74 76 77 78 79 80 81 82 84 85 86 87 88 89 
70 0 2 3 4 5 6 7 8 9 11 13 14 15 16 17 18 19 20 21 22 24 25 26 27 28 29 30 31 33 34 36 38 40 41 42 43 45 46 47 48 49 50 51 52 53 54 55 56 57 58 59 60 61 63 65 66 67 68 70 71 73 75 80 81 82 85 86 87 88 89 
66 0 1 3 4 6 7 8 9 10 11 13 14 15 17 18 20 22 23 25 27 28 29 31 35 36 37 41 42 43 44 45 46 47 48 49 50 51 52 53 56 58 59 60 63 64 65 66 67 68 69 70 72 73 74 75 77 78 80 81 82 83 84 85 86 87 89 
61 0 1 2 3 4 6 7 8 10 11 14 15 16 17 18 20 23 24 25 26 27 28 29 30 33 34 35 36 40 41 42 43 44 46 47 48 49 50 52 54 55 56 57 61 64 66 68 69 71 72 73 75 76 77 78 79 81 82 83 84 88 
70 2 3 4 5 6 7 8 9 10 11 12 14 15 16 17 18 21 22 23 24 25 26 27 29 30 31 32 33 34 36 37 38 41 42 43 44 45 46 47 50 51 52 54 55 57 60 61 62 64 65 67 68 70 71 72 73 74 75 76 77 78 79 80 81 82 83 84 85 87 88 
66 0 1 2 3 5 6 7 8 10 11 12 14 15 16 17 18 20 22 23 24 25 26 28 30 34 38 39 40 41 43 44 45 46 48 49 50 51 53 54 56 57 60 61 62 63 64 65 66 67 70 71 72 73 74 75 76 77 78 80 82 83 85 86 87 88 89 
73 0 1 2 3 4 6 7 8 9 10 11 12 13 14 15 17 18 20 22 23 24 25 26 27 29 32 33 34 35 36 37 38 39 41 42 45 46 47 48 49 50 51 52 53 54 55 56 57 58 59 60 61 63 64 65 66 67 68 69 70 71 72 73 74 75 79 80 81 82 85 86 88 89 
67 1 2 4 5 6 8 9 11 12 13 14 16 17 19 20 21 24 26 27 29 30 31 34 35 36 37 38 39 40 41 44 45 46 48 49 50 51 53 55 56 57 58 60 61 62 63 64 65 66 67 68 69 70 71 72 74 76 77 79 80 81 82 83 84 85 87 89 
71 0 2 4 6 7 8 9 12 13 14 15 16 18 19 20 21 22 23 24 25 26 27 30 31 33 34 36 37 38 41 42 43 44 45 46 47 48 50 51 52 53 54 56 57 58 59 60 61 62 63 64 65 66 67 69 70 73 75 76 77 78 79 80 81 83 84 85 86 87 88 89 
74 0 1 2 3 6 7 8 9 12 13 15 16 17 20 21 22 23 24 25 26 27 30 31 32 33 35 36 37 40 41 42 43 44 45 46 47 48 49 50 51 52 53 55 56 57 58 59 60 61 62 63 64 65 66 67 68 69 70 71 72 73 74 75 76 77 78 79 80 81 84 85 86 87 88 
73 0 1 2 3 5 6 7 8 9 10 11 12 13 14 15 16 18 19 20 22 23 24 25 27 28 31 32 34 35 36 37 38 40 41 42 43 44 45 48 49 51 53 54 55 56 57 58 59 60 61 62 63 64 65 67 70 72 73 74 75 76 77 78 80 81 82 83 84 85 86 87 88 89 
69 0 1 2 3 4 5 6 7 9 10 11 13 14 15 16 18 20 22 23 24 26 28 29 30 31 32 33 34 35 36 37 40 41 43 44 45 46 47 48 50 51 53 54 56 57 60 62 63 64 65 67 68 70 71 73 75 76 77 78 79 80 81 82 83 84 85 86 88 89 
68 0 1 4 5 6 7 9 10 11 12 13 14 15 17 20 21 22 23 24 26 27 30 31 33 34 35 36 37 38 40 41 42 43 44 46 47 48 50 51 52 55 56 57 58 59 60 61 63 64 65 67 68 70 71 72 74 75 76 77 78 79 82 83 84 85 86 87 88 
63 1 5 6 7 8 9 10 11 17 19 20 22 23 25 26 27 28 29 30 31 32 33 34 36 37 38 39 41 42 43 44 45 46 47 48 49 50 52 53 54 55 56 57 59 60 61 63 64 65 66 68 70 71 72 73 74 75 76 78 80 86 87 88 
68 0 1 2 3 4 7 9 10 11 13 14 15 16 17 19 20 21 22 24 25 26 27 28 30 31 32 33 34 35 36 39 40 42 43 44 46 47 49 50 52 53 55 56 57 58 60 62 64 65 66 67 68 69 70 71 72 74 75 78 79 81 82 83 84 85 87 88 89 
63 0 2 3 6 7 8 10 12 13 17 18 19 20 21 22 23 25 26 28 29 30 32 34 36 37 38 40 41 43 44 46 48 49 50 52 53 55 56 57 58 59 60 61 62 63 64 65 66 67 69 70 71 74 77 79 80 81 82 83 85 86 88 89 
69 0 2 3 4 5 6 8 10 11 12 13 14 15 16 17 18 19 22 23 24 25 26 27 28 29 31 32 34 36 37 38 39 40 43 45 46 47 50 52 53 56 58 59 60 61 62 64 65 66 67 69 70 71 72 73 74 75 77 78 79 80 81 82 83 84 85 86 88 89 
65 0 3 4 6 7 8 10 12 14 15 17 18 20 21 23 25 26 28 30 31 32 33 34 35 36 37 38 39 40 41 42 43 44 45 46 47 48 49 50 51 55 56 57 58 59 60 62 66 68 69 70 71 72 74 75 76 77 78 79 80 81 83 84 85 89 
65 0 1 2 5 6 8 10 11 12 14 15 16 18 19 20 22 23 24 25 26 27 28 29 30 31 32 35 36 37 38 39 40 41 42 45 46 47 48 50 51 54 55 56 57 58 59 62 63 64 65 66 69 71 72 73 75 77 78 80 81 82 83 84 86 89 
66 2 3 4 6 7 8 9 11 12 13 14 15 16 17 19 20 21 23 24 25 26 27 29 30 33 34 35 36 37 38 39 41 43 44 45 46 47 48 49 52 54 57 58 59 60 62 63 64 65 66 68 69 70 71 72 73 74 76 77 78 79 80 81 83 86 88 
61 0 3 4 5 6 7 10 11 13 14 15 16 17 18 19 20 21 22 23 24 25 26 28 29 32 33 35 36 37 38 39 40 43 44 47 48 49 53 54 55 57 58 59 61 62 63 67 68 69 70 71 74 75 78 79 80 81 83 86 88 89 
67 1 2 4 5 7 8 9 10 13 16 17 19 20 21 23 24 26 27 28 29 30 31 33 34 35 36 37 38 39 40 41 42 43 44 46 48 49 50 52 53 54 55 59 60 62 63 64 67 68 69 70 71 72 73 76 77 79 80 81 82 83 84 85 86 87 88 89 
68 1 2 3 4 5 6 8 9 10 12 14 15 16 17 19 20 21 22 23 24 25 26 27 30 31 32 33 34 35 36 38 39 40 41 42 43 44 45 46 48 49 50 55 56 57 58 59 60 63 64 65 66 67 68 69 70 73 74 76 79 80 81 83 85 86 87 88 89 
70 0 1 2 3 6 8 9 10 11 12 13 14 15 16 18 21 23 26 27 28 29 32 33 34 35 36 37 38 39 40 41 42 43 44 45 46 47 48 49 50 52 53 54 55 56 58 59 60 61 62 66 67 68 69 70 71 72 73 74 76 77 78 79 81 82 83 84 86 88 89 
63 0 2 4 5 8 9 10 13 14 16 17 18 21 22 24 25 27 28 29 30 32 33 36 37 38 39 40 41 42 44 45 48 49 52 55 56 57 58 60 61 63 65 66 67 68 70 71 73 74 75 76 77 78 79 80 81 82 83 84 85 86 88 89 
65 0 1 2 3 4 5 6 8 9 10 13 14 15 16 18 19 20 21 24 25 26 27 29 30 31 33 34 35 37 38 41 43 44 45 48 49 50 51 52 53 54 56 57 58 59 60 61 66 68 69 71 73 74 75 77 78 79 80 81 82 85 86 87 88 89 
66 0 2 3 4 5 6 7 8 9 12 13 14 15 17 19 20 23 24 25 26 27 28 30 31 32 33 34 35 37 38 39 40 41 42 43 45 49 51 52 54 55 56 57 58 60 62 63 64 65 67 69 70 71 72 73 74 75 77 78 80 81 82 85 86 87 88 
66 0 2 3 4 5 6 7 8 9 10 11 12 15 16 19 20 22 23 25 26 28 32 33 34 36 40 41 42 44 45 46 47 48 49 50 51 52 53 54 56 58 59 60 61 63 64 65 66 69 70 71 72 73 74 75 76 77 80 81 82 83 84 86 87 88 89 
70 0 1 2 3 4 6 8 10 11 12 13 14 15 16 17 18 19 20 21 23 24 25 26 29 31 32 33 34 36 37 39 40 42 43 44 45 48 49 50 51 52 53 55 56 57 58 59 60 61 62 63 66 67 68 69 70 72 74 76 77 78 79 80 82 83 85 86 87 88 89 
64 0 1 3 4 5 6 9 10 11 12 13 14 17 18 19 22 24 25 26 27 29 30 32 33 34 35 36 38 39 40 41 42 43 44 46 47 48 49 52 53 55 56 59 60 61 62 63 64 66 69 70 71 73 75 77 78 80 83 84 85 86 87 88 89 
67 0 2 3 4 6 9 10 11 13 14 16 17 19 21 22 23 24 25 26 27 28 29 30 31 33 35 36 37 40 41 42 43 44 45 46 48 50 51 52 53 54 55 57 58 59 60 61 63 64 66 67 68 69 70 71 72 73 75 77 78 79 80 82 83 86 88 89 
53 0 2 3 4 5 8 10 11 12 13 15 17 18 19 21 23 26 27 28 33 35 36 38 39 40 41 42 43 45 46 48 49 54 58 59 61 62 63 65 68 70 72 73 75 76 77 79 83 85 86 87 88 89 
63 0 1 2 3 5 8 9 10 11 18 21 22 25 26 27 28 30 31 32 33 34 35 36 37 39 40 41 42 43 44 45 46 47 48 52 53 54 55 58 59 60 61 62 63 64 65 66 67 68 69 73 74 75 76 77 78 79 80 81 82 83 86 88 
62 1 2 5 6 7 11 12 16 17 18 19 20 21 22 24 25 26 27 28 29 30 31 32 33 34 35 36 40 42 43 44 45 48 49 50 51 52 54 55 56 58 60 61 62 63 64 65 68 70 71 72 73 75 78 79 80 81 83 84 85 86 89 
72 0 1 2 4 6 7 8 9 10 11 13 14 15 16 17 18 19 21 23 25 26 27 29 30 31 32 33 34 35 36 37 40 41 42 43 44 46 48 49 50 51 52 53 54 55 56 57 58 60 62 63 64 65 67 68 70 71 72 73 74 76 77 78 79 80 81 82 84 85 86 87 88 
69 0 1 2 3 4 5 6 7 8 9 10 11 13 14 15 16 18 19 20 22 25 26 28 29 30 31 32 33 34 35 36 37 39 41 42 47 48 49 50 51 53 55 58 59 60 61 62 64 65 66 67 69 70 73 74 76 77 78 79 80 81 82 83 84 85 86 87 88 89 
65 1 3 4 5 6 7 8 9 12 14 15 16 17 18 19 20 21 22 24 28 30 32 33 35 36 37 38 39 41 43 44 45 46 47 48 50 51 52 54 55 56 57 60 61 63 64 67 68 69 70 71 72 73 74 75 76 77 78 79 80 81 82 84 87 89 
71 0 1 2 4 5 6 7 8 10 11 13 14 15 16 17 18 20 21 22 23 25 28 30 31 34 35 36 40 41 43 44 45 46 47 48 49 50 51 52 54 55 56 58 59 61 62 63 64 65 66 67 68 69 70 71 72 73 74 76 77 78 79 81 82 83 84 85 86 87 88 89 
65 0 1 2 3 6 7 9 10 11 13 14 15 16 17 18 22 23 24 25 26 27 28 29 31 33 35 40 43 44 47 48 49 51 53 54 55 56 57 58 59 60 61 63 64 65 67 68 70 71 73 74 75 77 78 79 80 81 82 83 84 85 86 87 88 89 
68 0 1 4 5 6 7 9 10 11 12 14 15 16 17 20 21 22 23 24 25 26 27 28 29 30 31 32 33 34 35 36 37 38 39 40 41 43 44 45 47 48 50 52 53 54 56 57 58 60 61 62 63 67 68 69 71 72 74 75 77 78 79 80 83 86 87 88 89 
60 1 2 3 4 6 8 9 10 11 12 13 15 18 19 24 27 29 30 33 34 37 40 41 42 43 44 45 47 49 50 52 53 54 55 56 57 58 59 60 61 62 63 64 65 66 68 71 73 75 76 78 79 80 83 84 85 86 87 88 89 
