60:30
8 5 8 13 15 16 22 24 28 
8 1 6 7 9 11 16 19 25 
7 6 10 13 15 24 25 26 
5 1 9 12 23 26 
6 0 6 8 12 17 22 
7 0 1 9 11 14 16 22 
9 0 4 7 10 11 12 13 24 29 
8 7 9 10 11 14 20 24 27 
8 1 3 8 11 19 24 25 29 
8 2 3 5 9 12 13 19 28 
7 2 11 14 21 22 26 28 
6 2 4 11 14 24 27 
5 12 15 17 19 23 
10 0 2 4 5 11 14 19 22 23 27 
7 2 5 7 13 20 21 22 
7 0 3 4 5 14 22 29 
7 0 4 9 11 17 25 27 
5 0 12 14 23 29 
7 1 2 6 7 10 13 15 
4 13 16 24 29 
10 3 4 8 10 12 16 22 23 25 27 
3 0 2 18 
8 8 10 13 17 20 21 25 29 
10 2 13 17 19 22 23 25 26 28 29 
9 0 3 5 8 10 18 19 22 27 
6 0 5 10 15 20 23 
6 2 3 7 8 9 10 
4 0 6 11 24 
8 3 4 6 11 12 13 17 21 
10 3 4 7 8 10 13 14 21 23 29 
7 2 5 13 17 18 20 25 
9 4 6 10 11 14 19 23 26 27 
8 1 7 8 12 18 25 26 28 
6 1 9 11 19 24 28 
9 4 6 7 8 12 14 16 27 28 
2 1 11 
4 22 25 26 27 
5 4 9 11 20 28 
7 2 4 5 12 23 24 26 
11 0 1 2 3 5 8 9 14 17 18 28 
12 1 3 4 5 6 12 13 20 21 26 28 29 
9 1 2 3 4 9 17 21 25 26 
6 1 3 4 8 13 29 
6 1 4 16 20 21 22 
10 1 7 12 14 16 17 20 23 26 29 
8 2 3 5 6 14 18 21 28 
4 9 11 15 21 
8 0 7 9 10 13 16 24 28 
6 1 2 9 10 18 19 
9 9 12 17 19 21 23 25 26 27 
6 5 9 11 21 24 29 
8 0 1 7 10 11 16 27 28 
10 2 4 9 11 13 15 19 23 26 29 
6 13 15 16 22 23 28 
7 3 5 10 17 23 25 27 
8 1 6 7 14 19 20 28 29 
9 0 11 13 14 18 21 22 25 29 
7 3 9 11 14 18 25 29 
5 7 14 23 25 29 
7 4 17 18 22 23 24 29 
