60:30
8 3 6 8 17 19 23 26 29 
13 0 2 5 10 14 17 19 20 22 23 25 26 29 
13 0 7 9 10 12 15 17 19 21 22 23 24 26 
18 1 2 4 5 8 9 10 11 12 13 14 18 19 20 23 25 26 29 
15 3 6 7 8 10 13 15 16 17 18 19 23 24 26 29 
13 1 5 6 11 12 13 14 17 18 24 26 28 29 
16 1 2 5 6 8 10 14 15 16 21 22 23 26 27 28 29 
13 0 5 9 11 13 16 17 19 22 23 25 27 29 
14 2 3 6 7 8 9 11 13 14 16 20 23 25 29 
14 1 2 4 6 8 10 15 16 17 20 24 25 26 27 
17 1 2 6 7 8 11 12 14 15 17 18 20 24 25 26 27 28 
17 0 2 3 5 7 8 9 11 13 16 20 21 22 24 25 27 29 
20 0 1 2 3 4 7 8 9 11 13 14 17 18 20 21 23 24 25 27 28 
14 0 1 5 11 12 13 14 15 16 17 19 24 27 29 
18 1 2 3 5 9 10 12 13 14 17 19 20 22 25 26 27 28 29 
16 0 1 6 7 8 10 12 14 15 16 18 19 20 24 25 26 
14 0 1 4 5 7 8 13 14 15 18 21 24 26 27 
15 1 2 3 5 8 11 13 14 16 22 24 25 26 28 29 
18 0 1 2 5 7 10 11 12 15 17 18 19 21 22 25 27 28 29 
13 1 2 8 11 12 15 16 18 20 21 23 24 28 
16 0 2 4 5 7 10 11 12 13 14 15 16 17 25 27 28 
12 0 1 2 3 4 6 8 11 12 15 25 27 
17 0 2 4 5 6 7 11 13 14 15 16 17 18 22 23 27 28 
12 0 1 3 6 7 9 12 19 21 22 27 28 
12 1 2 3 5 7 8 10 11 12 16 18 21 
12 2 4 5 6 7 8 11 16 17 26 27 29 
20 0 1 4 9 10 11 13 14 15 16 18 20 21 22 23 25 26 27 28 29 
13 0 6 8 9 13 18 19 22 23 24 25 26 28 
20 1 2 3 5 6 7 11 12 13 14 15 16 17 18 20 22 23 24 27 28 
16 0 4 7 8 9 10 13 14 15 17 18 21 23 27 28 29 
14 0 1 2 5 13 14 15 16 18 21 23 26 28 29 
17 1 4 6 8 9 11 12 15 17 18 19 21 22 24 25 26 27 
13 1 3 4 5 7 9 12 14 16 23 24 26 28 
17 0 1 2 3 6 7 8 9 12 14 15 17 18 19 21 24 25 
19 1 2 4 6 8 9 10 12 13 14 15 16 19 20 22 23 24 26 28 
15 2 5 7 8 11 12 14 16 20 21 23 24 25 26 27 
19 0 3 5 7 9 10 12 14 16 17 18 19 20 21 22 23 25 26 29 
16 1 3 5 9 13 14 15 19 20 21 22 23 24 25 28 29 
14 5 6 7 11 13 14 15 17 18 19 20 21 22 27 
19 1 3 4 5 6 7 8 9 10 12 13 14 18 20 22 24 26 27 28 
15 0 1 2 7 9 10 11 12 14 16 18 22 24 27 29 
16 0 1 2 6 8 9 10 11 12 13 17 19 21 25 28 29 
12 5 7 8 10 16 19 20 22 23 25 26 27 
14 1 3 4 5 9 16 18 19 22 23 24 26 27 28 
13 2 6 11 12 13 17 19 22 23 24 25 27 28 
14 0 1 6 7 8 11 14 17 18 20 21 23 24 27 
17 0 1 2 5 6 8 10 12 13 15 16 20 23 24 25 27 28 
19 1 3 6 7 8 10 12 13 14 15 19 20 21 22 23 24 26 27 29 
14 2 5 6 8 15 16 19 21 22 23 24 27 28 29 
12 0 1 7 9 11 14 17 18 20 21 24 27 
10 0 1 3 5 8 9 11 20 22 27 
14 0 4 6 7 12 13 14 19 22 23 25 27 28 29 
17 1 2 4 5 7 8 9 10 11 13 14 15 16 18 20 24 28 
11 2 3 6 7 8 11 15 24 26 27 29 
12 1 2 3 5 11 12 14 21 24 25 26 28 
15 1 2 3 6 7 10 12 13 17 18 19 20 21 27 29 
19 0 1 2 7 8 9 10 11 12 13 14 17 18 19 21 23 24 26 28 
14 0 2 4 5 6 7 8 11 15 16 20 21 27 29 
16 0 1 5 7 8 12 14 16 18 22 23 25 26 27 28 29 
18 1 2 3 4 6 8 10 12 14 16 17 20 21 22 23 25 26 27 
