60:90
18 0 14 16 17 20 24 32 35 48 51 52 58 65 67 71 72 75 83 
21 2 7 12 14 15 22 26 28 30 33 38 45 53 59 62 68 70 72 76 80 83 
25 0 3 5 7 16 23 27 33 37 39 41 43 46 52 56 60 64 65 69 71 72 74 77 79 81 
20 6 13 19 22 26 30 35 42 43 63 65 66 67 68 69 73 80 82 85 87 
19 0 18 23 26 29 37 40 45 56 61 63 64 68 70 71 78 79 86 88 
20 0 9 12 25 33 35 39 41 47 48 54 58 63 65 66 71 75 78 80 81 
21 1 4 6 10 11 12 13 15 16 28 33 39 41 44 52 53 63 68 81 85 89 
24 1 4 8 13 16 24 25 36 39 43 44 45 48 57 58 62 65 69 71 72 74 75 86 88 
21 2 7 8 17 19 23 24 25 26 28 37 50 56 59 63 65 70 71 77 82 83 
15 1 2 14 27 29 33 40 48 53 56 57 66 75 76 88 
24 7 11 12 18 26 27 29 36 37 42 43 47 51 56 63 65 68 69 71 74 78 79 82 89 
23 9 12 13 15 16 19 21 25 26 27 32 34 39 40 41 43 44 53 61 66 74 78 87 
25 3 8 10 20 29 30 31 32 36 37 39 46 47 56 58 59 61 63 70 71 77 79 81 85 88 
26 1 2 3 4 5 9 13 15 17 18 21 22 23 45 46 55 56 57 61 62 63 70 78 79 88 89 
23 2 7 15 25 31 33 36 37 48 50 56 60 62 63 68 70 74 78 80 84 85 86 87 
26 0 2 6 9 12 14 15 16 19 21 32 34 35 42 44 47 51 58 59 60 65 78 80 83 85 88 
25 9 21 23 24 30 36 37 38 42 43 50 53 62 64 67 70 71 72 73 77 81 83 84 86 88 
19 2 3 5 10 15 17 18 20 32 42 44 53 56 60 64 79 81 82 83 
22 0 4 8 13 14 21 24 30 37 39 49 51 52 53 54 56 61 63 66 68 76 83 
26 4 6 8 9 14 16 17 18 21 25 28 33 35 40 42 43 51 55 58 59 65 68 71 79 82 84 
20 2 4 14 15 23 25 26 28 30 32 33 35 37 55 64 71 73 78 80 82 
25 4 6 8 19 20 22 27 33 43 44 47 49 50 52 53 56 65 68 73 79 80 81 82 83 88 
23 3 8 13 14 18 21 22 27 31 34 41 44 47 52 61 62 65 67 69 71 72 75 80 
22 1 4 5 8 11 15 30 31 38 42 43 52 53 54 56 65 67 69 75 81 82 89 
30 5 11 13 14 17 19 23 27 28 31 33 45 46 47 50 51 55 56 58 59 62 67 68 71 77 78 81 83 86 89 
20 11 12 14 17 22 23 39 41 44 58 61 63 71 73 79 81 82 84 85 86 
26 3 9 11 13 14 15 20 21 22 23 25 27 31 35 37 39 41 42 44 49 55 58 64 74 78 83 
19 2 10 11 12 14 15 19 20 23 25 28 29 33 37 42 72 84 85 86 
21 3 5 10 13 17 18 22 25 28 32 33 35 39 50 52 53 61 64 80 83 85 
25 5 12 18 20 21 22 24 37 38 40 44 49 52 56 57 61 62 66 69 70 79 84 85 87 88 
24 4 8 11 12 13 14 19 25 28 33 37 49 51 59 64 65 66 69 71 73 77 78 81 84 
26 0 1 6 7 8 13 15 22 23 25 26 31 32 37 38 42 47 56 59 61 62 68 72 76 85 86 
16 11 15 16 24 26 27 30 31 40 44 45 46 61 72 81 85 
16 21 38 44 47 49 54 55 59 63 65 72 73 75 81 82 86 
31 2 5 6 7 12 16 20 23 28 30 33 35 36 38 39 40 43 46 52 53 54 58 60 61 62 66 72 75 78 85 87 
15 1 4 5 7 28 36 40 41 45 49 54 59 60 78 86 
23 6 10 14 16 17 18 19 21 26 30 38 39 43 44 47 53 54 57 59 68 77 83 86 
22 2 5 6 9 15 16 18 25 26 32 34 37 45 46 48 49 50 67 68 75 85 86 
28 1 3 5 6 8 9 10 11 16 18 23 25 28 29 30 32 38 42 43 44 46 50 52 54 56 75 80 83 
24 0 2 6 8 9 10 13 16 18 20 22 26 27 29 34 41 42 44 47 57 61 79 80 87 
23 12 13 18 22 23 24 29 32 33 38 44 45 52 57 58 60 70 79 84 85 87 88 89 
21 6 11 18 23 26 28 29 35 37 38 62 63 64 65 68 71 72 80 81 83 85 
27 0 1 3 4 5 6 8 13 22 29 32 36 39 40 58 61 62 64 66 67 69 72 77 80 82 84 88 
23 0 3 5 9 15 18 19 20 24 26 29 35 42 43 55 60 61 65 66 72 75 76 87 
30 2 4 7 9 13 16 20 24 32 34 35 36 42 46 48 50 51 53 60 61 63 68 70 71 72 78 81 82 84 85 
25 6 8 11 15 17 18 20 23 26 32 33 40 45 47 48 52 53 56 68 69 71 75 78 82 87 
29 1 2 5 7 16 19 20 21 23 33 34 36 42 44 46 48 51 58 60 61 62 64 65 67 75 81 82 86 87 
20 11 12 14 30 34 37 38 39 41 48 53 54 56 57 59 63 66 75 82 85 
21 1 3 5 12 14 16 18 22 26 33 36 40 49 59 60 61 64 65 76 81 85 
17 1 14 16 17 20 26 31 34 38 40 43 46 55 58 66 73 77 
31 1 5 6 10 15 18 21 25 29 31 33 36 39 40 51 52 53 56 58 67 70 71 75 76 77 80 82 83 84 87 88 
18 10 17 19 20 23 26 28 31 32 33 40 50 53 54 56 57 68 83 
34 0 1 5 6 13 14 15 17 22 23 27 29 32 33 34 36 37 39 41 43 44 45 49 50 54 55 56 67 69 70 71 73 84 87 
29 1 3 9 12 13 17 21 22 23 25 27 29 31 32 34 35 36 43 45 53 54 64 70 72 77 79 80 82 85 
16 0 9 10 11 13 16 25 32 38 45 58 60 65 66 70 80 
13 7 14 23 29 42 65 66 68 69 70 79 83 89 
20 1 14 16 18 20 22 33 36 37 42 47 58 62 70 71 72 75 78 80 85 
21 2 14 20 21 26 28 29 30 36 38 42 43 45 47 48 53 64 67 72 79 87 
24 4 8 16 17 18 20 22 24 31 33 36 39 41 45 47 48 53 54 58 59 63 71 88 89 
18 3 6 10 11 30 36 44 46 48 50 65 68 69 76 78 81 83 89 
