60:90
18 2 3 6 17 21 23 32 36 39 52 58 60 63 67 68 70 71 77 
27 2 5 6 8 14 15 18 19 21 22 24 28 29 41 45 55 57 61 63 69 79 80 81 83 85 86 88 
20 10 14 15 25 28 32 34 39 42 49 50 54 55 61 68 72 75 76 77 86 
26 1 3 20 21 22 24 27 31 34 35 38 39 46 48 52 55 57 61 66 73 78 79 81 85 88 89 
17 0 20 29 31 40 46 48 53 57 58 63 64 67 69 75 76 85 
23 6 11 14 15 18 28 29 37 41 42 43 47 52 56 58 59 66 75 77 78 82 86 89 
24 5 8 13 16 17 21 22 28 34 43 50 56 62 64 65 67 68 70 76 77 82 84 87 89 
26 4 5 8 11 15 17 22 24 29 31 38 40 41 42 45 47 56 63 64 67 71 73 80 81 84 87 
28 6 9 10 12 15 16 17 18 21 24 26 28 29 33 42 43 45 46 49 51 54 56 58 59 62 63 81 83 
25 1 2 7 8 9 13 20 21 26 28 32 50 52 54 58 60 66 71 72 73 74 79 86 88 89 
15 5 8 18 19 22 25 43 51 59 64 65 77 79 80 86 
22 3 11 17 21 22 26 27 30 31 34 38 44 47 48 60 64 67 68 74 80 82 86 
17 3 11 12 14 19 20 21 28 40 41 44 61 63 70 71 77 79 
21 0 8 10 11 12 19 24 27 28 31 46 53 54 57 62 70 71 81 85 86 87 
27 0 3 4 13 21 27 28 31 33 37 39 41 43 45 46 48 54 62 66 67 70 73 75 76 84 85 89 
20 4 9 10 11 14 22 28 31 39 46 48 49 50 67 68 72 74 81 87 89 
19 0 9 18 20 28 31 32 34 38 39 40 45 55 64 72 82 86 87 89 
23 1 5 10 13 19 23 25 28 29 32 35 43 46 56 57 59 60 70 76 81 84 87 88 
17 0 7 13 16 24 33 35 38 39 45 53 54 65 74 75 78 80 
30 3 4 11 12 13 21 22 30 31 33 39 44 45 46 52 53 54 56 58 67 74 77 79 80 83 84 86 87 88 89 
20 1 3 6 7 8 12 14 15 26 35 36 38 41 53 54 67 73 74 78 88 
25 4 9 11 14 21 22 23 24 26 28 32 36 44 45 48 61 62 66 68 69 71 78 81 84 86 
24 0 3 5 11 16 17 21 26 34 38 40 44 45 47 51 52 56 59 61 65 67 73 81 89 
24 1 2 4 21 24 40 43 49 52 54 55 57 59 62 63 64 69 70 73 75 79 82 84 85 
20 29 31 37 39 40 48 50 53 55 56 57 60 63 64 69 76 81 84 87 89 
20 3 13 17 21 29 31 33 34 38 43 46 54 73 74 77 78 79 81 83 89 
21 6 8 16 28 29 35 36 40 42 44 45 47 49 51 64 65 73 76 78 80 87 
18 7 9 17 22 27 34 35 40 43 50 53 59 63 76 77 80 85 87 
25 5 7 8 13 19 25 27 32 33 35 36 38 39 46 49 51 52 60 61 64 74 75 76 86 88 
25 3 5 7 11 15 20 22 25 41 42 48 49 52 58 59 60 66 67 68 70 73 74 82 87 88 
22 1 4 6 9 11 14 16 22 23 30 31 41 49 50 57 65 69 75 77 79 81 87 
12 20 29 41 46 51 58 61 79 81 82 85 86 
19 12 14 28 33 40 42 44 49 50 52 54 57 59 67 69 80 82 83 89 
27 1 5 8 9 14 17 23 27 33 37 38 40 41 42 45 51 54 55 59 62 63 67 78 82 83 85 86 
25 1 2 3 4 8 9 14 15 16 18 19 27 42 44 45 47 56 60 65 68 69 72 76 83 85 
30 2 4 10 11 13 14 19 21 22 30 33 36 37 40 43 44 48 54 56 57 58 61 63 64 71 73 74 75 79 86 
17 23 28 30 32 36 37 46 48 54 56 59 63 65 71 72 80 81 
18 2 9 12 13 14 16 18 23 25 29 34 39 52 58 62 68 77 86 
29 2 8 11 13 15 18 20 23 28 32 36 41 43 44 45 46 51 56 57 59 63 64 69 73 76 79 81 82 86 
22 3 5 7 15 26 27 32 45 49 51 53 57 63 64 67 68 73 75 76 80 87 88 
24 1 2 4 6 12 14 20 23 25 26 27 28 29 34 36 48 55 58 59 63 68 78 82 88 
30 5 6 11 12 13 22 24 28 29 32 34 35 36 37 42 46 50 52 54 55 56 57 59 61 64 70 73 76 78 88 
28 5 7 10 21 23 30 34 35 38 39 41 46 47 48 49 52 64 66 67 69 70 76 77 80 82 84 85 86 
29 0 5 8 13 14 18 19 21 23 26 33 36 41 44 51 53 54 55 57 59 60 61 62 64 66 76 81 84 88 
23 1 8 9 14 19 22 28 35 37 40 41 48 52 55 56 60 62 68 71 73 79 83 86 
21 0 15 16 25 28 30 31 47 54 55 57 62 66 70 71 72 75 76 78 79 88 
20 2 18 21 28 30 35 36 44 48 51 53 58 67 70 71 72 75 76 77 87 
34 1 3 6 10 18 19 20 21 25 26 27 31 32 34 36 37 38 39 47 48 51 52 56 58 64 77 80 81 83 84 85 86 87 89 
35 4 5 6 9 10 13 14 24 27 33 35 36 37 40 44 46 49 51 53 55 58 60 62 63 65 66 77 79 80 81 82 83 84 86 88 
19 5 9 11 13 14 31 35 41 44 50 51 57 61 67 68 74 83 88 89 
23 2 4 9 12 18 22 24 27 28 30 35 36 39 43 44 48 53 68 71 74 80 86 87 
27 0 5 9 11 21 22 23 29 31 35 42 43 45 47 50 55 56 57 58 59 62 64 66 71 72 76 89 
29 1 3 5 9 16 20 22 25 29 35 38 39 46 48 52 53 56 57 60 64 71 73 76 78 79 80 84 86 87 
19 0 8 9 20 29 30 38 53 54 55 57 60 70 74 81 82 83 87 89 
25 2 7 9 13 26 30 32 33 45 46 55 58 60 61 66 68 70 71 75 82 83 84 86 88 89 
17 21 24 26 39 40 49 50 51 53 57 65 67 70 72 80 86 89 
24 5 8 10 13 14 15 18 19 26 31 32 34 48 52 53 54 55 57 60 67 70 78 79 88 
22 1 8 18 24 25 30 34 35 43 44 48 52 55 60 67 76 79 80 82 83 86 87 
18 1 7 9 14 22 30 34 47 52 54 57 59 61 64 76 81 87 89 
26 10 16 20 21 24 28 33 35 37 38 41 47 51 58 60 62 66 69 70 74 76 77 79 85 86 87 
