60:90
25 0 4 5 10 12 14 18 25 26 32 33 36 37 44 47 48 58 60 64 70 74 76 79 82 84 
26 1 3 7 19 20 23 34 35 40 42 49 53 55 59 60 61 62 65 69 72 75 77 79 82 85 86 
16 7 15 26 30 33 40 41 53 66 72 73 74 76 81 84 85 
26 0 2 16 18 20 26 34 38 39 40 44 45 49 51 52 54 57 58 63 64 68 72 76 79 82 84 
26 0 2 5 13 17 19 20 28 38 39 42 43 44 51 58 62 66 68 69 72 75 80 83 84 85 88 
23 0 3 11 12 22 23 26 27 34 39 41 42 45 54 56 57 61 71 77 80 84 86 87 
17 1 4 9 12 14 19 21 29 34 55 56 57 58 60 71 81 82 
26 1 3 5 6 8 11 13 19 22 30 34 37 41 44 49 51 53 56 57 68 69 71 78 81 84 87 
23 0 5 13 17 18 25 30 34 43 47 48 50 53 54 55 57 62 68 70 72 77 82 84 
20 0 2 3 7 13 20 24 27 46 53 55 58 59 62 64 65 77 78 82 85 
20 2 5 8 9 14 20 27 36 37 38 39 46 47 50 53 54 59 62 71 72 
20 0 3 4 8 13 25 28 29 30 31 34 53 55 57 69 72 79 80 82 88 
30 0 4 9 11 12 14 22 23 26 28 29 30 34 41 47 48 50 51 52 53 54 55 57 61 66 72 74 81 82 84 
23 3 15 24 26 27 31 34 36 40 41 43 46 48 49 50 59 64 67 70 71 74 76 83 
14 0 11 18 19 35 41 43 56 57 62 65 72 76 83 
24 8 12 15 18 20 25 28 29 30 33 37 38 48 57 58 61 64 65 68 72 73 74 75 83 
22 0 1 4 9 21 23 24 39 43 49 52 58 59 62 71 72 74 75 81 82 86 89 
28 0 3 8 9 10 12 19 20 21 22 23 24 28 31 34 36 39 40 44 45 49 56 60 61 74 77 78 80 
24 0 5 6 11 15 16 17 18 20 22 34 35 38 39 42 43 59 60 64 65 74 75 81 85 
26 11 14 18 19 22 23 28 29 30 32 41 42 47 48 50 53 54 56 58 61 62 74 79 80 84 87 
20 6 7 10 11 12 13 15 26 30 35 37 43 46 47 59 66 81 84 86 88 
22 8 11 16 20 21 23 32 36 37 43 45 50 53 56 57 61 63 70 71 72 81 82 
26 0 2 4 9 10 18 24 28 31 38 39 42 46 47 49 53 62 66 67 70 73 81 82 84 88 89 
22 4 9 20 23 32 34 40 44 45 46 49 55 57 65 66 68 71 74 77 83 86 89 
29 2 4 7 10 12 15 19 28 30 32 33 40 42 43 44 48 50 52 53 57 63 64 71 74 80 85 86 88 89 
22 1 6 9 12 13 20 22 24 25 35 36 39 45 50 60 61 62 63 69 78 88 89 
17 3 11 16 17 18 24 37 39 43 48 52 55 56 61 64 71 79 
19 11 15 20 24 27 33 39 40 42 56 57 61 64 66 72 80 85 86 87 
23 1 6 10 12 13 14 19 21 29 32 40 43 44 50 56 69 70 72 75 78 82 84 87 
17 3 5 6 8 10 12 13 16 19 24 43 50 56 62 69 76 89 
22 7 11 13 16 18 24 25 31 32 40 41 50 58 60 61 63 67 73 75 77 79 84 
23 6 13 14 16 21 24 29 37 40 42 45 56 61 63 71 73 74 76 80 82 84 85 89 
24 0 3 5 26 28 32 33 35 39 40 43 53 55 61 62 63 64 66 72 76 80 81 82 87 
21 6 7 8 18 19 30 34 35 36 38 39 40 42 47 48 59 68 70 73 75 88 
26 1 5 6 8 15 16 24 28 31 39 40 41 43 44 45 46 47 51 54 58 62 67 78 79 82 88 
29 4 5 7 15 16 17 19 20 30 32 33 41 43 51 56 58 60 61 63 65 68 69 72 74 84 85 86 87 89 
20 3 6 7 8 9 10 12 14 15 31 34 35 38 50 52 58 66 69 84 87 
21 2 11 18 19 23 29 35 37 41 45 46 50 60 62 65 67 68 71 81 85 88 
22 1 9 10 12 23 24 28 33 37 38 40 43 50 51 56 69 70 78 80 81 82 88 
27 0 1 2 3 8 11 13 14 18 21 37 45 46 50 53 54 57 58 59 66 69 78 79 80 85 87 88 
22 0 1 6 7 10 11 13 31 37 42 48 55 57 67 70 72 73 74 79 80 83 87 
25 1 6 7 14 19 22 27 29 32 33 40 46 48 51 57 61 62 64 66 68 77 79 83 88 89 
24 4 6 7 9 10 22 27 28 29 34 36 37 44 48 50 52 53 61 63 72 78 82 87 88 
21 3 13 21 24 30 31 34 35 36 41 42 44 46 54 64 67 68 74 75 77 86 
21 2 3 4 11 13 19 25 27 31 34 36 38 49 50 61 67 76 79 80 87 88 
15 3 4 10 12 13 26 29 47 56 66 71 74 85 86 89 
14 10 13 22 29 31 34 36 38 40 48 58 65 71 82 
16 4 11 13 14 19 22 34 37 41 50 52 53 61 68 69 70 
16 11 14 17 23 25 27 41 50 55 60 64 80 81 82 83 86 
23 10 12 16 28 29 30 31 36 38 40 41 42 43 45 57 60 64 65 66 75 79 84 88 
19 4 12 14 15 16 20 27 30 32 34 35 41 43 44 46 47 50 84 87 
18 2 9 17 20 21 33 38 41 50 51 56 63 74 75 79 82 83 84 
23 0 2 4 11 17 21 22 25 27 34 55 56 57 58 64 66 68 72 74 76 80 85 88 
21 10 13 14 15 25 30 35 36 37 48 51 53 56 57 59 65 68 69 73 78 89 
21 2 7 16 17 18 20 22 23 25 32 38 44 45 46 47 52 55 63 69 74 84 
23 5 14 15 16 24 27 32 39 48 49 53 60 61 66 71 72 76 77 80 81 82 84 89 
18 14 19 22 24 32 33 44 53 54 61 64 67 74 77 82 83 85 86 
21 0 1 3 8 11 17 19 24 25 27 31 46 58 60 63 64 69 76 79 83 89 
21 1 4 5 6 15 17 20 22 25 39 41 43 46 49 53 56 57 62 64 75 76 
25 10 16 17 18 21 25 31 35 39 46 49 57 60 61 64 70 74 75 76 77 78 82 87 88 89 
