60:90
27 0 3 6 14 18 21 33 37 38 39 41 49 52 55 57 61 65 66 68 69 74 75 77 79 80 81 89 
25 0 2 8 10 14 15 18 20 22 26 27 28 30 38 47 53 57 59 64 72 77 82 85 88 89 
21 1 12 15 18 20 22 34 37 43 46 47 52 57 61 62 67 71 72 73 79 81 
21 0 11 12 17 19 20 25 26 31 43 45 48 57 63 68 71 73 77 83 84 87 
19 6 8 22 25 28 29 39 45 48 53 56 59 61 62 71 78 80 81 84 
22 4 9 13 15 16 28 34 36 43 45 46 50 54 66 68 70 77 78 79 80 84 88 
22 3 4 7 17 20 25 26 27 32 35 39 42 46 55 59 66 70 74 77 78 80 86 
21 1 3 5 6 7 8 9 11 18 19 20 21 44 48 56 67 69 71 77 82 85 
24 8 9 11 13 14 15 18 20 28 32 34 44 47 48 51 53 62 68 71 77 78 83 85 88 
20 2 11 16 19 22 30 36 38 47 48 49 51 57 59 60 63 74 81 85 86 
27 0 2 5 8 18 19 22 30 35 40 42 43 49 54 55 56 63 64 69 72 73 78 80 83 84 87 89 
27 3 5 7 9 10 13 16 17 27 28 30 31 34 36 40 43 46 50 59 62 69 78 82 84 85 86 87 
26 0 4 10 15 17 21 24 28 35 36 39 40 41 44 54 58 60 63 66 69 72 77 82 83 85 89 
22 1 4 7 18 26 32 35 37 39 43 44 45 46 49 50 59 61 65 69 71 76 88 
21 0 3 6 11 14 17 20 22 24 26 27 29 35 37 46 48 51 53 67 73 82 
23 0 1 7 9 10 15 20 22 28 34 35 38 41 43 45 60 67 72 75 77 79 80 86 
13 15 24 25 29 33 41 42 45 47 49 57 72 83 
21 0 1 8 10 13 15 22 23 34 40 58 62 63 69 71 73 80 81 83 84 88 
29 2 6 9 12 17 22 25 26 29 34 35 36 38 41 47 50 53 54 56 57 63 64 66 74 75 82 83 85 89 
30 3 5 12 15 20 21 23 27 28 33 35 36 38 40 43 44 46 48 51 53 54 60 71 72 74 75 80 81 83 88 
26 0 10 15 27 30 32 34 35 36 37 40 42 43 44 46 52 53 55 57 65 67 76 80 81 82 87 
22 2 5 8 9 13 15 19 26 34 42 44 49 53 55 56 57 60 68 70 71 73 85 
23 3 8 11 14 15 16 17 18 20 29 35 37 42 63 66 67 69 70 73 75 77 80 88 
19 5 12 21 22 26 27 29 30 36 37 59 60 62 70 72 76 81 83 84 
25 0 2 3 7 13 15 19 21 23 27 32 45 46 51 53 57 64 65 69 70 77 78 84 85 89 
26 3 6 7 10 13 17 28 29 30 32 37 41 44 45 48 50 57 59 62 65 66 68 74 77 83 85 
29 0 3 4 6 10 11 12 13 16 17 22 24 27 29 33 37 39 42 46 59 60 64 68 69 74 77 78 83 87 
22 0 3 6 8 9 13 20 30 32 36 42 46 58 64 66 68 69 80 84 86 87 88 
27 7 9 10 12 20 22 26 29 30 31 33 36 45 46 47 48 51 55 57 60 61 64 66 67 79 84 85 
21 0 10 14 15 16 17 20 21 29 33 38 40 53 57 60 76 77 83 85 87 88 
13 0 8 19 23 26 27 30 37 43 52 60 75 81 
26 0 1 5 8 9 16 24 28 31 36 37 38 43 48 52 53 55 60 62 63 69 70 71 81 85 87 
16 3 17 19 23 30 35 42 44 52 53 66 68 76 81 82 84 
24 0 1 3 4 7 10 12 16 18 33 40 42 44 46 47 52 53 55 59 60 65 74 78 86 
27 3 4 6 11 13 14 16 18 22 31 32 34 35 38 40 50 52 53 56 61 68 69 71 76 77 78 81 
13 4 10 20 22 29 36 40 44 57 62 74 80 85 
22 0 2 5 6 8 11 12 15 17 18 21 22 27 33 34 36 37 52 54 59 84 89 
21 0 7 12 13 17 18 24 26 41 42 43 49 54 57 58 70 76 79 85 86 89 
22 4 7 12 14 16 17 19 21 23 25 40 54 60 64 65 66 70 71 72 76 86 89 
24 1 8 15 17 18 19 28 33 34 39 41 43 47 51 52 60 63 68 69 73 75 77 78 82 
26 2 4 9 14 18 19 24 25 27 29 32 35 41 51 52 55 57 59 60 61 62 64 68 77 84 86 
16 4 10 11 13 28 35 37 43 48 56 57 62 68 73 75 85 
29 0 5 8 10 15 19 22 23 30 33 34 36 43 44 55 57 58 59 61 63 64 68 69 71 80 82 86 87 89 
19 0 7 10 15 29 35 38 42 43 45 49 52 60 68 69 80 82 83 86 
21 4 7 10 11 12 17 19 24 27 31 33 40 58 62 63 64 68 69 73 75 85 
20 6 7 9 13 15 18 21 28 33 36 54 56 58 68 69 71 76 78 83 84 
23 7 16 22 24 40 43 45 49 50 52 53 55 58 60 64 68 71 78 79 81 82 86 88 
23 0 2 4 5 15 18 21 22 24 32 37 52 54 55 61 71 75 76 77 80 83 86 88 
16 7 18 19 21 23 24 30 34 37 39 42 49 56 60 79 83 
19 2 7 8 12 13 14 15 16 33 36 37 48 58 64 66 67 75 77 88 
22 6 8 9 17 18 21 22 30 31 33 36 39 47 55 56 66 71 72 79 80 81 87 
23 1 2 3 6 13 15 21 22 24 25 28 34 37 39 45 55 59 60 62 65 71 82 87 
26 8 12 13 21 22 29 30 34 41 47 49 52 56 58 60 63 67 71 75 76 77 80 81 83 84 87 
22 2 3 14 15 26 27 28 32 42 43 50 51 52 59 68 77 79 81 84 85 88 89 
28 0 3 5 7 8 9 16 18 19 20 21 22 25 28 31 32 34 37 40 41 43 46 65 68 70 80 81 82 
30 3 4 7 13 14 16 18 23 29 31 33 35 40 42 43 44 48 50 51 52 54 56 58 59 60 66 72 73 77 83 
19 0 19 22 29 35 36 40 43 45 48 52 57 59 60 61 67 70 75 82 
24 6 10 12 14 18 27 29 34 36 38 41 44 47 51 53 57 59 60 63 64 68 80 85 86 
31 2 3 5 9 16 18 19 20 21 35 38 39 44 48 53 54 55 57 61 63 65 66 67 71 72 81 82 83 85 86 88 
30 3 10 12 19 21 24 26 29 33 35 37 39 40 42 43 44 51 53 54 55 57 59 66 74 77 81 82 85 87 88 
