60:60
47 0 1 2 3 4 5 6 7 8 9 11 12 13 14 15 16 17 18 19 24 25 27 28 29 30 31 32 33 34 36 37 38 39 40 41 44 45 46 47 48 50 51 53 54 56 57 58 
45 0 1 2 3 6 7 8 12 13 14 15 18 19 21 22 23 24 25 26 27 28 29 30 31 32 33 35 36 37 39 40 41 43 44 45 46 47 48 49 50 51 54 55 56 57 
46 0 2 3 4 5 7 8 10 12 13 14 16 18 20 21 23 24 25 27 29 30 31 32 33 34 35 36 37 38 39 40 41 42 44 45 46 49 50 51 52 53 54 55 56 57 59 
44 0 1 2 3 6 8 9 10 11 12 13 14 15 16 18 19 20 21 25 26 27 28 29 30 31 32 35 36 37 38 41 42 44 46 47 48 49 51 53 54 55 56 57 58 
42 0 1 2 3 5 6 7 8 10 11 12 14 15 16 17 19 20 24 25 26 27 32 33 34 38 39 40 41 44 46 47 48 49 50 51 52 53 54 56 57 58 59 
42 0 1 2 4 6 7 8 11 12 13 14 15 16 18 20 22 23 24 25 26 27 28 31 33 35 36 37 39 40 41 42 43 44 45 46 48 50 51 52 54 56 58 
42 0 1 3 8 10 11 12 16 17 18 19 21 22 23 24 26 27 29 30 31 32 33 36 37 39 40 41 42 44 45 47 48 49 51 52 53 54 55 56 57 58 59 
44 0 2 3 4 5 6 8 9 10 11 12 13 14 16 17 18 19 20 21 23 24 27 28 29 30 32 35 36 37 38 39 40 41 42 43 44 45 46 47 48 52 54 58 59 
50 0 1 2 3 4 5 7 8 9 10 11 12 13 14 17 18 19 20 21 23 24 26 28 29 30 31 32 33 35 37 38 39 40 41 42 43 44 45 46 47 48 50 52 53 54 55 56 57 58 59 
45 2 4 5 6 7 9 12 13 14 15 16 17 18 19 20 22 23 24 25 26 27 29 31 32 33 34 35 36 37 39 41 42 43 46 48 49 50 51 52 53 54 55 57 58 59 
45 0 1 2 4 5 7 8 11 12 13 15 16 17 18 19 20 21 22 23 24 27 28 29 30 32 33 34 35 36 37 39 40 41 43 45 48 49 51 52 53 54 55 56 57 58 
45 0 1 2 3 4 5 7 8 9 10 11 12 13 14 15 16 17 19 20 23 24 25 26 27 28 29 30 31 32 34 37 39 41 42 43 45 46 48 49 50 53 55 56 57 58 
47 0 1 2 3 4 5 6 7 9 12 13 14 15 16 17 18 19 20 22 23 26 27 28 30 31 32 33 34 35 36 37 39 40 42 43 44 48 49 50 51 52 53 55 56 57 58 59 
46 0 1 3 4 7 8 12 13 14 15 16 17 18 19 21 22 23 24 26 27 28 30 31 32 33 34 35 36 37 39 40 42 43 44 45 46 47 49 50 53 54 55 56 57 58 59 
47 0 1 2 3 5 6 7 9 10 11 12 14 15 16 17 18 19 20 21 22 23 25 26 28 29 30 31 32 33 34 35 36 38 39 40 43 45 46 47 48 49 51 52 53 54 55 59 
48 0 1 3 4 5 6 10 11 14 15 16 18 19 20 21 22 23 24 25 26 27 28 29 30 31 33 34 35 36 37 38 39 41 42 43 44 46 47 48 49 50 51 52 54 56 57 58 59 
49 0 1 3 4 5 7 8 10 11 12 13 14 15 16 17 18 19 21 22 23 24 26 27 28 29 30 33 34 35 36 37 38 39 40 42 43 44 45 46 48 49 50 52 53 54 56 57 58 59 
45 0 2 3 4 5 9 11 12 13 14 15 16 17 18 19 21 22 23 25 26 27 30 31 32 33 36 38 39 40 41 42 44 45 46 47 48 50 51 52 53 55 56 57 58 59 
38 2 3 4 5 6 8 11 12 15 16 17 19 20 21 22 24 25 26 27 28 30 31 32 35 36 37 38 40 46 47 48 49 51 53 54 55 56 58 
39 0 1 2 3 4 5 8 17 18 19 21 23 24 25 26 27 28 29 31 32 33 34 35 36 37 38 40 41 43 45 47 49 51 52 53 54 55 58 59 
51 0 1 2 3 4 7 8 9 10 11 12 13 14 15 17 20 21 22 23 24 25 26 27 28 29 30 31 32 33 34 36 37 38 39 40 41 42 43 44 45 46 47 49 50 51 52 54 55 56 58 59 
44 0 2 3 4 5 6 10 11 12 13 15 16 17 18 19 20 22 23 24 25 26 27 28 29 31 33 35 36 38 39 40 43 44 46 48 49 50 51 52 53 54 55 57 58 
49 1 2 3 4 5 6 7 8 9 10 12 13 14 16 20 22 24 25 26 27 28 29 30 31 32 33 34 35 37 38 39 40 41 42 43 44 45 46 47 48 49 52 53 54 55 56 57 58 59 
50 0 3 4 7 8 9 10 11 12 13 14 15 16 18 19 20 21 22 23 24 25 26 28 29 30 31 32 33 35 36 37 39 40 41 42 43 44 45 46 47 48 50 51 53 54 55 56 57 58 59 
44 0 1 2 3 5 6 7 9 10 12 13 14 16 17 21 22 23 25 26 27 28 31 32 33 34 36 38 39 40 41 42 44 45 46 47 48 49 50 51 53 54 55 57 59 
42 0 1 2 3 4 5 6 8 10 11 12 13 14 16 17 18 19 20 21 23 25 26 27 28 30 31 32 33 34 35 39 42 44 48 49 50 51 54 56 57 58 59 
44 0 2 4 5 6 7 8 9 10 15 20 22 23 26 27 28 29 30 31 32 33 34 36 37 38 39 40 41 42 43 44 45 46 47 48 49 50 51 52 54 55 56 57 58 
41 0 1 2 3 4 5 7 9 11 13 14 15 19 20 25 26 27 28 30 31 32 34 36 37 39 41 42 43 44 46 47 48 50 51 53 54 55 56 57 58 59 
46 0 1 2 3 4 6 7 8 9 10 11 12 15 18 19 21 22 23 24 26 27 28 29 32 34 37 38 39 40 41 42 43 44 45 46 47 48 49 51 52 53 54 55 56 58 59 
47 0 1 2 4 5 6 8 9 11 12 13 14 15 16 19 22 23 24 25 26 27 28 29 30 31 32 34 35 36 38 39 40 41 43 44 46 48 49 50 51 52 53 54 55 56 57 58 
40 1 2 3 4 5 6 7 8 9 13 14 15 16 18 19 20 23 24 26 28 29 30 31 32 34 36 38 39 40 41 42 43 44 49 50 51 53 54 55 59 
45 0 1 3 4 5 6 8 9 10 11 13 14 15 16 18 21 22 24 26 27 30 31 32 33 36 37 38 40 41 42 43 44 45 46 47 48 49 50 51 53 54 55 56 57 58 
49 0 2 3 4 6 8 9 10 11 12 13 14 15 16 17 19 20 22 23 24 25 26 27 28 29 30 31 32 33 35 36 37 38 39 40 41 42 44 45 46 47 49 50 52 55 56 57 58 59 
43 0 1 5 6 8 9 10 11 12 13 14 16 17 18 19 20 21 22 24 25 27 28 29 30 32 33 36 37 39 40 41 42 44 46 47 48 50 51 52 53 55 56 58 
49 0 2 3 4 5 6 7 9 10 11 14 15 16 18 19 22 23 24 25 26 27 28 29 30 31 32 33 35 37 38 39 40 42 43 44 45 46 47 48 49 50 52 53 54 55 56 57 58 59 
47 0 1 2 3 5 6 7 8 10 11 12 13 14 15 16 17 18 19 20 22 23 24 27 28 30 31 32 33 34 35 37 39 40 41 42 45 46 47 49 50 51 52 53 55 56 57 58 
41 0 1 2 6 7 8 10 11 12 13 14 15 18 20 21 22 23 24 26 28 29 32 33 35 36 41 42 43 44 45 46 47 48 51 52 53 54 56 57 58 59 
41 1 2 3 4 5 6 7 8 9 10 12 14 16 17 19 20 22 23 25 26 28 29 30 32 33 36 37 38 39 40 42 43 48 51 52 53 55 56 57 58 59 
40 0 2 3 4 5 6 7 8 9 10 11 12 14 15 17 18 20 21 22 24 25 26 27 28 31 33 34 36 37 38 40 43 45 47 48 50 55 56 57 58 
47 0 1 2 4 5 8 9 11 12 13 15 16 17 20 21 22 23 24 25 26 28 29 31 32 33 34 35 36 37 38 40 41 42 43 45 46 48 49 50 51 52 53 54 55 57 58 59 
43 0 1 2 3 4 5 6 7 8 10 11 13 16 17 18 19 20 21 22 23 24 25 27 29 31 35 36 37 38 40 41 42 43 44 45 46 47 48 50 51 52 53 58 
47 0 2 3 5 6 7 8 9 10 11 12 13 14 15 16 17 19 20 22 23 24 25 26 27 28 29 31 32 33 35 36 38 39 40 42 44 46 47 48 49 50 51 54 55 56 57 58 
52 1 2 3 5 6 7 8 9 11 12 13 14 15 16 17 18 19 20 21 22 23 24 25 26 32 33 34 35 36 37 38 39 40 41 42 43 44 45 46 47 48 49 50 51 52 53 54 55 56 57 58 59 
44 0 1 2 4 5 6 7 9 11 12 13 14 16 17 18 19 22 23 24 25 28 29 30 31 32 34 35 36 37 39 40 42 43 44 45 46 47 48 51 53 54 56 57 59 
44 1 3 4 5 6 7 8 9 10 11 12 14 15 16 18 21 23 25 26 28 29 30 31 34 35 36 37 38 39 40 43 45 46 47 48 49 50 51 53 55 56 57 58 59 
43 0 2 5 8 9 10 11 12 14 15 16 17 18 20 21 22 23 24 25 28 29 31 32 33 34 35 36 37 38 39 41 42 43 44 45 46 49 50 51 52 54 55 59 
46 0 1 2 3 4 5 8 10 11 12 13 14 15 16 17 18 22 23 25 27 28 29 30 31 32 33 34 35 36 38 39 41 42 43 44 45 47 49 50 52 53 54 56 57 58 59 
36 3 4 5 6 7 8 12 13 14 16 18 19 20 21 22 23 25 27 29 32 37 38 40 41 43 44 46 47 49 50 54 55 56 57 58 59 
44 0 2 3 4 5 7 8 9 10 11 12 13 14 16 18 19 20 21 22 23 24 25 27 28 33 35 38 40 41 42 43 45 46 47 48 49 50 51 52 53 54 56 57 58 
43 0 1 3 4 5 6 7 8 10 12 14 15 16 18 19 20 21 24 25 29 30 31 32 33 34 36 37 38 39 42 43 46 47 50 51 52 53 54 55 56 57 58 59 
49 0 1 2 3 4 6 7 8 9 10 11 12 13 14 15 16 17 18 19 23 24 25 26 27 28 29 30 31 32 33 35 36 37 38 39 43 44 45 47 48 49 50 51 52 53 55 56 58 59 
47 0 1 3 4 5 6 9 10 11 12 13 14 15 16 17 18 19 20 21 23 24 25 28 29 30 31 32 33 34 37 38 39 40 41 42 43 44 45 47 48 50 51 52 53 54 55 59 
42 0 1 2 4 7 8 9 10 11 12 14 16 18 19 22 23 26 29 30 31 32 33 35 37 38 39 40 41 42 43 44 46 47 48 50 51 52 54 55 56 58 59 
48 0 1 2 3 5 6 8 9 10 11 14 15 16 17 18 19 20 21 22 23 24 25 26 28 29 30 31 32 33 34 35 36 40 41 42 43 45 46 47 48 49 50 52 53 54 55 58 59 
48 0 1 2 4 5 6 7 9 10 11 12 13 14 16 17 18 19 21 22 24 26 27 28 29 30 31 32 34 36 37 38 39 40 41 42 43 44 45 46 47 48 49 51 53 54 55 57 59 
40 1 4 6 7 8 10 11 12 13 14 16 17 18 20 21 23 24 26 27 28 29 31 32 36 37 38 39 40 41 43 44 45 46 49 51 54 55 57 58 59 
40 1 2 3 4 5 6 8 10 11 13 15 17 18 19 21 22 24 28 29 30 31 33 34 35 36 38 39 40 42 43 44 46 47 48 49 50 51 53 56 59 
46 0 3 4 5 6 7 8 9 10 12 13 14 15 16 17 18 20 21 23 24 25 28 30 31 32 33 34 36 38 40 41 42 43 44 45 46 48 50 51 52 53 54 55 57 58 59 
42 0 5 6 7 8 10 11 12 13 14 15 16 18 19 22 24 26 27 28 30 31 32 33 34 35 36 37 38 39 41 43 44 45 46 48 49 50 51 52 57 58 59 
50 0 2 4 6 7 8 9 10 12 13 14 15 16 17 18 19 21 23 24 25 27 28 29 30 31 32 33 34 35 36 38 39 40 41 42 43 44 45 46 47 48 49 50 51 53 54 55 56 57 58 
