60:60
30 1 2 4 5 7 8 10 14 15 16 17 18 24 25 28 29 30 33 34 42 43 44 45 46 47 51 55 56 57 59 
13 0 4 12 15 16 20 23 26 29 34 37 50 52 
14 9 12 13 28 29 35 39 45 47 50 51 55 57 59 
15 2 3 8 14 20 25 32 38 40 41 43 44 48 50 54 
14 1 5 8 10 20 27 29 30 40 42 43 53 54 55 
16 3 4 7 8 9 10 12 13 19 31 34 42 46 52 56 57 
22 1 4 10 11 12 13 15 20 25 26 28 30 31 32 35 36 42 43 49 53 57 58 
18 0 3 4 5 7 10 16 18 22 25 28 32 35 36 45 48 54 59 
9 9 13 15 22 27 30 42 54 56 
19 1 6 7 13 16 24 25 31 35 38 41 42 44 47 48 49 54 58 59 
18 1 3 6 9 10 12 16 17 19 21 28 33 36 37 48 54 56 59 
20 2 5 8 20 22 25 26 30 32 33 37 41 42 45 47 52 54 56 57 59 
23 4 10 13 14 15 16 19 20 21 23 24 25 26 27 28 30 36 38 40 41 44 51 52 
12 0 4 8 11 18 24 29 33 40 47 56 57 
15 0 2 3 8 16 21 25 28 29 30 33 42 45 46 57 
16 0 2 3 8 10 13 15 20 25 27 29 42 44 48 51 59 
13 3 4 5 9 17 28 35 39 40 45 48 54 57 
15 1 2 7 10 26 34 36 40 41 45 47 52 54 56 58 
16 2 3 5 7 8 10 11 22 23 40 41 42 43 53 58 59 
10 0 8 11 23 32 37 41 47 53 55 
17 2 13 14 15 16 18 21 24 27 31 32 37 41 43 46 51 59 
15 0 6 7 11 12 14 16 17 21 26 30 32 34 40 56 
15 1 11 13 17 21 30 31 42 47 49 50 51 53 58 59 
18 1 2 3 5 14 15 19 22 26 27 29 40 41 47 48 51 55 59 
10 10 19 22 27 28 30 38 41 48 58 
15 1 2 6 8 11 13 15 22 27 33 34 39 42 48 51 
15 5 6 9 11 20 24 29 39 42 43 46 48 49 53 58 
18 6 17 18 19 20 30 31 35 36 39 40 41 48 49 51 53 57 59 
14 1 2 7 8 9 16 19 20 21 24 44 49 56 58 
22 0 2 8 10 12 13 17 21 22 26 27 29 32 33 35 39 40 49 52 55 56 58 
12 1 6 7 10 13 14 24 28 29 43 50 58 
16 8 9 12 15 19 26 29 31 36 37 39 40 43 46 52 57 
15 0 3 9 17 21 26 33 35 37 39 41 50 52 55 57 
17 3 15 16 17 23 26 29 35 37 40 42 44 46 50 52 57 59 
14 0 1 6 10 16 21 26 27 31 41 42 51 53 58 
12 3 17 21 29 30 35 38 45 47 50 53 55 
14 8 13 14 24 25 26 32 33 42 45 51 54 56 58 
17 6 7 9 21 24 27 28 29 30 31 35 37 38 40 45 47 49 
11 3 10 23 27 29 30 34 40 45 50 52 
13 15 16 20 27 31 39 40 41 44 48 50 51 56 
16 6 8 9 10 13 14 17 21 25 35 38 41 44 48 57 59 
16 2 10 13 16 18 19 23 25 30 33 35 41 42 49 52 57 
17 6 7 12 23 25 28 31 33 37 38 42 43 45 47 53 54 58 
12 10 15 18 19 20 22 25 34 37 39 44 56 
12 0 2 4 18 19 20 36 37 47 48 51 55 
22 0 5 8 9 10 13 21 22 32 33 36 37 40 41 42 43 47 48 50 51 55 57 
8 7 14 15 20 27 36 49 50 
19 0 2 4 5 6 7 10 13 14 15 16 20 21 32 33 36 43 47 55 
19 3 8 13 19 22 23 26 27 30 31 34 41 42 43 50 52 53 54 56 
20 0 6 8 10 15 18 21 23 29 31 33 38 40 42 43 46 48 49 51 53 
20 0 1 3 4 5 12 21 24 25 26 28 31 41 45 46 52 54 55 57 58 
18 2 3 4 8 10 14 17 20 23 27 30 33 46 47 48 51 53 59 
12 1 4 6 15 21 24 33 38 43 45 50 54 
13 1 5 7 11 14 20 25 29 31 32 42 46 58 
17 4 6 12 14 23 24 26 28 29 32 33 35 47 49 53 54 57 
12 0 2 4 21 22 25 35 37 40 43 49 53 
22 1 2 5 8 10 12 17 18 20 21 22 24 26 30 34 41 44 49 50 52 53 55 
14 0 4 11 19 25 40 42 47 50 51 52 53 56 58 
12 2 12 18 21 24 33 35 37 50 57 58 59 
17 1 2 8 13 14 18 20 21 24 30 32 38 41 44 45 51 55 
