60:30
12 0 1 6 7 13 14 15 18 20 21 22 28 
13 0 5 7 9 13 15 16 20 21 22 24 25 26 
13 0 3 5 6 7 9 11 17 18 22 24 25 26 
18 1 4 6 8 12 13 14 16 17 19 20 23 24 25 26 27 28 29 
14 0 1 2 3 7 8 9 14 15 17 18 22 25 27 
19 1 2 4 6 7 10 13 15 16 17 18 21 22 23 25 26 27 28 29 
15 0 1 2 7 10 11 12 14 15 19 20 22 23 25 26 
19 0 1 3 6 7 8 9 12 13 14 16 18 20 22 23 25 27 28 29 
17 0 1 2 3 6 12 13 15 16 17 18 21 22 23 25 26 27 
14 0 4 5 6 7 8 9 12 16 17 19 24 25 29 
22 0 1 2 3 5 6 7 9 10 11 12 13 14 15 16 17 18 19 22 23 27 28 
15 3 7 9 11 13 14 16 18 21 22 23 24 27 28 29 
20 1 2 4 6 7 8 9 10 11 12 14 17 18 19 21 22 23 24 26 27 
16 0 2 3 6 10 11 13 14 18 19 20 21 25 26 28 29 
15 2 4 7 9 10 12 15 16 18 23 24 25 26 27 28 
13 2 6 7 11 12 15 16 17 19 23 24 25 28 
18 0 2 4 5 6 8 9 10 12 15 18 20 21 22 23 25 26 27 
17 1 3 5 6 7 10 11 15 18 19 20 22 23 24 25 27 28 
11 0 1 4 11 13 18 19 23 24 26 28 
13 2 4 5 6 7 8 9 10 14 18 19 21 27 
15 2 4 6 7 8 11 12 13 14 18 19 21 22 25 28 
16 0 1 2 4 5 6 10 11 14 16 17 22 24 25 26 29 
14 0 2 7 8 9 11 12 13 16 17 18 20 23 26 
14 0 1 3 5 7 8 9 10 12 14 15 23 25 28 
18 0 1 5 6 8 9 12 13 16 17 18 20 21 24 25 26 27 29 
12 1 4 5 7 9 13 15 16 17 20 24 25 
13 1 3 4 5 6 9 12 16 20 23 25 26 27 
15 1 2 5 7 8 11 12 15 17 19 20 21 22 26 28 
11 1 2 3 8 10 12 15 17 18 22 29 
13 0 2 5 10 11 14 15 18 20 22 23 25 26 
17 1 2 3 5 6 9 11 13 17 21 23 24 25 26 27 28 29 
19 0 2 3 4 5 6 7 8 9 12 14 16 19 20 22 23 24 25 26 
11 1 3 4 8 16 18 19 24 26 28 29 
12 0 1 2 4 6 7 9 12 16 20 27 28 
20 0 1 2 4 5 7 8 9 11 14 15 18 20 22 23 24 25 26 27 28 
17 2 4 5 6 7 8 10 12 13 15 19 20 21 24 25 28 29 
16 0 1 3 4 5 6 7 8 10 13 14 16 17 18 23 25 
17 2 3 4 5 9 10 12 13 15 17 19 20 21 22 26 27 28 
16 0 1 3 7 9 12 14 15 16 18 20 21 22 24 27 29 
16 0 1 2 4 7 8 9 10 12 15 18 19 22 24 26 29 
13 1 2 3 9 10 11 16 18 19 21 22 23 27 
7 0 14 16 17 21 23 29 
20 0 1 3 4 8 9 11 12 14 16 17 18 19 20 21 23 24 25 27 29 
16 0 1 3 4 6 7 11 17 18 21 23 25 26 27 28 29 
17 2 3 4 5 6 7 8 9 10 16 17 18 20 22 23 26 27 
16 0 3 5 7 9 12 13 14 18 20 21 24 25 26 28 29 
17 3 4 5 6 7 10 11 12 13 17 18 20 22 24 25 26 28 
16 2 3 7 10 13 14 15 16 17 19 20 21 22 23 27 28 
16 1 4 5 7 9 12 14 15 16 17 18 21 23 24 27 29 
15 3 7 8 10 12 13 14 16 17 20 23 25 26 28 29 
16 0 1 5 7 8 9 10 11 13 15 20 23 24 25 27 28 
17 2 3 7 8 10 11 12 13 16 19 21 22 23 24 25 27 29 
14 0 1 3 5 6 7 11 12 13 14 21 25 26 28 
10 1 2 10 13 16 17 19 22 25 29 
13 2 4 5 10 11 12 13 17 18 20 21 22 24 
14 0 1 2 3 4 5 7 8 19 20 21 22 26 28 
12 1 2 5 6 7 9 11 18 21 23 27 29 
16 0 1 3 4 5 7 9 10 12 13 15 17 22 25 27 29 
14 3 6 9 11 12 13 16 18 19 21 23 24 26 28 
13 5 6 7 9 17 18 20 22 23 25 26 27 29 
