60:60
40 1 2 3 4 5 6 7 8 9 11 14 16 17 18 19 20 21 22 23 25 28 32 34 36 37 38 39 40 41 43 45 47 48 49 50 55 56 57 58 59 
34 0 2 5 6 8 10 11 13 14 15 16 17 18 19 23 24 26 27 28 29 30 32 33 35 36 37 41 43 44 45 46 51 52 59 
22 0 1 5 7 11 12 14 18 21 23 24 25 28 35 36 41 42 46 50 51 53 57 
29 0 3 5 9 12 13 14 15 18 19 20 23 25 27 30 32 36 39 43 45 46 47 51 52 53 54 57 58 59 
35 1 2 3 4 5 6 7 9 11 13 14 15 18 19 20 21 23 24 26 28 29 30 32 33 34 36 42 43 46 47 53 54 55 56 59 
33 2 3 4 7 8 10 12 13 14 15 19 20 22 23 24 28 31 33 36 39 41 42 43 44 45 46 47 48 49 52 55 57 59 
29 0 2 4 5 6 7 8 9 10 12 14 15 16 19 21 24 26 28 31 33 37 40 41 43 44 48 51 57 59 
31 1 2 5 6 7 9 14 15 16 17 19 24 25 26 27 28 30 31 32 34 36 40 44 45 46 48 51 52 53 57 59 
29 0 3 5 6 10 13 16 18 19 21 25 26 29 30 33 35 36 38 41 44 45 47 48 49 53 54 55 58 59 
25 0 6 7 12 14 18 23 24 25 29 30 37 39 42 44 45 46 47 48 49 50 52 54 57 58 
26 0 1 3 4 5 6 10 13 17 18 21 23 27 28 29 30 31 36 39 41 44 47 53 56 57 59 
34 0 1 5 8 9 11 14 15 16 18 19 20 24 25 26 27 29 30 35 36 37 38 41 42 43 45 46 47 50 51 52 53 54 56 
31 0 1 5 7 8 9 10 11 12 14 15 18 23 25 27 29 30 32 35 36 41 43 45 46 47 48 50 53 56 57 59 
31 2 3 6 8 9 10 11 12 13 14 16 18 19 23 27 30 32 35 36 37 38 40 41 44 45 46 51 52 55 57 58 
30 0 2 4 7 8 10 12 14 18 20 21 22 24 28 29 31 37 38 39 40 41 43 44 48 49 54 55 56 57 59 
29 0 2 5 7 8 10 11 12 15 18 20 24 25 32 33 36 37 38 40 42 43 46 47 49 50 52 55 56 57 
32 0 3 5 6 7 11 12 18 20 21 22 23 24 28 30 31 32 34 35 36 38 39 40 41 42 43 44 46 47 49 51 55 
28 0 1 5 7 9 11 14 22 24 25 27 31 33 38 39 40 42 44 46 47 48 49 50 51 54 55 57 58 
33 1 2 6 7 9 13 14 15 16 20 21 23 25 27 28 30 31 32 33 36 38 39 40 43 44 45 47 48 49 52 57 58 59 
33 0 2 4 5 6 7 8 9 10 11 12 13 14 15 19 20 21 24 30 31 37 38 41 45 46 47 48 50 52 53 54 55 58 
32 1 3 6 7 9 10 14 15 16 21 22 24 25 29 30 32 33 35 36 37 39 40 45 46 47 51 54 55 56 57 58 59 
22 0 1 6 13 19 21 24 27 28 30 31 32 33 35 44 45 46 48 49 50 57 58 
30 0 2 7 10 12 15 17 18 19 20 21 24 27 28 30 31 32 33 34 36 38 41 44 45 46 48 49 54 56 59 
32 9 11 14 16 17 19 21 23 24 25 27 34 35 37 38 39 40 41 43 44 45 47 48 49 50 51 53 54 56 57 58 59 
29 1 2 3 5 8 9 10 12 16 19 20 21 22 24 29 30 33 38 39 41 43 44 47 49 52 53 57 58 59 
23 3 8 11 14 15 18 19 20 23 25 26 31 32 34 35 39 42 44 48 54 56 57 58 
30 2 5 6 8 11 12 13 17 19 20 21 23 24 27 31 34 35 36 37 38 40 41 44 46 51 52 53 54 55 56 
30 0 2 3 4 5 8 11 13 17 20 22 23 24 27 28 29 35 36 37 38 39 40 44 48 51 52 53 55 57 59 
35 0 2 3 5 6 9 10 13 16 17 19 20 22 23 24 25 28 29 30 33 36 38 40 41 43 45 46 49 52 53 54 55 56 58 59 
35 0 1 2 3 4 9 11 13 14 15 16 19 23 25 26 27 29 31 34 36 37 39 40 41 42 44 45 46 48 50 51 52 54 55 58 
28 2 3 5 6 12 13 15 16 18 21 24 26 27 28 29 30 31 32 33 37 39 42 46 47 48 52 55 56 
27 0 2 8 12 15 16 17 18 21 25 26 27 28 30 33 36 38 39 40 42 48 49 51 53 55 57 59 
24 0 2 5 7 10 15 18 23 24 27 29 31 32 34 35 38 42 43 44 45 50 51 53 55 
31 0 1 2 3 5 6 10 11 17 20 21 23 24 27 29 30 32 33 35 36 37 40 41 42 45 49 50 52 53 54 56 
34 0 2 3 5 7 9 10 17 19 22 23 24 25 27 28 29 30 31 32 34 35 38 40 41 43 44 45 49 51 52 54 56 57 59 
30 0 1 2 9 10 14 16 20 21 22 24 26 27 29 31 32 38 39 40 42 44 45 47 48 49 50 51 53 58 59 
28 2 4 5 9 11 13 15 16 18 19 22 25 26 28 29 30 35 38 41 44 47 49 53 54 56 57 58 59 
34 2 4 6 7 8 10 11 13 15 16 17 21 22 23 24 25 29 32 37 38 39 41 42 43 45 48 49 50 52 54 56 57 58 59 
26 6 7 10 11 17 18 19 20 22 24 26 29 31 33 34 36 40 41 43 44 47 49 54 55 57 59 
24 1 5 6 9 11 14 16 18 27 28 33 36 39 41 42 43 45 46 48 49 51 52 53 56 
30 0 3 5 7 10 14 17 18 19 21 24 25 28 30 32 33 35 36 39 40 43 45 49 51 52 53 54 57 58 59 
27 3 6 7 8 10 13 15 16 17 20 22 23 24 29 34 36 39 43 44 47 50 53 54 56 57 58 59 
27 0 1 2 3 5 6 10 11 13 18 21 23 27 29 30 31 32 35 38 41 42 43 45 46 49 50 57 
31 0 1 10 11 12 15 20 21 22 23 24 28 30 31 33 34 36 38 41 43 45 46 48 49 50 51 52 55 56 57 58 
31 0 1 2 5 6 8 10 11 14 16 19 21 23 25 27 35 36 37 38 39 41 42 44 47 48 49 51 52 53 54 59 
29 0 2 3 8 13 15 17 18 20 21 23 24 25 26 27 30 31 33 34 35 36 37 39 42 44 49 52 54 57 
34 0 1 5 6 9 10 11 12 14 15 16 18 19 20 22 23 24 25 26 27 35 36 37 38 40 42 43 44 48 52 54 56 57 58 
24 6 7 9 10 12 13 14 15 19 22 23 24 25 28 36 40 43 44 46 47 49 55 57 58 
29 0 3 4 8 10 13 16 17 18 23 24 25 27 30 32 33 34 37 38 43 45 46 49 51 52 53 56 57 59 
32 2 3 5 7 8 9 10 12 13 14 16 19 20 21 23 25 27 28 30 31 33 34 35 37 41 44 45 46 49 50 55 59 
31 0 1 2 6 7 9 14 15 22 23 25 27 28 30 35 37 38 40 41 42 43 44 45 46 47 48 49 52 53 54 57 
26 1 4 5 8 9 16 19 21 22 23 24 25 27 32 33 34 35 37 38 40 42 49 55 56 57 58 
26 1 2 3 7 13 15 17 18 22 23 26 29 30 35 36 37 38 40 41 43 44 47 48 52 54 59 
24 0 2 5 7 11 14 15 18 20 25 27 29 32 34 36 39 42 47 48 50 54 55 56 58 
32 2 3 10 11 12 13 14 18 19 21 23 24 25 26 27 28 29 31 32 33 34 37 44 47 49 50 51 52 53 54 55 57 
32 2 3 4 5 8 10 11 13 14 16 17 18 20 22 23 25 30 32 35 36 38 40 43 44 46 47 49 50 53 54 58 59 
29 2 4 6 7 8 9 12 13 15 16 18 23 29 30 31 33 34 36 37 39 44 45 47 48 49 50 54 57 58 
29 0 2 4 5 7 9 10 11 12 13 15 18 22 24 26 27 30 33 37 39 41 42 44 45 47 49 53 54 55 
29 3 4 5 8 9 12 13 16 19 22 25 26 28 33 36 38 40 41 43 44 45 46 48 49 50 51 53 58 59 
32 1 3 4 9 10 12 13 14 17 18 20 23 25 28 29 32 35 36 39 41 43 44 46 47 48 51 52 53 54 55 57 59 
