60:60
20 2 3 5 6 7 14 16 20 22 25 28 30 33 35 39 41 45 48 51 59 
15 13 16 18 19 29 32 33 34 37 42 48 50 57 58 59 
12 10 15 18 20 21 22 28 38 40 48 55 57 
19 2 5 6 9 10 14 15 23 26 29 38 40 41 44 48 49 52 56 58 
20 2 10 12 15 16 20 23 28 32 35 37 40 42 43 44 48 49 55 58 59 
8 7 19 29 30 43 54 56 57 
20 0 2 3 5 7 10 16 22 25 27 33 35 37 39 47 50 53 54 55 58 
12 0 1 2 4 15 19 20 27 46 50 51 57 
7 1 6 8 13 34 38 52 
13 1 3 6 7 8 17 18 25 43 45 48 52 57 
16 2 5 6 8 10 12 17 19 23 32 34 37 38 41 42 56 
18 0 1 2 5 6 9 11 12 19 20 21 22 31 41 42 44 45 58 
16 4 12 14 15 24 25 26 28 30 32 34 35 50 51 56 59 
15 0 3 5 7 11 12 18 19 22 32 34 39 42 48 52 
12 2 6 17 24 29 30 40 42 50 52 56 58 
19 0 6 9 11 17 19 20 30 34 35 36 37 39 41 42 43 48 50 52 
17 0 2 4 5 15 22 23 27 31 35 36 37 43 46 49 50 53 
13 0 2 3 6 24 28 35 42 43 49 50 57 59 
11 7 8 16 25 33 37 42 46 47 54 57 
20 3 6 10 11 15 18 20 21 23 26 27 30 35 42 43 44 47 48 55 58 
15 1 3 4 5 6 8 14 19 30 31 38 44 48 49 52 
11 0 2 10 11 18 21 35 37 43 55 57 
19 2 3 8 9 12 14 18 20 21 22 26 28 34 41 48 51 53 54 57 
13 3 4 8 9 18 21 23 24 42 43 47 49 52 
17 1 7 9 11 12 14 17 20 25 32 34 39 51 52 56 57 58 
17 0 3 6 8 9 15 20 31 36 38 42 43 46 47 48 49 53 
17 0 10 11 13 14 15 17 19 20 21 24 27 30 33 40 48 50 
19 0 7 10 12 13 15 16 19 21 23 31 33 39 42 43 46 49 53 55 
12 8 10 11 13 14 26 32 36 39 43 52 58 
20 1 2 5 6 8 10 15 17 21 28 34 36 39 40 44 47 50 54 56 59 
15 1 4 5 6 7 13 19 21 27 28 30 33 36 44 48 
15 0 9 12 15 16 17 21 22 23 29 34 36 42 47 55 
19 8 9 10 16 25 26 27 30 34 36 37 40 42 43 44 47 52 54 55 
12 6 10 11 27 30 35 38 41 46 55 58 59 
21 1 3 4 5 6 9 11 15 17 22 23 26 27 33 39 42 44 48 50 56 57 
12 2 4 8 11 29 32 40 44 53 54 58 59 
22 2 3 8 9 10 14 21 23 24 28 30 31 33 34 36 38 41 44 52 55 56 58 
15 1 3 10 11 14 15 22 28 29 30 37 40 44 51 55 
19 2 3 4 9 10 18 20 27 28 31 34 38 40 41 45 46 47 51 52 
17 2 3 5 7 8 11 16 20 23 28 32 34 40 43 55 56 59 
14 0 2 5 6 15 21 30 32 33 36 44 47 49 55 
15 3 4 13 19 21 23 28 29 32 44 49 50 52 56 59 
15 0 2 4 5 10 16 17 18 30 32 33 38 41 46 59 
16 0 5 7 10 11 16 27 28 30 31 36 37 50 55 57 58 
11 0 4 9 15 19 30 31 39 43 45 46 
16 4 6 18 19 21 24 25 29 31 33 38 42 43 44 53 55 
17 2 10 13 14 18 20 23 25 26 29 35 37 39 47 52 53 56 
12 0 9 21 24 32 34 39 45 48 49 52 59 
18 7 9 11 13 15 16 19 26 28 35 36 37 40 43 46 50 51 55 
13 6 8 15 21 24 30 31 34 43 46 47 49 56 
16 4 5 6 11 14 16 17 22 30 33 36 38 49 50 51 53 
16 0 4 5 6 9 11 12 16 17 22 24 33 40 43 51 58 
11 2 3 18 23 24 25 37 45 50 52 55 
14 0 5 7 9 16 24 25 27 35 38 40 52 55 58 
15 2 16 18 28 30 33 34 39 41 46 47 51 53 55 59 
7 3 19 43 48 50 52 54 
13 2 4 6 9 22 23 24 26 36 41 45 47 53 
14 1 3 7 16 22 29 30 31 35 43 46 49 54 57 
17 9 11 12 19 21 22 26 29 32 34 37 40 43 44 46 51 59 
18 1 6 8 10 12 19 22 24 27 28 29 33 35 36 39 46 49 54 
