60:30
12 1 6 7 8 9 14 16 17 19 22 26 27 
11 13 14 15 21 22 23 25 26 27 28 29 
16 1 5 6 8 12 13 14 17 18 19 21 22 23 25 26 28 
11 1 2 3 9 11 17 18 19 22 26 27 
18 0 1 2 3 6 11 13 14 15 16 19 21 22 23 24 25 28 29 
16 0 1 3 5 6 10 12 13 14 15 16 17 22 23 25 26 
14 0 1 2 6 8 9 18 22 23 24 25 26 27 29 
13 0 2 3 6 11 12 13 14 23 26 27 28 29 
13 0 1 8 9 10 11 16 19 20 23 25 26 27 
13 0 6 7 11 13 16 18 22 23 25 27 28 29 
13 1 2 4 8 9 12 14 16 17 19 20 21 29 
15 0 3 6 7 9 10 11 12 13 15 16 20 22 26 29 
14 4 5 7 9 14 15 16 17 18 20 21 23 24 25 
13 2 4 5 6 11 14 17 18 19 20 21 25 27 
11 2 3 5 7 8 9 11 18 19 21 25 
19 0 2 5 6 7 8 9 10 11 12 13 18 19 21 22 23 24 25 26 
16 1 2 6 8 9 10 12 13 15 19 21 24 26 27 28 29 
21 0 1 2 3 5 6 8 10 11 12 13 14 16 17 21 22 23 24 25 27 29 
16 0 1 2 4 5 8 10 12 17 19 20 22 23 24 25 29 
16 0 2 4 6 7 11 12 13 15 17 18 20 22 25 27 28 
14 2 3 6 15 16 17 18 20 22 24 25 27 28 29 
13 1 2 3 4 9 10 11 14 16 20 22 23 27 
17 2 3 4 8 10 11 12 14 16 17 18 19 21 22 23 27 28 
15 0 1 4 6 7 12 13 14 15 20 22 23 24 25 26 
15 5 8 9 11 15 16 17 18 20 21 22 23 27 28 29 
13 1 2 3 4 11 12 13 18 21 22 23 27 29 
11 2 6 8 10 12 14 17 21 24 27 28 
18 0 2 4 5 6 9 11 12 15 16 18 19 20 21 23 24 27 28 
12 1 6 8 10 11 12 13 15 17 19 20 22 
18 0 1 2 4 9 10 11 12 13 16 17 18 20 21 24 25 28 29 
11 5 7 13 14 15 18 22 25 26 27 29 
15 3 4 5 6 10 11 13 14 15 16 17 18 20 21 25 
13 2 7 8 10 13 15 16 19 22 23 24 25 27 
18 0 2 3 4 5 7 8 9 13 15 18 19 20 21 22 24 26 27 
19 2 3 4 6 7 10 11 12 13 14 17 20 21 24 25 26 27 28 29 
20 0 1 2 4 5 6 7 10 11 13 14 15 16 18 19 23 24 27 28 29 
11 1 2 6 7 11 14 15 19 21 25 26 
14 1 2 3 5 7 8 14 15 17 20 22 23 24 29 
20 0 1 2 3 4 5 6 7 8 11 12 13 14 16 17 19 21 27 28 29 
17 0 4 5 6 8 9 10 14 16 17 19 20 22 23 24 27 29 
13 1 3 8 10 11 12 17 20 21 22 27 28 29 
17 3 4 5 6 8 11 12 14 15 17 18 19 23 24 25 26 29 
14 0 1 2 6 7 9 11 14 19 20 24 26 27 29 
14 1 3 7 9 10 12 14 15 17 18 20 21 27 28 
11 1 3 4 7 11 12 13 20 21 23 25 
13 0 1 5 6 8 14 19 20 21 22 24 25 26 
12 2 4 5 9 11 12 14 15 19 20 24 27 
16 0 1 4 5 9 10 11 13 14 16 20 24 26 27 28 29 
13 0 4 7 12 13 15 16 22 23 26 27 28 29 
16 0 1 2 6 9 10 11 13 15 16 18 19 22 23 24 27 
15 1 2 6 7 10 12 13 14 15 16 18 23 26 27 29 
20 0 1 2 3 5 6 7 10 11 13 14 18 20 21 22 24 26 27 28 29 
18 0 2 3 4 5 7 8 9 10 11 12 15 17 21 23 26 27 28 
14 0 1 2 5 11 12 14 15 16 22 23 25 26 28 
19 0 2 4 6 8 11 12 13 15 16 17 18 22 23 24 25 26 28 29 
16 0 1 2 3 4 5 6 7 8 10 13 14 17 20 28 29 
13 0 1 3 6 9 10 12 14 15 16 23 25 26 
13 2 3 6 7 8 11 14 19 22 23 26 27 29 
14 1 6 8 10 12 13 14 16 17 18 19 23 26 27 
20 0 1 3 4 8 9 10 15 16 17 19 20 21 22 23 24 25 27 28 29 
