60:90
27 2 7 8 9 10 13 15 16 22 25 28 35 38 41 49 50 55 65 67 70 71 73 78 80 81 82 89 
29 7 8 9 11 12 14 16 17 25 26 28 33 34 42 43 45 48 50 52 63 68 69 74 75 80 81 85 86 89 
16 1 3 4 5 24 25 32 36 44 49 53 55 56 65 74 89 
23 3 4 11 12 14 15 16 19 23 28 35 40 43 44 49 51 53 54 61 74 75 76 84 
28 1 3 13 14 17 18 24 26 30 35 36 38 39 46 47 48 49 52 54 59 60 64 69 71 80 82 85 87 
23 7 13 22 24 28 29 33 38 47 50 53 56 57 60 61 62 64 68 70 75 78 81 86 
13 0 1 3 23 34 47 63 66 73 74 76 83 89 
30 3 4 5 7 8 12 14 15 19 25 27 29 30 32 35 36 37 41 51 52 62 63 66 67 71 79 80 81 83 88 
21 6 7 16 18 20 21 22 36 37 49 52 54 57 62 68 74 77 80 82 83 89 
20 0 3 4 6 9 11 21 28 31 32 39 42 45 53 62 66 69 73 79 89 
24 1 6 9 19 20 25 27 33 34 36 43 45 48 51 57 58 66 68 70 72 78 81 87 88 
19 6 12 16 21 30 32 33 39 41 52 56 59 63 67 70 73 75 85 89 
16 16 19 20 21 25 26 38 39 48 52 55 59 60 66 68 74 
21 1 3 10 14 18 28 30 34 42 43 48 57 67 69 70 71 73 74 83 85 86 
19 1 3 9 18 20 29 31 33 37 38 39 48 63 64 71 78 83 87 89 
24 1 5 7 10 16 23 29 31 41 43 45 46 48 50 53 59 62 64 69 71 72 74 83 87 
30 1 5 7 8 10 14 16 20 21 25 29 30 33 35 36 42 45 55 59 61 64 68 69 71 76 78 80 83 86 89 
27 1 2 4 10 15 20 22 26 30 32 33 35 38 43 44 45 53 62 65 70 71 73 76 78 81 82 84 
19 2 5 12 17 18 27 34 36 47 52 57 63 68 76 79 81 84 86 89 
19 0 1 4 17 22 23 24 34 49 51 56 57 64 66 69 70 71 73 81 
25 1 3 12 18 20 22 23 32 33 36 41 47 50 51 53 54 56 59 61 72 79 82 83 84 88 
17 20 21 22 24 27 37 42 50 60 62 69 70 76 80 82 84 86 
27 0 2 5 6 9 11 19 20 23 24 26 30 31 49 53 56 61 67 68 69 71 77 79 80 85 86 89 
27 7 8 9 10 12 23 24 25 26 31 35 46 52 54 57 59 61 62 64 68 69 73 80 82 84 85 89 
20 11 12 14 16 17 22 24 25 29 37 39 42 43 44 50 57 60 76 83 89 
24 0 1 3 5 12 14 20 21 27 29 32 36 37 45 47 49 54 62 69 72 76 77 82 84 
23 0 1 5 11 12 14 17 26 30 33 36 38 47 49 53 54 56 57 66 76 78 82 85 
31 0 1 3 5 6 10 14 20 23 27 33 35 36 41 46 50 51 53 55 58 60 62 64 65 66 68 69 70 72 74 80 
22 0 5 21 22 29 33 34 38 40 46 49 52 58 59 63 67 73 77 80 83 85 89 
20 10 24 25 27 33 41 46 53 54 56 58 59 60 67 68 77 78 80 87 88 
22 1 2 3 7 20 34 36 41 42 43 47 49 53 55 59 69 71 72 74 79 85 87 
22 0 7 10 11 14 21 33 36 37 43 44 47 49 54 55 60 73 75 76 78 84 86 
22 3 8 12 24 32 40 42 43 47 52 53 57 59 68 72 76 78 80 82 83 84 89 
30 0 4 7 12 13 14 16 17 19 22 24 25 29 31 33 37 42 47 50 52 53 56 57 59 60 62 76 84 85 86 
22 10 12 15 21 23 27 28 32 33 34 43 45 46 56 59 68 75 77 82 83 84 88 
20 9 12 13 19 25 31 33 35 42 45 50 51 61 64 67 72 83 84 87 88 
20 8 10 13 14 22 27 31 34 40 43 48 55 63 64 67 72 73 77 82 84 
22 4 13 16 22 24 29 32 35 39 43 46 49 55 59 60 63 64 69 71 73 76 81 
16 7 11 13 14 18 20 25 26 39 40 42 50 76 77 83 87 
24 5 9 11 12 13 17 19 20 23 25 28 35 36 53 56 62 66 71 72 74 80 81 82 83 
12 15 24 29 37 50 51 54 64 69 75 81 86 
20 1 6 11 14 19 21 22 25 33 43 46 50 55 59 63 67 68 74 85 87 
21 5 6 7 12 13 20 21 22 27 28 33 35 43 50 51 52 64 69 73 78 87 
29 3 7 8 13 15 19 23 24 25 27 28 32 41 42 44 47 48 49 50 52 55 57 58 68 71 75 76 84 89 
27 4 12 14 17 19 21 23 29 34 36 37 38 42 43 44 45 46 56 61 63 65 67 68 71 78 84 86 
22 6 7 9 10 11 18 19 20 21 25 34 35 37 42 48 54 59 69 71 78 82 86 
18 2 3 4 14 19 22 31 34 42 43 61 65 67 72 73 75 80 88 
11 15 21 22 35 37 42 45 50 51 53 75 
23 0 1 3 5 8 9 14 18 28 30 33 40 41 42 49 54 58 59 60 74 77 79 85 
24 1 2 9 10 14 18 19 25 32 44 54 55 57 58 60 63 65 66 73 74 78 79 87 89 
18 4 8 9 10 12 23 28 34 38 40 43 47 49 53 54 55 80 86 
19 4 16 17 19 20 23 25 26 41 43 45 48 65 66 78 82 84 88 89 
27 7 10 11 12 21 22 25 26 36 37 38 41 44 45 48 53 54 57 58 59 64 65 67 68 73 85 86 
15 4 8 9 10 13 16 17 18 21 22 30 34 39 55 66 
31 4 8 9 10 11 15 18 25 26 27 38 39 40 41 42 44 45 53 54 56 59 63 64 65 67 70 72 73 75 76 87 
19 0 2 22 27 28 34 48 49 53 56 59 60 63 70 71 76 77 82 83 
19 2 15 17 19 28 29 30 33 38 41 51 63 69 70 71 75 81 84 89 
21 1 4 7 11 14 20 21 31 34 38 44 49 50 55 59 68 74 76 80 85 87 
24 7 9 14 19 22 23 24 26 30 31 32 33 48 49 56 59 65 69 70 74 81 82 83 88 
22 3 4 5 6 18 26 32 35 43 49 53 56 58 60 63 64 65 69 70 73 83 85 
