60:90
53 0 1 2 4 8 10 11 13 14 15 18 21 22 23 25 26 28 30 32 33 35 36 37 38 39 40 41 43 46 47 48 49 50 51 53 58 59 64 65 66 67 69 72 73 74 75 77 78 79 82 83 84 89 
48 0 1 3 4 7 8 9 10 12 15 17 19 20 21 24 27 31 32 33 34 35 36 39 40 42 43 47 48 49 50 51 53 54 55 57 58 64 65 66 70 71 73 75 77 78 82 83 86 
53 0 1 3 4 5 6 7 9 10 11 12 14 15 17 18 19 20 21 25 26 28 29 31 37 38 40 41 44 45 46 48 49 50 53 54 55 56 57 58 61 62 63 67 69 70 71 73 74 76 77 82 87 89 
38 2 8 12 13 15 16 17 23 24 30 32 33 36 40 41 43 45 49 50 51 59 61 62 65 69 71 73 74 77 78 79 80 83 85 86 87 88 89 
39 2 6 11 12 16 17 21 22 23 24 31 32 34 35 36 37 40 42 44 46 48 50 52 53 56 58 59 60 68 69 73 74 75 79 80 81 84 86 89 
39 2 3 6 7 11 13 14 17 19 21 22 28 29 30 31 33 37 39 43 44 45 46 51 53 58 59 65 66 67 68 69 71 74 78 81 84 86 87 88 
47 1 2 3 5 7 11 13 14 15 16 17 18 25 26 27 32 33 35 36 38 40 42 43 44 45 48 50 51 53 55 57 58 59 60 61 63 66 68 72 73 78 79 80 81 82 86 87 
44 0 3 4 5 7 8 9 13 14 16 19 23 25 27 28 33 34 37 38 40 43 44 45 46 47 53 55 58 59 60 61 63 67 70 71 73 74 76 78 79 80 84 86 88 
37 5 7 10 11 15 17 20 23 28 29 31 33 37 41 42 45 48 49 50 52 55 58 64 65 66 69 72 73 74 75 76 79 80 81 84 86 89 
47 3 4 12 13 15 18 19 20 21 23 24 25 27 32 33 34 36 37 38 39 41 43 46 47 48 51 52 53 54 55 57 61 62 63 65 68 69 70 71 72 73 74 80 82 83 85 87 
50 0 1 3 4 5 6 7 8 10 11 12 14 15 16 17 18 19 26 28 30 31 32 34 36 41 42 46 50 51 52 54 57 60 61 62 63 67 71 73 74 75 78 79 80 81 83 84 86 88 89 
57 1 2 3 4 5 7 8 9 10 11 14 15 16 19 20 21 26 29 32 33 34 36 38 39 40 41 43 44 45 46 47 49 51 53 55 56 58 59 60 61 62 64 65 66 67 68 71 73 75 77 78 81 83 85 86 87 88 
52 0 1 3 6 7 8 9 14 15 19 20 21 22 24 26 29 30 31 32 35 38 40 43 44 48 49 50 52 53 54 55 56 58 59 61 63 64 65 66 67 69 71 72 73 74 76 79 82 83 85 87 88 
44 0 2 5 6 9 10 11 12 13 16 20 21 22 23 25 27 28 35 36 38 41 42 43 47 49 51 55 57 58 59 60 61 66 67 68 69 71 74 81 83 84 85 87 89 
41 0 1 2 3 4 7 15 16 17 19 22 24 26 29 31 32 34 38 44 45 48 49 51 52 53 54 55 56 57 63 65 68 70 75 76 77 79 84 86 87 88 
35 5 6 9 10 11 14 16 17 23 26 33 38 39 40 44 49 50 52 53 54 56 57 60 61 66 67 72 73 76 77 78 79 81 83 88 
44 1 2 4 6 8 9 10 11 12 13 15 20 21 22 24 25 27 29 30 31 33 36 37 39 42 44 45 48 51 53 54 55 56 63 66 68 70 78 80 81 83 84 87 89 
47 2 4 7 9 10 17 20 22 23 24 25 26 30 31 32 33 34 35 36 37 40 41 43 47 49 50 51 52 54 57 58 59 60 65 66 68 71 74 76 77 78 79 80 84 87 88 89 
50 3 4 6 7 9 10 11 13 14 16 19 21 22 23 24 25 26 28 33 34 38 39 44 45 46 47 49 51 52 55 56 57 58 60 64 67 68 69 71 73 76 77 78 79 80 81 83 85 87 89 
53 3 5 6 7 8 9 10 13 14 16 19 22 23 24 25 27 28 30 31 32 33 34 35 36 37 39 42 43 44 45 47 48 50 52 54 58 59 60 61 62 65 69 70 71 72 75 76 78 79 80 84 85 87 
45 0 1 2 3 4 10 12 14 16 17 21 22 30 31 36 40 41 43 44 45 46 47 49 51 52 53 55 57 61 62 66 67 69 72 74 75 79 81 82 83 84 85 86 87 89 
47 1 4 5 9 13 14 15 18 19 20 21 24 29 33 34 37 38 40 41 42 43 44 45 46 47 48 50 53 54 57 58 61 65 68 70 71 72 74 76 79 80 81 82 84 85 87 89 
53 0 2 4 5 8 11 12 15 19 20 21 27 28 31 32 33 34 35 36 37 38 39 40 43 46 47 49 51 52 53 55 56 59 60 61 64 66 67 68 69 71 72 73 74 75 76 78 81 83 84 86 87 88 
55 3 4 6 7 8 9 12 13 14 16 17 18 20 21 23 24 27 28 29 36 37 38 39 41 42 43 44 45 47 49 52 53 54 55 56 57 59 60 61 64 67 68 73 76 77 78 79 80 82 83 84 85 87 88 89 
43 0 3 4 6 8 9 15 17 18 20 24 29 30 31 34 35 36 37 38 39 40 42 43 46 48 50 53 54 57 59 64 68 70 73 76 77 78 79 85 86 87 88 89 
46 3 4 5 6 7 10 13 14 15 17 20 22 23 24 25 27 28 30 31 33 35 36 37 39 43 45 48 50 52 54 55 56 63 64 67 69 70 73 76 78 80 82 83 85 88 89 
41 0 2 3 5 8 9 14 16 22 24 25 26 28 29 31 36 37 38 39 41 42 43 46 47 51 53 54 55 62 69 70 71 72 75 77 78 79 80 81 84 85 
46 5 6 7 10 11 12 15 17 18 21 23 24 25 26 27 28 30 34 35 37 38 40 44 45 47 49 50 51 53 54 56 58 61 62 63 66 68 69 70 71 72 76 84 85 86 87 
42 3 5 10 11 12 13 14 15 18 20 21 23 27 28 31 32 33 34 37 38 40 49 50 52 54 57 61 67 68 69 71 74 76 78 79 80 81 83 84 85 86 88 
37 1 2 3 4 6 9 14 16 19 25 28 29 32 35 38 40 42 44 45 49 52 54 60 62 63 67 70 73 77 79 80 81 83 85 86 87 89 
44 0 1 2 3 4 6 7 8 9 11 13 15 16 17 18 22 27 28 30 31 33 36 37 38 40 44 46 47 50 51 52 53 55 58 59 60 64 67 70 72 73 75 79 88 
41 0 1 6 7 8 9 10 11 12 13 14 19 20 21 22 26 30 34 38 40 41 43 47 54 58 59 60 63 65 67 70 71 72 74 78 79 81 82 85 86 88 
46 3 7 8 10 11 13 14 16 17 19 20 21 25 27 28 29 30 33 34 35 36 39 40 44 46 47 49 51 52 53 55 60 61 62 64 66 67 68 72 73 74 76 79 83 87 89 
42 0 2 3 6 8 9 10 15 16 17 19 20 24 25 29 33 34 35 36 37 39 41 43 47 51 52 53 54 55 63 64 67 68 70 73 74 78 80 84 86 88 89 
47 0 2 3 4 5 7 8 9 13 15 16 17 18 19 20 24 31 34 35 36 37 38 39 40 42 43 44 47 48 51 54 55 59 60 61 63 64 67 68 75 79 81 82 83 85 86 87 
45 1 2 3 7 9 10 17 18 19 20 25 26 29 31 32 33 34 35 37 38 39 40 41 42 44 46 47 51 52 53 59 63 66 67 68 72 74 76 79 80 82 84 85 88 89 
45 0 2 3 4 8 9 14 15 16 18 19 23 24 26 29 30 32 33 34 36 38 39 40 45 46 47 49 50 53 54 57 63 64 67 69 70 72 73 76 79 80 82 84 85 89 
45 0 1 2 5 8 9 10 13 15 17 18 21 24 29 35 36 37 38 41 42 43 44 45 47 48 52 53 55 57 59 60 62 65 66 69 70 71 76 77 78 80 83 85 88 89 
45 0 1 2 3 4 5 7 8 9 14 15 17 22 23 24 25 26 29 30 34 38 40 41 42 45 46 47 52 53 54 57 58 59 62 64 69 70 72 75 76 80 86 87 88 89 
46 1 2 3 5 11 12 13 14 16 17 18 20 22 24 25 26 27 28 31 34 35 37 42 43 45 49 52 53 54 55 56 60 61 64 65 66 69 71 72 73 79 80 81 83 85 86 
49 0 1 2 3 4 5 7 9 14 15 19 25 27 29 30 31 33 36 37 38 39 40 43 45 46 47 49 52 53 54 55 57 58 59 61 63 64 67 70 71 73 74 77 78 79 82 84 86 89 
50 0 1 3 4 5 7 9 10 11 17 18 19 25 26 29 30 31 32 33 34 36 38 40 41 42 44 46 52 54 55 60 61 62 64 65 66 67 68 69 70 72 74 76 78 79 81 84 85 86 88 
44 1 2 5 6 7 8 10 12 14 16 20 21 24 26 27 29 30 33 35 36 37 38 46 52 55 58 60 61 62 64 65 66 68 70 72 77 80 82 83 84 85 86 88 89 
36 0 4 8 9 10 12 18 20 21 22 25 28 30 32 34 37 41 45 47 51 52 53 56 57 60 62 67 68 70 74 75 77 83 86 87 88 
43 1 3 4 5 7 12 14 17 19 20 24 27 30 31 33 34 35 37 39 43 44 45 48 50 52 53 55 57 59 65 67 68 71 72 73 75 76 77 78 80 82 87 88 
41 2 3 4 5 7 11 12 16 17 18 19 21 23 26 28 29 30 32 34 35 38 47 56 57 58 59 62 64 67 69 70 71 72 73 74 78 79 80 83 84 86 
42 0 1 2 6 11 12 14 15 18 24 26 27 29 32 33 34 35 38 40 46 49 50 51 53 55 56 57 58 60 61 66 69 71 72 75 79 80 81 83 84 86 87 
43 1 2 3 6 10 11 13 16 17 18 21 23 24 28 30 33 34 35 36 37 38 40 41 43 48 52 58 60 62 64 66 67 68 70 71 73 74 75 78 81 85 86 87 
48 1 2 3 4 5 6 9 10 12 13 16 17 18 20 26 27 29 30 32 33 34 37 38 39 40 46 47 48 51 54 55 56 59 62 63 64 65 69 71 75 76 77 78 81 82 83 85 89 
44 0 2 3 5 13 17 26 28 29 34 35 36 40 41 43 45 47 48 50 51 52 55 56 57 60 61 62 64 65 68 72 73 78 79 80 81 82 83 84 85 86 87 88 89 
36 0 1 5 6 9 11 12 17 18 22 25 26 27 29 33 34 36 41 43 47 49 50 53 58 59 60 65 69 72 76 78 79 84 85 86 88 
48 1 2 3 4 5 6 8 9 14 15 18 19 24 25 26 29 30 31 32 33 35 37 38 40 42 43 46 48 49 50 51 52 53 54 55 56 57 58 60 61 62 63 64 77 79 83 84 87 
49 3 4 5 8 9 12 17 18 19 21 22 23 24 25 28 29 30 31 33 34 36 37 39 40 43 44 45 46 50 51 54 55 59 61 62 64 66 67 70 71 72 73 79 81 82 83 87 88 89 
45 0 1 5 8 13 14 15 18 23 24 25 30 33 36 37 38 39 41 42 44 45 47 49 50 55 56 57 58 60 62 63 65 68 69 70 71 72 78 81 82 85 86 87 88 89 
34 2 3 6 7 8 12 14 23 26 30 32 33 35 37 39 41 44 49 50 53 58 62 63 65 66 68 72 75 77 79 81 84 86 87 
50 0 1 2 4 8 10 11 13 14 18 19 20 23 25 28 29 34 35 36 37 41 42 45 47 48 51 53 54 55 56 58 60 62 64 65 66 68 71 74 75 76 79 81 82 83 84 85 86 88 89 
48 0 3 5 9 10 11 13 14 15 17 18 19 20 22 27 28 29 30 31 33 35 36 38 39 41 42 45 47 54 55 57 58 62 66 67 69 70 71 74 75 76 77 80 81 84 85 86 89 
44 0 1 2 4 5 7 9 13 19 22 23 24 25 26 31 32 33 34 35 36 41 43 44 45 48 53 55 56 57 59 63 66 67 71 74 75 76 77 79 80 82 87 88 89 
46 1 4 9 12 13 14 17 18 19 22 24 25 27 28 29 31 32 35 36 37 40 41 47 48 51 52 54 56 57 59 60 63 64 65 67 69 70 71 74 78 79 81 83 84 86 87 
47 0 2 3 4 6 9 10 11 12 13 14 18 19 20 21 22 24 25 27 28 30 36 37 39 42 43 45 48 49 52 53 56 60 61 64 68 69 70 72 73 77 79 81 84 86 88 89 
