60:30
8 2 3 6 10 18 21 26 29 
4 4 7 19 23 
4 2 20 24 29 
8 0 9 10 11 14 18 25 27 
9 6 9 12 14 15 18 25 27 29 
6 2 6 16 19 24 29 
11 1 5 11 12 14 15 17 20 21 25 26 
5 1 10 12 15 18 
7 0 3 9 11 19 21 26 
5 10 11 22 25 26 
6 2 4 13 19 20 22 
7 6 7 10 12 13 18 19 
11 0 2 4 8 11 13 14 16 19 20 26 
4 5 21 22 28 
13 0 3 6 8 10 12 13 16 18 20 23 26 29 
6 11 14 17 19 28 29 
5 5 6 9 12 19 
11 0 6 7 8 9 10 14 15 19 23 26 
7 0 2 3 8 13 16 19 
6 1 4 11 14 18 23 
10 1 3 10 13 14 18 19 20 23 27 
3 3 9 10 
8 3 5 17 18 19 24 25 27 
10 1 3 4 8 13 14 17 18 20 26 
6 8 9 12 20 25 29 
5 0 14 16 22 23 
4 3 13 27 28 
9 2 3 7 11 12 14 17 19 23 
8 1 4 8 18 19 22 23 28 
6 3 8 9 10 26 29 
9 1 3 4 5 7 10 20 24 25 
7 1 7 10 15 20 25 29 
7 12 19 20 23 24 26 28 
8 0 7 8 9 12 19 26 27 
5 1 7 15 16 20 
8 1 9 14 16 20 25 26 27 
3 10 12 19 
10 1 3 8 9 10 11 13 21 22 28 
9 6 8 11 14 16 20 23 24 27 
9 1 2 4 15 19 21 23 26 28 
8 5 9 10 13 15 17 18 29 
10 1 2 7 14 19 21 23 24 27 29 
4 4 13 22 27 
7 4 6 18 19 25 26 28 
7 3 12 15 17 18 20 29 
7 8 13 16 17 19 20 29 
7 7 8 12 17 20 23 29 
5 2 8 26 28 29 
6 8 13 15 20 21 28 
10 7 8 12 13 16 20 26 27 28 29 
7 3 5 7 8 15 17 22 
6 5 7 8 13 16 20 
8 3 4 6 9 10 12 16 26 
8 3 7 8 9 11 16 25 28 
7 0 7 12 13 14 19 27 
9 4 7 9 10 13 15 16 25 27 
9 1 8 10 11 12 13 16 27 29 
5 2 19 20 21 26 
8 1 6 8 12 24 25 27 29 
7 4 10 16 23 24 28 29 
