60:90
37 5 6 7 8 14 15 16 17 18 22 23 25 26 30 32 33 34 35 38 40 47 48 49 53 56 57 58 65 67 70 73 75 77 78 81 83 84 
42 1 3 4 6 8 15 19 21 22 23 27 28 30 33 35 37 40 42 44 46 48 50 52 53 54 55 57 58 59 67 68 70 71 72 73 74 76 77 79 80 82 89 
43 4 6 7 8 9 11 13 18 19 20 21 22 24 26 32 34 40 42 43 44 45 47 52 55 59 60 62 64 65 66 68 69 72 73 75 76 77 79 80 81 82 87 88 
44 2 4 6 9 12 13 17 18 19 20 22 23 24 25 26 29 31 33 38 39 40 41 43 46 47 49 51 53 55 56 62 63 66 67 71 72 78 80 83 85 86 87 88 89 
44 0 3 4 5 6 9 12 14 16 19 20 22 23 24 27 28 30 31 34 35 36 37 40 41 47 51 52 54 56 63 66 68 69 72 73 74 75 76 77 81 83 85 87 89 
44 3 6 9 10 11 12 15 18 19 21 24 25 31 32 39 40 42 43 44 45 47 48 49 52 53 54 55 57 58 59 62 67 70 74 75 78 79 80 81 83 84 85 87 88 
51 0 3 6 7 8 10 14 17 18 19 20 21 22 23 26 32 33 34 35 36 39 40 42 44 45 46 47 50 51 52 55 56 59 60 61 62 65 66 67 70 71 72 73 77 78 80 82 83 84 86 89 
49 0 1 2 3 5 6 7 8 9 12 13 14 15 16 17 20 22 23 24 27 29 36 37 39 41 42 43 49 50 56 58 59 60 66 67 68 71 72 74 75 76 79 80 81 83 84 86 88 89 
41 2 4 5 8 9 12 13 16 18 19 20 22 28 29 30 35 37 39 40 41 46 52 53 57 59 60 62 64 68 71 72 76 77 78 81 82 84 85 87 88 89 
53 0 1 2 3 4 5 7 8 10 11 12 13 14 15 16 17 18 20 21 25 28 30 31 32 33 36 37 39 40 44 47 48 49 51 52 54 55 58 59 61 62 63 64 68 70 74 76 77 78 79 81 86 89 
37 3 4 6 12 13 14 18 20 22 23 26 29 30 31 39 41 43 45 47 48 49 50 53 55 56 58 62 64 67 72 76 78 79 81 83 87 89 
48 3 4 5 6 7 8 9 11 13 15 18 22 24 28 29 30 31 34 35 38 39 41 42 44 45 46 47 49 52 54 55 58 60 61 65 66 70 75 79 80 81 83 84 85 86 87 88 89 
51 0 2 3 4 5 6 9 10 11 12 13 17 19 24 26 27 28 29 31 32 33 35 36 39 40 41 42 43 44 45 46 48 51 53 55 56 60 61 63 65 67 68 73 74 76 77 80 83 85 86 87 
44 1 2 4 8 9 13 16 17 18 21 23 25 26 29 31 32 39 40 41 43 47 49 50 51 55 57 58 61 69 71 74 75 76 77 78 79 80 81 83 84 85 86 87 88 
39 14 15 18 19 20 26 27 29 32 34 35 36 40 42 43 44 46 47 48 51 52 54 55 57 59 61 62 63 65 66 67 68 69 72 80 82 84 85 89 
38 0 1 3 4 10 11 12 13 14 17 23 27 29 32 33 34 42 43 44 46 53 55 56 57 61 63 64 67 69 70 71 73 79 80 83 84 86 87 
51 5 6 7 9 15 21 22 24 25 26 27 29 34 35 36 37 41 42 43 44 45 46 49 50 51 52 54 55 56 58 61 62 64 65 66 67 70 72 73 75 76 77 78 79 80 81 83 84 86 87 88 
37 1 2 3 7 11 12 14 16 18 19 21 23 24 26 33 34 40 45 50 54 55 56 59 60 62 63 65 67 70 71 72 76 77 79 80 85 87 
42 2 5 18 21 24 25 27 31 33 35 38 39 40 43 45 48 50 52 53 55 56 57 58 59 61 62 65 66 67 68 69 70 71 72 73 74 78 83 85 87 88 89 
50 0 1 2 5 6 8 9 10 11 13 16 17 22 23 28 32 33 34 35 36 38 39 44 45 46 47 48 49 51 53 56 57 58 59 60 65 66 67 69 70 72 73 74 75 76 81 82 83 86 89 
51 0 1 2 3 5 6 8 9 10 12 13 17 18 19 24 25 28 31 33 34 35 36 38 41 42 43 45 47 48 50 53 55 60 61 62 66 67 68 69 71 73 74 75 76 79 81 82 83 84 85 86 
45 1 2 4 5 6 7 8 12 14 15 16 17 18 22 25 26 27 28 29 32 33 35 36 37 39 41 42 44 46 47 49 56 60 63 65 67 68 69 71 73 74 82 86 87 89 
42 3 4 9 10 12 20 22 24 25 26 28 29 32 34 35 36 38 39 41 43 48 50 52 53 54 55 56 57 58 62 64 65 71 72 75 77 82 83 84 85 86 89 
55 0 2 4 7 8 10 11 12 13 14 16 18 19 21 23 24 25 26 29 30 31 33 35 36 39 41 43 47 49 50 51 52 53 54 56 58 59 60 61 63 65 66 68 69 71 72 74 79 80 82 83 84 87 88 89 
45 1 2 3 4 5 9 10 12 13 14 15 16 18 19 21 22 23 25 29 31 32 33 34 36 37 40 41 43 46 50 53 55 56 59 62 67 70 75 77 78 79 81 83 84 88 
38 2 3 5 12 13 14 15 18 20 21 23 25 27 29 30 32 35 38 40 42 43 47 50 52 54 57 58 60 64 65 67 71 72 74 75 76 83 89 
45 1 3 6 9 12 13 14 16 19 22 26 27 29 31 33 34 35 36 38 40 42 43 46 47 51 52 55 57 59 61 63 64 65 66 67 70 71 72 75 79 81 82 84 85 86 
40 0 1 4 5 6 9 10 12 17 18 20 21 26 27 33 36 38 43 44 45 47 49 52 53 55 56 58 60 64 65 68 71 72 74 77 80 81 85 88 89 
47 1 2 3 4 5 10 14 15 16 17 18 19 22 23 24 27 30 31 33 34 39 41 42 45 47 48 50 51 54 56 57 61 62 64 65 68 69 70 72 75 77 79 80 82 84 86 89 
45 1 2 6 7 9 11 12 16 17 18 20 21 22 23 26 27 28 31 38 39 40 42 48 50 51 52 55 56 58 61 63 65 66 68 69 73 74 75 78 79 81 82 85 88 89 
41 2 3 4 5 9 15 16 18 19 22 23 25 27 28 29 32 34 35 36 38 47 50 55 56 59 61 64 66 67 69 70 72 73 74 79 81 83 84 87 88 89 
46 0 1 3 4 5 7 9 14 15 18 20 23 24 29 30 31 33 34 36 37 38 40 43 44 47 52 53 55 56 58 59 60 61 62 66 69 71 75 77 78 79 81 82 83 85 88 
42 0 1 2 6 7 10 12 13 14 17 19 22 26 27 29 30 31 33 35 36 37 40 42 43 44 51 53 54 56 58 60 61 66 71 74 77 80 82 85 86 88 89 
45 1 5 6 9 10 11 12 14 15 17 19 26 27 28 30 31 33 35 36 38 39 40 41 43 44 45 48 50 51 52 53 57 59 61 62 70 72 74 75 78 79 80 82 85 87 
35 0 1 2 6 16 21 22 26 28 30 32 33 34 36 37 40 41 43 47 48 51 54 57 58 61 67 68 76 82 83 84 85 86 87 89 
47 0 1 4 6 10 12 13 14 15 18 22 24 26 27 28 31 32 33 35 36 37 38 43 46 51 52 53 55 58 59 60 61 62 63 64 68 72 73 74 79 80 81 82 84 85 87 89 
52 0 1 2 3 6 8 9 10 12 13 16 18 19 20 22 24 30 31 32 33 34 36 38 40 42 44 45 46 51 52 55 56 57 58 59 60 61 62 63 66 67 68 72 74 76 77 78 79 82 86 88 89 
47 0 3 6 9 10 11 14 15 16 17 18 19 20 22 27 29 30 33 34 35 37 38 39 48 50 53 54 56 57 60 61 63 64 66 67 68 72 73 74 76 77 79 81 82 85 86 89 
46 1 2 3 4 6 10 11 18 20 23 25 27 28 29 30 32 34 36 38 41 42 43 44 46 49 50 53 55 56 57 58 62 64 67 70 71 72 74 75 77 78 79 80 83 87 89 
46 3 7 8 9 12 13 14 20 21 22 23 24 25 28 32 38 39 40 45 46 47 48 49 50 51 52 54 55 56 58 59 61 62 63 65 74 77 78 80 82 84 85 86 87 88 89 
50 2 4 5 8 9 12 14 15 16 17 21 22 25 26 29 30 32 34 35 36 37 38 39 41 45 46 47 48 49 51 52 55 56 57 58 59 60 61 64 66 67 70 73 74 75 76 77 78 86 89 
50 1 3 4 6 7 11 13 14 18 19 20 22 23 28 30 31 34 37 38 40 44 45 47 49 50 51 53 54 57 58 59 60 62 63 67 68 69 70 72 75 76 77 78 82 83 84 86 87 88 89 
48 0 1 2 4 7 8 10 11 13 14 15 17 19 20 23 25 27 28 30 31 32 34 35 36 39 41 42 44 46 47 49 50 53 60 61 65 70 73 74 75 77 78 80 82 83 84 85 89 
39 0 1 2 3 10 12 13 14 16 17 18 22 27 31 37 38 39 43 45 48 50 52 55 57 58 59 60 65 66 67 68 71 72 74 81 83 84 85 86 
48 0 2 6 8 16 17 18 19 20 21 22 24 25 27 29 31 33 34 35 36 37 38 42 43 44 46 48 51 56 57 58 60 61 62 63 65 66 70 71 72 78 81 82 83 84 86 87 88 
53 0 1 2 3 4 6 8 9 10 12 15 16 17 18 20 23 24 25 28 30 31 32 33 37 39 40 42 48 49 50 51 52 53 54 55 56 57 60 61 62 63 64 67 68 71 72 73 76 79 81 82 84 86 
42 2 4 5 7 12 13 18 20 21 23 24 25 26 27 28 30 33 39 42 45 46 50 51 53 54 56 57 59 60 61 62 64 65 70 71 72 77 78 85 86 88 89 
35 0 2 10 12 15 16 17 21 22 24 27 29 31 33 38 44 45 46 48 51 52 55 61 65 66 68 70 72 78 79 80 83 85 88 89 
48 0 4 5 6 8 10 11 12 13 14 17 19 20 22 23 24 25 30 32 36 37 38 41 43 45 48 49 52 53 56 58 59 60 62 63 67 68 69 72 74 78 79 80 81 83 84 88 89 
46 2 4 7 9 10 12 13 14 15 17 19 20 21 22 23 26 28 32 33 35 38 41 48 51 56 58 60 61 63 64 65 67 68 72 73 74 75 76 77 79 80 81 83 84 85 88 
42 0 1 6 7 9 10 12 14 20 21 24 25 26 28 30 31 34 38 40 42 43 48 50 53 54 58 60 62 63 66 67 68 69 70 72 76 80 82 83 86 87 89 
53 0 2 3 4 7 8 12 13 14 15 16 20 21 22 24 25 27 29 32 33 35 36 42 43 44 46 47 48 49 52 53 54 58 59 60 61 62 63 65 70 71 72 74 75 76 77 79 81 83 85 86 87 88 
45 0 1 7 8 9 12 13 14 17 18 19 22 24 27 28 29 31 35 36 39 42 43 45 47 49 50 54 57 58 62 63 64 65 70 72 73 74 75 77 79 80 81 83 85 88 
35 3 4 5 6 7 9 12 16 26 29 31 32 34 39 40 41 42 44 45 46 47 50 59 60 62 63 64 70 75 78 79 82 84 86 88 
38 1 2 3 10 13 15 16 17 18 22 24 28 30 31 32 39 40 45 47 55 56 57 61 62 63 64 66 68 71 72 75 76 78 81 85 87 88 89 
46 1 4 6 7 8 9 13 19 21 22 23 24 26 28 29 30 36 37 38 41 43 45 46 47 48 52 54 55 60 61 65 66 67 70 71 75 76 79 80 81 82 83 84 86 88 89 
45 1 3 7 9 10 11 12 16 17 19 23 24 26 29 31 36 37 38 39 41 42 44 45 47 48 51 52 53 54 55 56 57 62 64 66 67 68 70 78 79 80 82 84 87 88 
48 0 3 4 6 8 9 10 12 13 14 17 18 19 20 24 25 26 27 28 33 35 36 37 41 44 45 46 47 48 50 53 54 56 60 62 64 65 67 68 70 73 75 76 78 82 83 86 87 
49 2 5 6 11 12 14 15 17 19 23 24 25 27 28 29 30 31 32 33 34 35 37 38 43 46 47 48 49 51 52 53 55 57 59 62 63 64 65 67 69 72 73 76 77 78 80 83 85 87 
44 2 4 6 7 9 10 11 13 20 22 23 24 25 27 29 31 32 33 34 35 38 40 46 47 48 49 50 52 57 62 63 66 68 70 71 72 73 74 75 76 79 86 88 89 
