60:90
19 2 4 11 29 30 33 37 55 57 60 63 64 66 70 72 74 77 78 86 
18 6 15 17 18 19 20 26 31 32 39 41 53 55 71 76 78 80 88 
25 2 4 8 13 16 18 20 24 25 26 28 30 36 40 42 52 55 58 60 68 70 71 73 77 82 
21 2 6 9 12 23 24 31 42 43 44 45 52 53 55 58 59 65 66 82 84 88 
18 6 13 19 23 29 31 32 34 36 41 43 49 50 52 58 63 68 79 
20 0 2 13 20 31 45 48 49 51 54 56 58 59 65 71 72 73 74 76 80 
23 2 3 8 9 10 25 28 29 32 34 39 43 44 49 50 58 65 69 76 77 81 83 85 
22 4 5 9 15 16 22 23 29 30 34 41 43 56 61 63 68 69 70 72 76 77 79 
23 12 14 15 16 17 19 21 25 26 32 35 40 41 45 47 48 50 65 69 70 73 74 76 
25 1 9 13 17 21 22 25 29 30 33 35 41 42 44 48 50 52 54 55 64 82 83 84 85 86 
17 10 11 17 27 29 40 47 50 54 64 67 68 69 72 78 79 80 
22 4 14 22 23 32 37 41 49 50 53 54 56 63 64 72 73 77 79 80 82 85 87 
28 5 6 11 14 20 21 22 23 24 25 26 29 31 41 44 46 47 49 52 55 57 60 64 65 66 68 73 74 
27 3 6 11 12 14 17 25 30 31 32 34 38 41 46 48 50 53 56 57 70 71 74 75 77 78 86 88 
22 0 5 7 13 16 20 25 33 39 44 52 60 66 67 68 70 71 77 79 82 87 88 
27 0 4 5 8 11 14 18 37 43 46 49 52 56 59 60 62 63 64 66 68 74 77 78 80 83 84 85 
24 1 4 5 17 22 25 30 33 35 36 39 41 49 54 59 62 69 70 75 77 78 79 80 87 
25 0 2 3 4 9 10 17 23 32 34 38 49 52 55 59 60 63 65 72 78 79 81 83 85 86 
20 8 11 20 22 25 29 33 34 36 45 51 55 58 64 67 69 77 81 88 89 
23 2 3 4 5 16 19 22 29 31 34 37 39 44 45 51 55 61 65 68 76 82 87 89 
23 0 2 7 9 10 15 27 30 32 41 42 55 56 60 63 66 69 71 72 80 84 87 89 
19 4 7 8 18 28 31 41 46 48 49 57 58 62 63 67 72 78 81 83 
19 5 8 21 27 28 29 35 37 43 46 54 55 58 63 69 70 71 74 79 
20 1 3 4 5 9 24 28 35 36 42 48 54 55 61 62 64 69 71 82 85 
24 2 3 6 7 13 19 22 26 30 31 32 39 43 47 54 58 60 65 66 67 69 71 81 82 
24 3 4 11 15 18 20 28 29 35 36 37 41 44 51 52 60 61 62 63 66 73 74 85 86 
32 1 3 4 5 10 11 13 17 18 22 24 27 28 31 34 37 38 39 42 43 50 54 56 63 67 69 70 76 78 80 86 88 
19 2 10 11 21 26 37 42 44 50 65 67 68 70 72 73 75 82 86 88 
19 1 2 4 10 12 13 15 19 23 28 32 34 35 40 41 45 75 76 88 
23 2 3 4 6 8 13 19 23 31 40 44 48 52 53 63 67 69 70 75 76 80 83 84 
28 1 2 7 14 18 21 28 31 32 36 43 44 46 48 49 50 57 58 60 63 65 68 69 72 73 75 79 80 
21 2 3 6 12 14 21 22 27 36 37 49 50 52 53 54 66 67 75 79 81 88 
19 14 20 21 22 26 31 35 40 41 42 45 56 58 60 65 66 67 83 85 
20 0 5 14 15 19 21 25 27 37 38 47 49 53 56 60 68 70 71 80 89 
23 3 6 7 10 24 25 26 35 38 40 42 49 54 57 60 61 62 67 69 71 76 77 80 
22 3 8 14 16 17 20 28 29 31 34 37 40 48 51 55 57 59 63 67 72 85 87 
26 2 6 8 14 15 18 24 25 29 34 38 40 49 50 54 55 56 64 65 66 69 72 75 76 82 88 
25 0 1 10 11 12 19 21 26 33 35 36 38 41 49 51 52 57 59 66 67 69 77 79 85 86 
29 0 6 9 11 18 32 36 37 40 43 46 47 48 49 50 54 57 58 59 62 64 65 66 68 72 78 81 85 88 
20 0 4 21 27 29 33 38 41 44 52 54 56 62 65 70 72 75 76 78 86 
21 5 9 14 16 19 24 26 30 37 40 45 51 58 62 66 72 77 81 83 86 89 
15 9 16 21 25 31 33 35 38 42 50 67 71 72 80 86 
16 3 8 15 20 22 23 37 41 43 44 46 57 64 78 79 86 
24 2 5 8 9 17 18 20 21 25 27 30 33 35 40 41 42 44 53 56 64 71 78 80 85 
26 3 8 11 13 14 18 21 23 24 26 28 29 33 38 44 57 63 65 67 69 72 75 78 79 84 88 
24 0 5 11 14 18 21 27 28 31 32 33 36 50 55 57 58 62 63 68 70 78 79 80 81 
18 10 13 17 38 39 40 46 50 51 53 58 59 60 62 66 75 80 87 
27 1 6 7 8 19 20 26 29 30 32 35 38 46 47 52 53 54 57 60 65 71 75 76 80 86 87 88 
22 0 2 7 9 19 32 36 43 49 54 55 56 65 66 72 75 82 84 85 86 87 89 
23 5 8 9 14 23 26 29 35 36 39 46 48 50 51 54 56 58 74 77 78 80 82 86 
21 1 3 12 14 15 22 25 27 33 39 41 44 46 51 58 60 63 65 67 73 79 
26 2 8 16 17 27 31 32 33 35 36 39 40 46 48 53 56 57 62 64 67 70 83 84 86 87 89 
27 0 1 3 5 6 7 8 14 15 22 23 25 39 43 46 47 55 58 59 61 64 65 67 70 76 86 88 
18 10 18 23 30 34 35 36 40 41 45 55 57 61 62 65 77 83 89 
22 2 3 6 10 14 22 32 33 35 36 39 43 47 51 52 59 60 69 71 72 82 84 
20 3 6 8 14 15 24 41 48 50 52 54 61 66 67 73 78 80 81 83 88 
31 0 3 5 11 17 21 22 24 25 29 31 33 34 36 43 45 47 48 50 54 57 60 61 64 69 70 72 74 83 85 86 
29 2 3 4 9 13 19 20 21 23 31 36 37 40 47 53 55 56 63 64 65 66 67 68 71 72 74 77 81 82 
30 0 4 5 7 15 17 18 23 24 25 32 33 35 40 41 43 44 46 49 53 55 56 60 61 72 73 75 80 81 84 
21 3 8 12 15 18 20 21 25 26 32 41 42 43 54 58 64 68 71 79 81 87 
