60:60
14 0 1 18 20 21 23 36 41 42 43 49 52 55 56 
12 4 6 7 16 19 29 33 34 36 41 46 59 
23 0 5 6 11 19 23 25 26 27 28 29 30 33 35 37 40 41 43 44 50 52 56 59 
12 1 10 13 20 22 23 34 35 45 50 53 58 
19 2 3 6 7 13 15 16 23 25 30 35 37 41 42 45 48 50 58 59 
10 0 6 15 16 19 24 40 53 54 56 
11 5 28 33 35 38 39 40 45 51 56 57 
17 0 1 4 9 14 15 19 21 25 30 34 37 40 41 47 48 58 
14 2 6 22 33 34 35 40 42 45 46 47 53 54 57 
19 0 8 9 11 12 17 18 21 24 29 33 34 42 43 45 46 47 48 50 
17 2 4 8 11 12 15 19 24 28 33 34 40 45 51 54 55 56 
8 7 15 17 19 43 44 53 59 
16 13 14 18 21 25 30 32 34 38 40 44 46 48 49 50 56 
15 0 3 8 13 20 24 25 27 29 32 35 44 49 54 56 
20 6 7 9 10 14 19 20 24 26 27 28 29 37 40 44 54 55 56 57 58 
13 1 2 3 5 10 19 29 30 31 32 46 47 53 
15 7 8 11 12 13 20 23 27 31 34 39 42 53 58 59 
17 0 2 7 9 16 22 23 29 35 36 43 44 47 51 52 54 57 
12 0 1 11 13 17 18 36 40 47 48 49 54 
23 1 3 8 11 13 14 15 16 20 21 22 27 31 37 41 42 43 45 48 51 53 54 58 
19 0 1 8 9 17 18 21 22 25 30 31 34 42 43 45 51 52 57 58 
18 1 7 11 12 17 19 20 23 27 28 34 37 44 45 47 50 55 57 
10 1 9 14 22 27 38 39 44 49 52 
10 5 6 12 13 15 29 36 45 51 53 
15 9 10 15 19 20 22 25 33 37 38 41 50 52 57 58 
14 3 13 15 18 19 21 22 26 29 31 39 42 48 53 
16 1 7 9 16 19 28 29 30 38 39 43 44 45 47 48 53 
14 0 2 4 8 15 22 29 34 36 39 49 50 51 53 
9 2 19 25 36 41 45 49 53 54 
15 1 2 7 8 10 12 15 30 33 34 41 48 50 51 57 
17 10 14 15 19 20 22 23 30 35 37 43 44 47 50 55 57 59 
17 3 10 11 14 22 25 28 31 35 41 42 44 45 49 50 51 52 
12 3 4 5 9 14 18 27 32 37 41 45 49 
17 4 6 11 12 18 24 32 34 35 36 38 42 47 48 50 56 58 
14 2 11 16 17 19 27 28 37 40 41 42 47 53 58 
10 5 7 10 13 40 44 47 49 54 58 
17 2 3 16 17 20 22 23 26 28 30 32 37 41 46 55 56 59 
12 0 1 5 6 8 21 30 37 39 43 45 51 
18 0 11 13 14 15 19 21 25 27 30 32 36 38 45 46 47 50 59 
10 0 6 9 11 14 39 47 50 52 57 
13 1 8 10 12 16 25 27 38 45 51 52 53 54 
16 0 1 6 13 16 18 20 23 27 28 31 33 38 52 53 58 
19 0 1 4 12 16 28 31 33 35 37 39 42 44 45 47 49 52 55 59 
14 1 2 4 9 13 16 17 20 25 31 42 49 53 55 
18 0 2 4 6 8 16 20 21 25 31 32 35 36 39 40 41 42 52 
17 0 8 11 13 15 24 25 26 30 34 35 36 39 45 50 52 55 
13 0 2 5 13 15 16 23 26 36 38 44 47 55 
17 1 13 14 18 19 22 23 24 33 36 39 41 46 49 51 52 54 
15 0 1 9 20 21 23 24 25 30 33 43 50 52 53 55 
15 1 3 4 7 11 14 15 28 39 40 42 45 55 57 58 
10 1 6 17 20 27 36 38 44 47 51 
19 6 7 9 11 14 18 23 24 25 27 34 37 43 46 49 51 55 57 58 
21 11 12 13 14 17 18 21 23 25 26 31 32 36 38 39 42 43 50 54 56 57 
14 1 5 6 9 16 21 27 28 29 32 34 37 38 43 
12 3 8 13 15 16 17 22 23 29 49 51 58 
14 4 5 6 8 14 15 18 22 26 28 29 39 45 57 
18 3 6 14 17 19 20 26 29 31 33 35 44 46 48 49 51 55 57 
15 3 5 13 16 19 22 25 26 33 36 37 40 42 53 58 
14 0 6 16 19 25 34 40 44 45 47 50 51 57 59 
21 1 3 5 6 9 10 14 25 29 30 31 32 33 35 36 42 43 45 47 49 55 
