60:30
18 0 2 3 6 8 9 10 12 15 16 17 18 19 21 22 24 28 29 
16 0 2 3 4 6 7 8 14 15 16 17 20 21 25 26 27 
15 0 4 6 7 8 9 13 15 18 19 20 22 24 25 26 
17 0 1 2 3 9 10 13 15 16 18 19 21 22 23 24 27 28 
11 0 6 7 12 13 14 15 17 22 24 26 
12 1 2 3 6 8 10 12 14 15 21 23 24 
14 0 1 5 6 8 10 11 13 14 17 19 23 25 26 
17 0 1 2 3 7 8 10 11 12 15 16 17 18 19 21 27 28 
14 4 5 6 7 9 13 14 15 20 22 25 27 28 29 
16 1 5 6 7 8 11 13 14 15 18 21 22 24 26 28 29 
15 1 2 5 11 13 15 16 19 20 21 24 26 27 28 29 
14 1 2 3 5 6 11 12 15 18 19 20 21 27 28 
17 0 1 4 7 8 10 15 16 17 18 19 22 23 25 26 27 28 
14 8 9 10 11 12 13 14 17 21 22 23 25 26 28 
17 0 1 2 3 5 11 12 14 16 18 19 23 25 26 27 28 29 
12 2 3 5 6 8 9 20 22 25 27 28 29 
17 3 4 5 7 11 13 14 15 16 17 18 19 21 23 24 27 28 
14 0 6 9 10 15 16 17 18 19 20 21 23 24 29 
10 3 8 12 15 18 23 24 25 27 28 
16 0 2 9 10 14 15 17 18 19 22 24 25 26 27 28 29 
16 1 2 3 4 5 6 7 10 11 12 16 17 19 22 25 29 
11 0 1 10 15 17 18 19 21 22 25 26 
18 0 1 2 4 6 8 9 10 12 13 15 16 17 18 23 26 27 29 
17 0 3 4 6 8 14 15 16 17 19 20 21 22 24 25 28 29 
13 3 4 5 7 9 10 12 15 20 24 25 27 29 
18 0 1 3 4 7 8 10 11 12 14 15 17 19 23 25 27 28 29 
13 4 5 8 10 12 14 15 20 21 23 25 26 27 
17 1 3 4 6 9 11 12 13 14 15 16 18 19 22 23 26 28 
16 2 3 4 6 7 8 9 11 14 16 17 19 21 25 28 29 
12 1 3 5 7 8 10 13 15 16 21 22 26 
10 5 7 8 9 10 13 15 16 23 26 
13 1 3 4 5 9 11 12 14 16 19 21 22 26 
18 1 2 3 5 8 9 11 12 14 17 19 20 21 25 26 27 28 29 
13 0 2 4 5 9 10 11 14 19 20 21 23 27 
12 0 1 5 8 9 10 14 17 21 23 24 28 
11 2 3 4 6 10 12 17 19 21 27 28 
13 0 1 3 4 6 9 16 17 22 23 27 28 29 
15 0 2 7 9 10 11 13 15 17 21 23 25 27 28 29 
12 3 7 9 10 11 13 14 17 19 25 28 29 
17 1 2 3 4 7 8 11 13 15 17 18 19 21 23 25 26 27 
11 5 6 8 9 10 13 16 19 25 26 27 
13 4 5 8 9 10 13 18 20 21 22 23 25 28 
10 2 3 12 14 15 16 18 26 27 29 
15 1 2 3 7 8 9 10 11 12 15 17 18 25 26 29 
13 0 3 5 6 9 10 11 15 18 19 23 27 29 
15 0 6 8 10 14 16 17 19 20 21 22 23 26 27 28 
18 0 1 2 4 5 7 8 10 13 15 18 23 24 25 26 27 28 29 
13 1 2 3 4 5 12 14 17 19 21 22 23 25 
11 2 6 9 10 14 17 19 20 21 25 27 
15 0 2 5 9 11 14 15 18 20 22 24 26 27 28 29 
13 3 4 5 8 10 11 13 14 15 16 19 22 25 
15 1 5 6 7 8 9 10 11 14 17 21 24 25 26 28 
20 1 2 3 6 8 10 11 13 14 17 18 20 21 22 24 25 26 27 28 29 
16 2 4 5 9 10 11 13 14 15 16 17 18 20 23 24 29 
13 2 3 5 6 8 9 12 17 18 19 23 24 25 
16 0 1 2 3 4 5 7 9 14 19 21 23 24 26 27 29 
10 0 2 8 12 13 15 23 25 26 27 
14 0 5 7 11 15 16 18 20 22 23 24 25 27 29 
13 0 1 2 4 6 8 9 16 18 19 23 24 25 
16 0 1 3 4 5 6 7 8 9 12 13 14 19 22 25 28 
