60:30
7 3 11 15 20 22 23 27 
8 3 9 12 13 15 21 24 29 
6 7 8 10 14 18 27 
5 10 14 16 20 29 
12 1 2 3 8 9 14 15 16 19 24 26 27 
7 2 9 18 19 24 25 27 
6 0 3 10 12 18 26 
7 2 5 6 12 13 28 29 
7 4 7 13 23 24 28 29 
5 6 13 15 20 25 
5 1 6 13 19 28 
8 4 5 6 7 10 18 26 29 
9 1 4 7 8 13 14 18 21 28 
9 0 1 3 6 9 16 21 24 25 
10 0 1 4 6 13 18 23 26 28 29 
6 7 18 23 24 25 28 
11 2 4 5 8 10 13 14 23 26 27 28 
11 3 5 6 7 9 11 12 13 18 19 23 
10 0 3 5 6 8 9 12 13 24 29 
9 8 10 11 13 14 15 19 25 26 
4 4 6 19 28 
8 1 8 10 15 17 23 25 28 
7 0 6 8 9 15 18 27 
10 2 3 4 7 11 13 16 20 21 23 
9 0 5 6 7 12 17 22 26 28 
4 2 9 11 28 
6 2 4 6 14 19 27 
7 12 14 15 16 25 28 29 
7 0 6 11 21 25 27 29 
8 0 6 8 12 17 19 20 22 
6 8 11 16 21 22 28 
8 0 2 4 9 12 17 21 24 
10 0 7 8 10 12 13 15 16 21 28 
10 1 3 10 11 15 19 20 21 22 28 
7 4 5 12 14 16 25 27 
4 9 15 16 27 
4 4 5 11 22 
9 0 2 4 5 6 12 17 19 24 
10 0 3 6 9 10 13 15 18 22 25 
9 1 4 6 11 13 14 16 17 22 
7 0 4 16 18 20 22 26 
3 0 17 29 
11 1 4 7 8 9 14 20 22 24 25 28 
8 0 2 5 7 10 22 27 28 
7 0 2 3 11 15 18 20 
12 1 2 3 4 6 9 11 14 15 23 24 25 
9 7 10 17 18 19 20 24 25 29 
6 15 17 20 23 26 29 
8 9 12 13 14 22 23 27 29 
5 0 6 13 21 27 
7 0 3 9 17 20 25 29 
4 15 17 25 29 
10 4 9 16 17 20 24 26 27 28 29 
9 1 4 11 13 14 17 19 21 24 
8 1 2 5 15 17 18 20 24 
7 4 11 15 18 21 23 24 
10 3 9 12 13 15 16 17 26 27 29 
5 15 18 20 25 27 
7 1 5 6 7 13 16 20 
5 5 11 15 20 25 
