60:30
19 1 2 3 5 9 10 11 12 13 15 17 18 20 21 23 24 26 28 29 
14 2 3 6 8 11 12 13 16 18 20 21 22 23 25 
11 2 5 8 12 14 17 18 22 23 26 29 
19 0 1 2 4 5 6 9 13 15 17 18 19 20 21 22 23 24 25 26 
13 1 5 7 10 13 15 16 20 21 23 25 26 29 
17 0 2 3 5 6 8 9 10 11 13 18 20 21 23 24 25 29 
15 1 2 3 6 8 10 13 15 17 18 20 21 25 27 28 
17 0 1 4 5 6 8 10 12 13 15 17 20 22 24 26 27 29 
15 1 5 6 7 11 12 14 15 16 17 18 21 22 23 24 
18 0 2 5 7 8 10 11 13 14 15 17 18 21 22 23 24 27 28 
16 1 2 3 4 5 6 8 10 11 13 16 17 19 20 22 26 
16 0 2 5 7 8 9 13 15 16 20 21 22 25 26 27 29 
17 0 3 4 6 7 8 10 12 14 16 17 19 20 22 25 27 28 
18 0 2 3 6 7 8 9 11 14 15 18 19 21 22 23 25 26 28 
20 0 1 2 4 5 7 8 10 11 12 13 14 15 16 17 18 20 21 24 27 
16 0 1 2 3 7 10 11 12 13 19 21 22 25 26 28 29 
12 2 6 7 8 9 10 15 16 18 22 24 29 
13 0 1 3 4 6 8 12 15 18 19 22 25 28 
18 0 1 2 3 5 8 9 10 11 12 17 18 21 24 26 27 28 29 
13 0 1 3 4 5 7 11 16 22 24 26 27 28 
16 0 1 3 5 6 7 9 10 12 13 14 15 18 22 25 28 
15 0 3 5 7 10 12 14 16 17 19 21 22 23 24 29 
19 0 1 3 6 7 8 9 10 12 13 15 16 18 20 21 23 24 26 29 
17 0 2 3 6 7 8 9 10 11 13 15 18 21 22 23 26 27 
13 0 2 5 12 14 15 16 18 19 23 25 27 29 
17 3 6 7 8 10 11 15 17 18 21 22 23 24 25 27 28 29 
14 0 2 3 4 7 8 10 11 13 17 18 20 22 23 
19 0 1 4 5 6 7 8 9 10 13 14 15 22 23 24 25 27 28 29 
13 0 1 2 4 5 7 9 12 17 20 22 26 27 
16 0 2 3 5 10 11 12 14 16 17 18 22 23 24 25 28 
20 0 1 2 3 5 6 10 11 12 13 15 16 18 19 21 23 24 25 26 27 
15 1 2 3 4 11 15 16 18 20 21 23 24 25 26 29 
17 0 2 3 6 9 10 11 12 15 16 17 20 21 23 24 25 26 
18 1 2 3 4 5 6 8 11 13 14 16 19 20 22 25 26 27 28 
14 0 4 5 6 7 9 12 16 18 21 23 24 27 28 
18 0 1 3 6 7 8 9 10 11 13 15 19 22 23 24 26 28 29 
15 0 3 9 12 13 14 16 17 18 19 20 22 24 25 28 
11 0 1 2 6 14 16 23 25 26 27 29 
17 0 3 4 6 8 9 10 13 14 18 20 21 23 25 26 27 28 
20 1 3 5 6 7 9 10 11 13 14 15 17 19 21 23 24 25 26 27 28 
19 0 3 4 6 7 9 10 12 13 14 16 17 19 20 21 22 23 26 28 
17 0 1 2 3 4 8 11 13 16 17 19 20 21 24 25 26 29 
14 0 1 5 6 7 8 9 10 11 16 20 21 27 28 
12 2 8 9 10 11 12 13 15 21 23 25 26 
16 1 2 3 9 10 11 12 13 15 18 19 20 25 26 27 28 
21 1 2 3 4 6 7 10 11 12 16 17 18 19 21 22 23 24 25 27 28 29 
15 2 4 7 10 11 13 14 15 16 17 21 24 25 28 29 
13 2 3 5 8 10 12 13 15 17 19 22 24 27 
17 0 3 5 6 10 11 12 13 14 15 18 20 22 23 24 25 27 
14 2 4 6 9 10 12 14 16 17 19 22 24 26 27 
18 2 4 7 8 9 10 12 13 14 16 17 21 22 24 25 27 28 29 
14 1 3 7 8 11 15 16 18 21 22 23 24 25 29 
15 1 2 4 7 8 10 12 15 18 19 22 23 27 28 29 
14 0 1 4 5 6 8 11 14 15 18 23 24 25 29 
13 0 1 7 8 11 12 13 14 15 18 24 25 27 
12 1 3 9 14 16 19 22 23 24 25 27 29 
11 1 5 6 8 9 14 16 17 21 26 27 
15 2 6 7 9 10 13 14 15 16 17 18 20 22 25 29 
15 0 2 4 7 9 10 11 13 16 18 21 23 24 25 29 
18 0 1 2 3 6 7 11 12 13 14 16 17 19 21 23 26 27 29 
