60:60
17 0 5 7 15 18 20 23 27 28 29 34 36 38 40 44 48 59 
20 1 3 4 7 8 9 11 19 21 24 25 29 31 34 36 37 39 40 45 54 
20 4 7 8 9 11 14 15 20 24 28 32 33 36 37 39 40 52 55 56 57 
17 2 4 7 11 15 16 20 24 25 28 29 34 35 37 38 44 59 
13 4 5 8 9 18 20 25 29 43 49 52 54 58 
12 2 8 18 27 31 43 44 45 51 53 58 59 
12 10 19 22 35 37 42 44 46 48 51 52 58 
19 0 5 13 18 19 22 26 27 29 38 39 41 42 44 46 47 51 52 56 
12 4 16 21 22 32 34 36 38 42 43 52 57 
19 4 5 6 9 10 11 13 20 22 24 26 30 33 34 36 39 42 51 56 
14 2 3 6 12 13 23 25 29 34 37 50 51 52 54 
21 18 19 20 22 23 24 27 28 29 31 33 34 35 40 41 44 45 52 54 56 59 
17 1 4 8 9 11 14 24 26 31 36 39 41 43 48 50 52 59 
14 1 4 5 7 9 17 19 26 27 28 42 48 52 59 
13 1 3 8 12 15 17 28 33 37 40 43 49 51 
24 0 1 3 7 9 10 12 17 19 21 22 27 28 36 38 41 45 46 48 50 53 55 58 59 
15 1 5 11 23 25 35 37 38 39 42 44 46 52 53 59 
20 0 1 7 10 11 13 16 18 19 24 32 40 45 47 48 49 50 52 56 57 
14 0 3 8 12 16 19 21 23 29 30 35 40 56 58 
19 0 4 5 6 10 14 15 18 22 23 27 32 33 35 39 42 46 49 53 
20 0 2 5 7 9 10 14 17 18 20 21 23 24 25 26 35 38 45 48 50 
13 6 8 9 15 17 22 24 26 35 38 40 47 49 
10 1 21 22 23 27 35 43 44 52 58 
15 1 7 9 10 11 14 27 39 42 43 44 52 53 54 59 
12 1 11 14 17 26 38 39 42 44 51 55 57 
19 11 12 14 15 16 18 21 23 26 27 33 35 36 40 43 46 51 56 59 
12 8 9 10 11 14 22 23 31 46 52 53 54 
9 3 7 12 27 32 44 50 58 59 
15 4 8 12 15 23 25 28 29 41 42 50 52 56 58 59 
18 9 10 12 13 14 18 20 21 23 24 26 27 28 32 34 48 52 55 
16 6 7 8 13 17 18 22 24 26 27 31 32 44 48 52 57 
14 2 7 17 18 26 31 36 39 42 43 47 54 55 59 
13 5 12 17 19 28 33 34 38 45 49 50 51 55 
20 2 5 7 8 10 15 17 22 23 26 28 29 30 37 43 44 45 46 49 52 
8 2 6 18 20 23 24 29 44 
14 3 7 13 18 23 27 38 39 42 51 52 56 57 59 
16 1 3 6 9 22 26 33 38 39 42 43 47 49 50 51 53 
16 12 19 20 23 25 29 30 31 34 36 40 42 44 46 53 56 
18 1 2 6 8 12 23 33 34 37 38 40 47 51 52 53 54 55 58 
19 0 1 4 5 8 16 17 24 26 27 29 32 38 42 49 52 53 55 59 
14 6 8 9 14 22 28 29 32 33 41 42 43 57 58 
16 9 10 12 14 15 21 22 27 31 38 39 41 47 51 57 59 
13 0 2 7 8 10 13 15 16 21 36 39 46 57 
15 1 6 15 18 20 24 28 30 33 38 45 49 53 55 56 
15 0 1 2 7 11 15 24 27 28 32 39 42 50 52 56 
13 0 3 9 18 21 26 28 30 31 39 41 49 52 
13 0 4 6 16 18 23 24 32 34 37 39 43 58 
17 0 2 3 11 12 14 16 22 27 28 36 38 41 45 54 55 56 
20 1 4 5 6 8 15 20 26 27 33 34 43 46 48 49 50 51 54 56 57 
22 1 4 5 10 12 13 17 21 22 25 28 29 32 40 41 44 47 51 54 56 58 59 
13 5 7 11 12 16 20 23 24 27 42 44 47 49 
18 1 2 4 7 8 13 15 18 21 22 23 25 30 33 39 48 54 58 
13 1 5 8 12 18 20 26 29 41 42 43 44 49 
8 2 3 21 35 37 45 52 54 
9 3 6 14 21 31 47 49 52 56 
21 2 7 12 13 16 22 25 27 29 30 32 33 40 42 43 47 48 53 56 57 58 
12 0 1 3 5 10 35 36 37 41 43 47 59 
13 15 18 21 22 31 37 42 48 49 50 54 55 59 
18 0 2 11 14 17 18 20 29 31 38 40 44 49 51 55 56 57 59 
11 2 12 13 15 18 23 26 31 32 39 56 
