60:60
12 0 2 3 6 7 11 20 41 48 51 55 59 
11 3 7 13 26 30 36 39 43 53 55 58 
17 4 7 12 13 17 24 25 31 32 35 40 43 49 51 55 57 59 
14 2 3 4 5 6 10 12 15 17 18 20 23 54 56 
17 4 5 10 12 19 22 23 24 25 30 34 50 51 52 53 54 59 
12 0 3 4 10 12 27 28 29 30 45 49 53 
9 7 9 21 22 29 35 39 43 49 
17 3 4 10 19 21 23 27 28 29 33 35 37 42 48 55 58 59 
12 7 17 24 26 27 29 30 34 40 51 56 59 
12 0 6 12 13 17 29 30 46 51 52 54 56 
13 6 11 17 18 19 27 28 41 42 45 46 48 49 
16 6 11 14 16 17 19 23 25 27 31 42 45 46 48 49 58 
19 6 10 13 16 17 20 25 36 38 41 42 44 45 48 51 52 53 55 57 
17 1 3 10 12 14 15 24 25 29 31 37 38 40 41 50 51 55 
19 0 1 6 8 9 10 17 20 23 25 26 28 30 32 40 44 49 52 57 
13 0 3 4 10 13 14 15 22 34 35 37 44 58 
14 1 6 7 13 17 22 30 33 36 45 46 47 48 58 
15 5 6 11 20 26 28 34 35 39 41 42 48 49 51 52 
15 2 5 6 7 10 11 22 31 34 35 36 37 38 54 55 
17 6 8 9 10 25 29 31 33 36 37 38 40 41 42 47 48 59 
14 1 2 4 5 14 17 20 21 22 26 31 32 33 42 
20 2 6 7 11 12 23 25 26 27 30 33 35 36 38 41 47 49 50 51 52 
18 3 4 7 14 17 19 20 26 30 34 39 44 45 47 48 50 56 58 
19 1 3 7 8 10 12 14 16 17 19 24 25 27 31 37 40 43 54 59 
13 4 10 14 16 22 28 34 37 38 41 42 54 59 
17 1 5 6 8 15 19 20 26 37 38 39 46 47 55 56 58 59 
14 1 3 19 21 23 25 27 34 36 38 44 47 53 56 
13 0 5 13 15 18 19 29 34 42 47 48 51 57 
15 0 2 5 6 8 9 15 22 24 40 41 49 50 51 57 
22 2 3 6 7 10 12 19 21 23 25 26 27 31 34 38 40 41 44 54 55 56 57 
12 6 8 13 20 22 23 25 31 45 55 57 59 
10 1 8 22 25 31 33 43 45 46 50 
18 6 7 10 15 20 22 24 28 29 33 38 39 40 41 44 45 47 58 
9 5 10 22 24 30 42 48 49 58 
23 0 1 5 11 12 17 18 22 28 31 33 34 36 38 40 41 43 44 46 51 52 53 57 
19 5 9 10 12 14 15 17 19 25 26 30 31 32 33 36 38 41 49 56 
17 5 7 13 17 18 19 22 23 28 30 39 41 45 47 48 56 57 
19 4 6 8 14 15 18 19 20 25 26 27 28 32 38 40 46 49 53 54 
17 0 2 7 13 22 30 32 34 36 38 42 43 44 48 53 54 55 
17 1 2 5 8 10 18 19 23 29 31 32 36 37 39 43 51 58 
14 3 9 13 17 19 24 26 29 33 38 45 53 56 57 
12 1 3 5 7 11 13 28 29 40 48 52 58 
18 0 6 7 9 21 25 28 29 33 35 38 46 47 48 50 52 56 59 
18 1 4 8 10 11 18 19 21 25 29 30 34 39 42 51 53 56 59 
14 6 8 28 32 33 38 39 44 50 52 53 54 58 59 
11 3 8 17 23 24 25 30 38 41 46 47 
13 0 2 7 13 21 23 27 28 31 32 37 48 50 
16 0 3 6 9 14 17 19 27 28 31 33 36 39 41 54 55 
17 0 2 3 4 8 12 13 14 22 24 25 29 31 32 34 51 56 
19 0 3 5 9 11 16 20 22 25 29 30 33 34 36 47 48 51 55 57 
11 5 12 15 18 21 31 38 43 48 57 59 
16 0 2 9 10 18 28 30 31 32 35 42 49 51 54 55 58 
18 7 8 10 12 16 17 20 21 22 25 31 32 38 39 41 45 54 58 
15 3 5 9 11 14 20 24 26 42 43 45 48 51 55 57 
18 4 5 9 14 17 18 22 25 27 28 29 33 35 37 41 42 43 54 
10 11 13 14 18 28 29 33 37 51 57 
13 5 7 9 16 17 25 27 28 32 34 43 49 50 
17 0 3 11 12 17 18 19 20 23 24 25 33 34 42 43 44 50 
20 2 3 5 7 10 13 14 19 23 24 29 31 34 41 43 44 52 57 58 59 
13 4 13 14 27 36 37 38 44 46 47 54 55 59 
