60:90
38 1 4 8 9 13 19 20 23 24 25 26 28 30 41 42 45 46 48 51 55 56 57 59 62 64 66 68 69 71 73 75 77 78 80 81 82 88 89 
45 2 4 11 17 19 20 22 23 24 26 30 31 32 34 36 42 44 45 47 48 49 50 53 54 55 56 57 58 62 63 64 66 69 73 74 75 76 77 78 80 81 82 83 85 87 
45 0 2 3 6 7 10 11 12 16 18 19 20 21 27 29 32 33 34 36 37 38 40 41 42 44 45 47 51 52 53 57 62 64 67 70 75 77 78 79 84 85 86 87 88 89 
42 1 3 4 5 7 8 15 17 18 19 21 22 23 24 26 32 34 35 37 38 39 41 42 43 44 47 49 50 52 55 56 57 58 60 63 69 70 73 74 82 83 85 
45 3 5 6 8 9 11 14 16 17 21 23 25 26 27 28 29 30 36 38 39 40 41 42 47 49 50 55 56 57 58 59 60 64 66 67 72 74 78 79 80 81 85 87 88 89 
40 3 4 5 6 8 11 12 17 18 21 23 24 29 31 35 37 38 42 44 45 48 49 50 51 53 57 58 61 62 63 65 67 68 70 73 76 77 80 84 86 
59 0 1 3 5 6 9 12 13 14 17 18 19 20 21 22 23 24 25 28 29 30 31 33 39 40 41 42 43 44 45 46 47 49 51 54 55 56 59 60 61 63 64 65 66 67 68 70 71 75 76 77 78 79 80 82 83 85 86 87 
52 1 2 3 4 7 10 11 12 15 16 17 18 19 20 22 23 25 26 28 29 33 34 38 39 41 43 44 46 47 49 54 55 58 59 61 62 64 65 68 70 71 72 74 75 76 77 79 81 82 83 85 89 
49 0 2 3 4 5 8 9 11 12 14 15 16 17 18 24 27 30 31 34 35 37 38 39 40 42 45 47 49 50 52 54 57 60 61 65 68 69 72 73 74 78 80 81 82 83 84 85 87 89 
37 4 5 7 8 11 14 17 25 28 29 32 33 34 35 37 39 40 42 44 45 46 49 51 58 61 63 65 67 68 69 74 75 76 84 85 86 89 
43 5 7 9 11 15 17 22 24 25 27 28 33 34 37 38 39 42 43 45 46 48 49 50 51 56 58 59 60 61 62 63 67 71 73 75 76 77 78 80 82 84 86 88 
41 3 4 5 11 12 13 14 20 21 26 27 28 30 31 34 36 37 38 41 44 47 48 50 54 58 59 60 61 62 66 67 73 75 77 79 80 82 83 85 87 89 
41 0 1 2 4 5 6 8 9 10 13 14 15 17 19 20 22 23 31 33 36 38 51 52 56 57 59 61 62 64 65 66 68 71 72 73 75 76 80 82 84 89 
46 0 4 5 7 9 12 13 15 16 19 21 25 26 27 29 31 33 35 36 37 39 40 45 47 48 50 53 56 58 59 60 62 68 69 70 72 74 77 79 81 82 84 86 87 88 89 
51 0 1 4 6 7 9 14 15 16 17 18 19 20 22 23 24 29 31 35 36 37 38 39 45 47 48 50 54 55 56 57 59 60 63 64 65 66 69 71 72 73 75 76 77 78 80 82 83 85 86 89 
42 0 4 6 7 8 11 13 14 16 18 21 22 26 31 35 36 38 40 41 43 44 45 47 48 49 53 55 56 58 59 61 62 67 69 71 72 73 75 82 83 84 86 
37 3 4 6 7 11 12 16 18 19 20 22 25 27 29 35 36 37 41 42 44 45 51 52 55 56 57 58 61 66 67 70 72 75 77 84 86 89 
43 3 4 6 7 10 11 13 15 17 18 21 22 24 26 27 28 31 33 34 38 40 44 45 46 48 51 53 58 59 62 63 66 68 70 72 79 81 83 84 85 86 87 88 
47 0 1 2 5 9 11 12 13 14 19 20 23 26 27 31 33 34 35 36 37 38 39 40 41 44 47 49 52 53 56 57 58 60 61 62 64 66 70 71 72 75 76 77 81 84 87 89 
45 0 2 6 7 10 12 13 15 19 21 22 23 24 27 28 33 34 37 40 41 42 44 49 50 51 54 55 57 58 61 63 64 66 67 68 69 72 73 74 76 80 82 84 85 89 
44 1 2 3 6 9 11 12 13 15 18 19 21 24 25 27 28 30 31 39 40 43 45 47 48 52 54 55 57 58 59 65 67 69 71 72 73 74 78 79 84 85 86 87 89 
53 2 3 4 6 7 8 9 12 14 16 17 18 20 21 22 23 29 30 31 32 33 34 36 41 43 44 45 47 48 49 50 52 53 54 56 60 62 63 64 68 71 73 74 76 78 80 81 82 83 85 86 87 88 
45 0 1 3 5 6 9 10 12 13 16 17 19 23 26 32 33 34 36 37 39 43 49 50 52 53 55 56 57 58 60 63 64 65 66 68 75 76 78 79 82 83 85 86 88 89 
39 2 5 13 14 15 19 20 25 27 28 29 31 36 37 40 41 45 47 48 50 52 53 54 55 57 60 61 62 63 68 71 73 78 80 82 85 87 88 89 
47 0 3 5 6 8 9 10 12 13 14 15 19 20 23 24 25 27 31 33 36 38 40 42 44 47 48 49 50 54 55 56 61 63 64 66 68 69 70 72 74 75 76 78 84 86 87 88 
48 0 1 2 3 5 8 9 10 13 14 19 23 24 25 26 34 37 38 39 40 41 43 45 46 48 50 52 54 56 57 58 64 65 66 67 68 69 70 71 73 76 79 80 82 83 87 88 89 
40 2 5 10 11 12 13 14 16 18 20 26 29 30 32 33 34 38 39 45 49 51 56 58 60 61 62 63 64 66 67 70 71 72 73 74 75 76 77 78 80 
49 2 3 4 7 9 10 11 13 14 17 20 23 25 27 28 29 30 32 36 37 39 41 42 43 47 48 50 51 56 57 58 59 61 62 63 67 68 70 71 73 74 75 76 77 78 79 85 86 89 
45 0 5 6 7 8 11 13 15 18 19 23 25 28 29 33 34 35 39 40 41 43 45 46 48 49 51 52 56 57 59 60 62 63 64 65 69 71 73 78 80 81 84 85 87 89 
41 4 6 11 12 16 17 20 22 23 25 27 29 31 34 35 36 37 39 40 45 46 49 51 52 54 56 58 62 64 66 71 73 75 77 78 80 85 86 87 88 89 
40 0 1 2 3 5 7 13 14 18 21 23 24 25 27 40 43 44 46 49 51 53 57 58 59 60 62 64 65 67 70 71 72 73 78 79 80 81 84 85 88 
50 0 1 2 3 4 6 8 9 12 13 15 19 20 21 22 27 32 33 34 35 36 37 38 42 44 45 46 49 52 53 54 57 58 59 61 62 65 66 71 74 76 77 78 80 81 83 85 86 87 88 
44 1 4 6 7 10 11 14 15 16 17 18 20 21 23 26 27 28 35 36 42 44 45 50 52 53 54 55 58 60 63 66 69 71 73 74 75 76 79 81 83 84 85 86 87 
38 0 4 5 9 17 18 20 21 23 24 25 26 28 30 31 34 37 38 40 41 46 47 50 51 52 54 58 59 60 65 68 72 73 74 76 83 85 89 
42 0 1 2 6 9 14 15 16 17 18 19 21 22 24 26 30 33 36 38 40 42 43 44 55 59 64 65 67 69 70 71 74 75 76 78 80 83 84 85 86 88 89 
37 0 2 5 7 10 12 13 15 21 22 23 27 34 35 36 37 38 40 43 45 48 50 54 56 59 60 64 65 66 71 72 73 75 77 84 86 89 
40 5 7 11 15 16 17 18 20 21 25 27 28 29 32 34 35 37 38 43 44 46 47 50 51 53 56 57 59 61 62 70 72 73 77 78 80 81 85 86 89 
44 0 1 2 4 5 6 9 17 20 21 22 24 27 32 33 35 36 38 40 44 46 47 48 49 51 52 53 55 59 60 61 62 69 75 76 78 79 80 81 82 83 84 87 88 
49 2 7 8 10 11 12 13 15 16 19 21 23 24 27 29 31 32 34 36 37 38 42 43 46 47 49 52 53 55 60 61 63 64 65 66 68 70 72 74 75 76 77 80 81 83 84 85 87 89 
44 0 1 5 6 9 11 12 13 15 16 17 18 19 22 23 28 30 31 33 34 35 36 37 38 40 42 47 54 55 58 61 64 68 69 70 72 74 75 76 79 81 83 85 87 
48 0 2 4 5 7 8 14 17 18 21 23 24 26 27 28 29 31 32 33 34 35 36 37 41 42 43 45 46 49 50 51 55 58 60 61 64 65 68 69 70 72 73 74 75 76 81 82 84 
48 0 3 6 7 8 9 12 13 16 18 19 21 22 25 26 27 29 30 31 32 34 37 39 45 46 47 48 50 55 57 60 63 64 65 67 70 71 72 75 77 78 79 82 83 84 87 88 89 
38 0 5 6 8 11 13 16 21 22 27 32 35 38 41 42 43 44 45 48 52 53 55 57 60 61 62 65 66 67 68 70 74 75 77 78 83 85 86 
52 0 1 2 4 7 8 9 10 13 14 16 17 18 20 21 22 24 25 26 27 28 29 30 31 33 34 37 38 39 40 41 44 45 49 50 52 55 56 57 59 60 64 67 70 73 75 79 81 85 86 87 88 
50 0 5 7 8 10 11 13 16 17 18 19 20 21 22 24 25 26 27 28 30 33 35 36 37 39 40 44 47 51 52 53 54 55 56 57 60 61 64 65 66 70 73 75 77 78 80 81 83 84 88 
50 1 3 4 5 6 7 8 9 10 11 13 14 16 17 18 21 23 30 31 32 34 35 36 39 42 50 51 53 54 56 57 58 60 61 62 63 64 67 68 69 70 71 72 73 75 76 77 81 85 86 
48 4 6 10 11 15 22 24 29 31 32 33 35 36 37 38 39 41 42 43 45 47 49 50 51 53 55 58 59 60 63 64 65 66 67 68 69 71 73 74 76 79 80 81 82 83 84 85 88 
46 0 1 4 5 6 11 13 14 23 25 27 28 30 31 32 33 34 35 36 37 40 42 44 47 48 49 52 54 55 56 59 60 64 67 68 70 71 72 73 74 75 80 81 84 87 89 
45 1 2 3 5 9 10 12 16 18 22 23 24 25 26 27 29 32 33 35 36 37 39 44 46 50 51 53 55 57 58 60 61 62 64 68 69 72 75 77 79 80 81 84 85 89 
41 2 5 7 14 16 17 19 20 22 23 26 27 28 29 30 31 40 42 43 44 47 48 50 52 56 57 58 60 63 64 68 72 80 81 82 83 85 86 87 88 89 
55 1 3 4 5 6 7 9 10 11 13 14 17 18 20 21 22 30 32 33 36 38 39 40 41 44 45 47 48 50 52 53 54 57 60 61 63 66 67 69 70 72 76 77 78 79 80 81 82 83 84 85 86 87 88 89 
42 0 1 2 5 6 8 11 12 13 14 15 17 18 22 25 26 27 28 30 31 34 37 38 40 41 45 49 54 59 60 61 63 67 68 69 70 71 72 73 75 76 81 
43 4 8 11 12 13 14 15 16 17 19 20 22 24 25 27 34 36 37 39 42 43 44 46 51 54 55 57 58 63 65 68 69 70 72 75 76 79 81 82 83 84 86 87 
40 1 3 4 5 6 7 9 12 14 15 18 21 24 26 29 32 33 34 36 39 43 44 45 46 47 51 54 55 56 59 61 63 65 72 76 77 82 83 84 89 
46 5 8 10 12 16 18 19 23 24 28 29 30 31 32 33 34 38 39 40 44 46 48 56 60 61 62 63 65 66 67 68 70 72 73 74 76 77 78 79 80 81 82 85 86 87 89 
41 0 1 3 4 5 6 7 10 12 13 14 15 16 17 24 34 35 39 40 42 43 46 47 48 49 56 58 60 61 63 66 72 73 75 77 79 80 81 87 88 89 
49 0 7 8 10 11 12 15 16 17 18 20 22 23 25 27 28 29 33 38 39 40 43 44 45 46 50 51 52 54 56 57 59 60 62 63 66 68 69 71 73 75 79 80 81 82 85 86 87 89 
40 4 6 7 8 11 13 17 18 19 20 26 30 31 36 38 40 43 44 45 48 49 52 53 54 57 59 60 62 65 68 72 73 75 76 80 83 84 85 86 87 
39 2 3 4 5 6 9 11 13 16 17 19 20 22 24 25 26 27 30 31 32 34 37 39 41 44 46 49 50 55 64 68 69 70 73 84 85 86 87 88 
51 0 2 8 9 11 12 13 16 17 18 21 24 25 27 29 30 32 33 34 35 37 39 40 42 43 45 47 48 49 50 51 52 56 58 60 61 64 65 67 68 70 71 72 75 77 78 79 80 81 84 87 
