60:60
20 2 4 5 8 11 13 14 17 18 19 24 25 31 40 41 44 46 48 49 59 
11 1 5 7 27 29 32 34 40 47 51 56 
19 1 3 12 14 18 20 24 29 33 35 40 43 46 47 50 53 54 55 59 
16 3 4 6 10 12 18 19 20 21 24 26 33 36 48 51 54 
19 0 1 2 4 7 11 15 19 20 37 39 40 42 44 47 49 50 52 58 
18 7 10 13 14 20 23 24 27 31 34 35 38 41 45 46 47 52 54 
19 1 3 6 9 10 11 13 16 30 31 34 35 41 44 47 48 49 50 59 
14 1 4 16 19 22 28 29 34 38 39 40 44 46 47 
13 3 4 14 15 18 23 33 35 36 37 42 55 57 
14 2 5 10 11 15 21 34 35 39 42 47 54 55 56 
20 0 4 8 13 16 18 22 28 31 32 35 38 43 44 47 48 49 51 56 59 
15 0 3 4 5 7 8 10 21 24 27 34 43 49 51 59 
9 5 7 9 10 11 12 22 23 52 
14 3 10 19 20 24 26 31 34 35 36 37 45 49 50 
21 2 3 9 10 11 13 16 17 29 30 35 39 42 44 47 48 50 52 53 55 57 
18 4 6 8 9 11 12 15 19 20 23 27 28 33 47 49 50 55 58 
20 3 6 11 16 23 26 27 31 33 35 36 38 40 43 44 50 54 56 57 59 
13 3 8 11 14 15 16 24 31 35 38 40 43 46 
18 9 10 20 22 23 25 26 32 36 38 42 43 47 51 52 54 57 58 
23 2 4 6 13 15 18 23 24 28 30 34 35 36 37 41 42 43 44 45 47 52 55 58 
16 1 11 13 15 16 18 20 23 27 28 33 34 35 45 51 55 
23 0 1 7 8 12 13 14 16 19 22 26 28 30 34 35 38 39 45 49 50 51 53 54 
18 1 11 18 21 25 26 30 32 34 38 43 45 48 50 51 53 55 56 
15 1 17 18 26 28 30 33 36 38 44 45 51 53 54 57 
27 0 1 3 4 5 7 9 10 11 12 15 17 26 27 28 31 34 35 37 40 43 50 51 53 55 56 59 
6 1 2 18 22 46 55 
18 0 1 3 4 10 11 16 25 26 38 40 41 42 47 50 51 52 57 
12 7 10 13 14 23 26 35 37 43 45 52 53 
18 0 10 13 16 17 18 22 28 30 33 34 41 43 48 50 52 58 59 
11 1 3 4 6 7 15 22 32 39 47 59 
13 5 21 22 27 34 35 38 40 41 49 51 52 58 
17 0 6 7 9 12 13 15 21 25 28 30 32 36 47 48 53 55 
18 2 6 16 19 22 23 26 27 31 36 41 44 46 47 48 54 55 57 
11 1 3 9 16 21 23 43 48 49 51 56 
15 2 3 4 8 34 37 38 39 43 48 49 50 52 58 59 
21 2 5 6 8 9 10 15 27 30 32 33 35 38 40 41 42 44 51 54 55 58 
13 0 5 19 21 33 34 39 41 42 49 51 52 59 
13 2 13 15 19 21 24 36 39 40 42 51 52 55 
13 2 5 9 14 15 16 21 31 32 41 47 48 58 
17 2 3 7 9 12 15 18 21 28 31 34 40 48 53 57 58 59 
14 0 2 17 24 27 30 32 33 34 35 42 49 55 58 
14 1 12 14 19 21 25 29 32 33 37 42 48 50 51 
11 3 5 8 13 23 26 27 35 46 48 53 
18 2 3 4 15 17 22 23 32 33 37 38 40 42 45 47 51 54 55 
20 0 3 8 11 15 18 19 22 24 25 30 33 34 35 42 47 48 49 50 57 
15 3 6 8 14 17 18 20 21 27 35 43 45 46 49 52 
14 1 2 3 4 6 9 11 15 24 29 42 47 54 59 
17 3 8 9 15 16 17 23 24 26 29 40 41 52 54 55 57 59 
19 6 7 10 11 12 13 18 20 23 29 30 31 35 37 40 48 55 56 58 
27 0 1 2 5 7 9 15 16 18 23 24 27 28 30 33 34 36 37 41 42 43 44 46 49 51 55 58 
22 1 2 3 9 10 12 13 15 16 20 21 26 29 30 42 45 48 49 51 54 57 58 
19 8 13 14 16 19 20 22 24 33 38 39 41 43 44 47 50 54 58 59 
16 0 17 21 22 27 30 32 37 42 44 46 49 50 52 53 59 
15 2 9 10 13 14 17 20 25 39 41 43 44 47 51 57 
13 1 8 10 15 18 21 26 39 40 44 46 49 58 
14 1 4 5 6 7 10 15 23 25 26 28 42 46 50 
10 4 7 15 20 26 32 35 43 54 55 
14 0 3 18 23 26 31 32 41 46 47 48 49 50 52 
17 4 7 8 12 16 18 19 21 27 30 33 37 40 41 43 52 54 
15 2 6 7 26 30 35 36 38 40 50 51 52 53 57 59 
