60:90
26 0 2 10 12 17 21 26 28 30 33 34 35 36 38 41 47 49 52 53 58 61 65 74 79 85 86 
21 9 16 17 19 25 28 30 35 37 39 47 50 58 59 60 64 72 77 80 81 83 
22 2 4 5 7 9 24 28 29 31 39 45 46 47 53 64 65 66 69 80 81 83 84 
30 0 2 4 8 9 13 15 17 23 25 32 33 35 37 40 43 44 45 46 48 52 57 58 61 62 64 77 78 79 84 
23 1 9 12 16 19 23 24 30 31 34 45 51 52 53 54 59 66 68 71 75 79 80 88 
26 2 4 8 10 14 16 18 28 33 38 41 42 44 48 51 57 60 62 67 68 73 78 80 84 86 88 
25 0 2 3 4 15 21 23 26 27 29 33 34 47 49 53 60 66 69 71 72 76 80 82 85 87 
28 1 10 13 24 26 29 30 31 32 34 39 45 51 54 55 56 57 58 60 61 62 64 65 66 74 77 78 85 
22 7 8 10 20 21 26 32 34 35 37 43 44 50 55 56 61 62 64 71 72 77 79 
20 0 9 10 12 32 35 36 42 46 52 59 60 63 66 68 70 72 75 81 85 
18 2 4 6 12 13 14 16 17 37 46 47 60 66 69 71 76 85 86 
33 5 6 12 16 19 23 29 33 37 42 43 47 50 52 53 57 58 61 62 63 65 68 70 71 73 74 76 77 81 82 84 86 88 
19 7 8 15 18 24 33 34 43 45 46 49 51 57 61 64 68 69 79 82 
19 6 14 18 21 25 27 28 32 34 37 39 41 50 69 71 77 84 86 87 
23 1 3 8 9 12 14 19 20 24 27 46 47 48 50 54 58 61 68 69 73 75 87 88 
19 7 9 10 15 16 24 25 31 32 36 45 50 52 53 55 68 69 78 82 
27 4 5 8 9 12 28 33 36 38 40 41 43 56 57 61 62 63 65 72 74 75 76 81 85 86 87 88 
18 5 17 18 24 29 30 31 36 44 49 50 51 58 59 61 64 65 81 
18 4 5 9 18 21 23 28 30 35 37 38 40 46 70 76 79 81 88 
13 1 5 18 20 21 26 31 33 35 36 43 79 87 
24 7 8 10 14 18 19 20 25 29 31 35 36 37 46 49 53 60 66 70 71 78 79 83 87 
22 2 8 11 16 22 23 24 28 29 35 41 42 50 57 63 66 68 71 75 78 82 86 
22 1 10 17 22 23 31 33 35 37 39 45 46 57 59 63 65 71 73 74 77 81 86 
24 8 9 16 17 26 29 34 35 36 37 38 39 41 45 48 51 55 56 58 59 63 74 81 85 
19 1 4 16 18 25 26 28 31 35 40 45 54 57 58 78 83 85 88 89 
35 0 1 3 9 11 13 15 18 23 24 25 26 27 30 36 41 42 44 45 48 53 58 60 61 62 66 67 70 71 73 75 80 83 85 89 
38 2 5 8 9 11 12 13 16 19 20 21 24 25 26 27 29 30 34 38 43 48 50 51 54 55 57 58 60 63 75 76 78 79 80 81 82 85 89 
19 0 3 6 16 18 19 21 24 25 27 34 37 40 61 62 64 75 79 84 
27 7 8 13 16 17 19 20 23 24 28 32 35 40 41 45 46 56 58 63 66 70 76 80 81 82 86 89 
24 0 8 10 11 12 14 21 23 25 34 35 42 45 53 56 58 63 64 67 69 71 73 80 88 
30 3 5 7 8 11 13 14 15 19 25 30 31 34 36 37 39 44 51 60 61 62 67 70 74 76 78 82 83 84 85 
19 4 7 9 13 14 24 28 33 41 46 48 58 60 64 66 75 76 77 88 
22 3 4 6 7 11 20 23 28 29 39 40 43 44 46 50 53 66 71 73 76 80 88 
26 1 6 8 9 12 13 14 19 20 25 28 29 45 49 52 53 60 65 66 71 72 74 82 85 87 89 
22 1 3 12 15 16 19 20 25 30 34 40 45 49 50 54 59 66 68 70 77 79 83 
22 5 6 10 13 17 21 23 24 26 27 34 38 42 48 53 58 65 66 71 75 83 87 
29 0 3 4 6 7 11 13 15 21 24 27 29 36 46 48 53 55 58 61 63 67 68 73 74 78 80 85 86 89 
25 0 2 5 7 9 14 18 21 23 24 27 30 31 45 46 49 52 53 55 72 74 77 79 80 85 
22 0 4 17 19 22 24 34 35 37 38 39 45 47 49 52 56 62 69 74 75 78 87 
17 7 10 12 15 19 21 35 37 39 46 48 56 59 73 82 83 88 
17 7 10 12 21 28 33 36 42 45 50 55 73 74 76 84 85 89 
20 4 5 21 23 26 28 29 39 46 55 60 64 66 71 72 78 79 83 87 89 
27 4 5 7 9 14 17 20 21 23 24 28 37 44 50 57 58 60 62 66 70 71 72 74 80 82 86 88 
16 5 24 25 27 29 35 37 38 43 44 47 49 65 73 74 80 
23 5 9 11 12 16 17 19 22 24 29 32 39 41 46 54 59 60 64 66 70 75 76 79 
31 4 7 12 17 18 20 22 26 28 31 33 34 42 50 51 52 60 61 65 66 67 73 74 76 79 81 82 83 87 88 89 
24 1 7 13 17 20 25 27 28 31 32 34 42 43 44 45 48 50 58 59 62 72 75 79 85 
27 2 9 10 13 18 19 21 29 31 32 36 38 42 46 51 55 56 58 64 67 76 78 79 80 81 82 85 
18 1 2 4 19 22 23 26 30 33 38 40 41 46 48 57 58 62 77 
14 0 12 15 18 34 38 40 41 54 60 61 69 71 72 
19 5 15 19 20 21 28 31 32 40 43 49 55 57 66 69 74 76 81 86 
19 5 19 20 21 22 24 26 27 33 35 37 39 43 45 70 76 85 86 88 
16 10 12 21 22 23 28 32 38 45 59 61 71 80 83 84 87 
24 0 5 11 12 14 17 18 22 32 36 41 46 55 57 58 62 64 67 77 79 81 83 86 89 
21 1 10 13 14 19 21 24 25 28 33 46 48 55 59 63 64 68 69 72 75 88 
19 3 4 14 15 18 25 39 40 60 61 68 71 72 73 77 79 83 84 89 
20 5 10 14 15 21 24 26 31 45 55 62 63 64 68 77 80 82 83 84 86 
28 7 11 15 18 22 23 28 35 38 40 41 49 56 58 62 64 67 68 69 72 74 76 80 81 86 87 88 89 
13 1 12 15 18 21 48 61 62 66 69 71 78 79 
20 16 19 24 26 27 34 39 41 43 45 49 54 63 64 65 74 75 79 80 88 
