60:90
25 0 1 6 10 15 16 19 22 25 27 38 41 42 43 44 48 49 52 57 58 60 65 67 77 82 
20 0 8 10 13 15 17 18 22 23 28 31 33 38 39 43 52 60 61 76 85 
17 3 6 11 12 21 22 27 28 36 51 56 61 71 78 80 84 86 
28 1 6 10 11 16 19 24 27 28 33 40 44 45 47 53 54 56 60 61 62 63 64 70 71 74 76 82 85 
24 2 9 11 12 15 29 36 40 41 42 45 48 54 55 65 66 67 71 73 76 78 79 83 89 
24 0 7 15 16 19 21 31 32 33 35 41 42 43 54 56 61 62 64 69 70 73 74 83 88 
24 4 6 10 14 16 18 26 28 30 35 41 43 49 50 54 59 65 67 68 75 76 84 85 87 
22 0 12 13 14 15 17 19 22 25 27 40 47 52 54 59 63 67 71 73 75 86 87 
17 0 1 4 7 16 18 22 29 32 33 37 40 46 50 57 73 85 
24 3 4 15 19 26 30 33 38 44 45 55 62 64 66 69 70 75 76 79 80 84 86 87 88 
17 12 19 31 32 33 39 40 46 47 54 58 59 62 65 72 78 83 
20 3 4 6 8 11 31 34 37 39 46 51 56 69 70 72 77 79 82 84 86 
24 1 12 14 16 22 24 27 30 32 36 41 50 52 55 57 71 73 75 76 80 81 85 87 88 
21 2 5 6 8 25 27 33 36 38 39 45 46 53 56 57 60 63 69 74 88 89 
20 1 7 9 10 12 13 20 36 37 56 57 58 62 64 70 73 79 84 85 89 
20 2 5 24 26 27 28 30 31 33 34 35 39 41 43 51 52 54 73 83 84 
28 0 4 11 15 16 20 26 27 29 30 36 39 41 43 44 47 49 50 55 64 66 68 69 74 79 84 87 88 
20 0 1 6 12 18 20 23 24 28 31 35 37 45 48 58 73 77 80 81 85 
26 4 9 10 11 13 14 15 24 28 30 38 39 41 42 44 49 53 57 62 63 68 76 81 83 88 89 
29 4 6 8 10 12 18 19 22 23 26 29 30 32 35 43 45 46 50 52 55 62 70 72 73 79 83 86 88 89 
24 0 2 6 10 12 13 17 28 35 36 44 51 52 57 63 67 69 71 76 77 80 81 82 83 
33 2 5 7 9 10 11 12 13 17 18 20 21 23 27 33 35 36 37 38 40 53 55 59 61 64 66 74 75 76 80 84 85 86 
23 4 6 8 13 16 18 20 24 28 31 35 39 44 51 55 56 59 60 61 65 66 84 87 
29 1 4 7 16 20 30 31 33 37 39 41 45 46 56 57 58 61 63 64 69 71 72 73 75 78 80 83 86 89 
21 0 3 11 25 26 30 35 36 40 43 53 55 59 61 62 63 65 66 70 80 81 
20 0 1 4 5 10 18 22 29 30 41 45 52 56 60 64 68 78 84 86 87 
29 2 4 5 6 8 9 24 29 31 33 35 38 44 54 58 61 63 64 65 66 69 74 75 76 78 82 83 85 89 
22 2 4 9 14 17 18 28 32 35 41 47 52 56 58 60 64 69 72 73 80 86 87 
25 4 6 13 17 24 25 26 28 34 36 37 47 52 53 54 60 61 65 68 69 78 81 82 85 86 
21 0 3 6 7 10 17 24 30 32 36 39 40 48 49 53 58 61 67 70 74 87 
14 6 7 8 11 25 27 32 51 63 64 71 73 76 81 
15 14 17 22 46 47 49 50 53 55 61 65 76 77 80 85 
25 1 6 8 22 25 26 30 38 39 40 41 42 51 52 53 56 64 67 70 73 75 77 85 88 89 
21 3 6 8 11 12 16 22 24 40 43 45 61 62 63 67 68 71 73 76 78 79 
21 2 10 15 16 28 38 43 47 48 51 63 64 71 72 74 75 78 79 82 86 88 
14 5 10 11 13 18 22 32 38 40 45 46 54 79 81 
18 3 7 12 13 16 20 31 34 35 40 41 53 57 59 69 70 80 86 
22 3 5 7 10 16 22 24 30 37 39 40 41 42 46 55 64 68 71 78 84 88 89 
21 5 10 16 23 37 38 42 44 49 57 58 59 61 63 66 73 78 80 85 87 88 
19 1 3 9 21 22 23 31 40 45 47 51 60 64 77 79 81 82 87 88 
23 3 4 7 8 14 19 22 28 32 35 36 43 45 47 50 52 57 62 73 74 79 84 89 
23 4 7 13 22 25 30 31 34 39 41 44 47 48 60 68 69 72 73 74 76 79 86 87 
22 4 5 12 14 15 17 23 29 33 34 41 47 49 50 51 54 58 67 68 75 79 84 
18 0 9 12 13 18 22 24 25 35 39 47 56 73 77 82 84 86 87 
25 2 7 11 14 16 18 24 25 27 28 31 37 41 43 46 49 54 57 58 63 68 74 79 81 85 
26 4 5 14 15 16 20 21 23 25 26 27 33 34 42 46 48 53 60 66 67 69 81 82 83 88 89 
30 0 1 5 13 14 15 16 21 24 28 34 38 43 46 47 49 52 56 58 59 64 66 69 71 72 73 78 85 86 89 
28 1 4 5 7 15 20 21 30 33 34 37 38 49 52 55 58 60 61 63 75 77 79 80 81 82 84 87 88 
21 6 10 12 18 19 21 32 33 36 47 50 51 55 58 63 65 70 71 77 86 89 
22 11 15 16 18 20 32 43 46 48 54 56 58 65 67 69 70 75 77 78 82 86 89 
24 3 6 15 16 19 21 22 36 41 43 44 45 58 59 60 66 72 75 77 79 80 81 82 87 
15 0 1 9 17 26 27 32 34 39 49 51 61 65 72 85 
21 0 1 12 14 18 24 25 36 38 39 41 44 50 63 68 69 72 73 75 79 82 
16 1 3 7 22 38 40 48 58 60 67 71 78 79 80 81 82 
26 0 10 14 17 27 29 33 35 36 40 46 47 51 57 60 68 75 76 77 78 79 84 85 86 87 88 
20 1 5 9 10 15 17 18 20 21 34 47 57 65 74 75 78 79 80 81 87 
25 1 7 8 10 12 16 21 24 25 26 28 30 33 46 50 52 55 63 69 70 74 77 80 84 89 
19 3 13 18 19 21 26 30 34 46 49 60 66 69 71 75 79 85 86 89 
25 3 8 15 27 30 33 34 50 53 54 57 58 63 66 70 71 72 78 80 82 83 85 86 88 89 
18 4 6 7 8 15 18 19 20 21 23 25 42 45 47 61 64 66 75 
