60:60
38 0 3 6 7 9 13 14 15 16 17 18 20 23 25 28 29 30 31 32 33 35 37 38 39 41 42 43 44 46 47 48 49 51 52 55 57 58 59 
47 0 1 3 4 5 6 7 9 10 11 12 13 14 15 16 17 18 20 21 22 23 24 25 26 27 28 29 30 31 32 33 34 36 37 38 41 42 43 44 45 46 48 52 53 54 58 59 
47 0 1 2 3 5 6 8 9 10 11 12 13 14 16 19 21 23 24 25 26 27 28 29 30 31 32 33 34 35 36 37 38 39 40 42 43 44 46 48 49 51 54 55 56 57 58 59 
37 0 1 2 3 5 6 8 10 11 12 14 15 16 17 19 21 22 24 27 28 30 32 33 37 39 40 41 43 45 46 47 50 52 54 55 56 57 
50 0 3 4 5 6 7 8 9 10 11 12 13 14 15 16 17 18 19 20 21 22 23 24 25 26 27 28 29 30 31 32 33 34 35 36 38 39 44 45 46 48 49 50 51 52 53 54 56 58 59 
50 0 1 2 3 6 7 9 10 11 12 13 14 15 17 18 20 21 22 25 26 27 28 29 30 31 32 33 34 35 36 37 38 39 40 42 43 44 45 46 47 48 50 51 52 53 54 55 56 57 58 
42 0 1 2 4 6 8 9 10 11 12 13 15 17 18 19 20 21 22 23 24 26 28 31 32 33 34 35 37 38 41 42 43 45 46 49 51 52 53 54 56 57 59 
44 0 1 4 5 6 7 10 12 13 15 17 18 19 20 21 23 25 26 27 28 29 30 31 32 33 34 35 37 38 40 42 44 45 46 47 48 49 50 52 53 54 55 57 58 
42 0 1 2 3 5 6 8 10 11 13 14 15 16 17 18 20 21 22 26 27 28 30 31 32 33 35 36 37 39 41 43 45 46 47 48 49 50 51 55 56 57 58 
45 1 2 3 4 5 6 7 8 9 10 11 13 15 18 19 20 21 22 24 26 28 29 30 33 34 36 37 38 39 40 42 43 44 45 46 47 50 51 52 53 55 56 57 58 59 
43 2 4 5 6 8 11 12 13 14 16 17 18 21 22 24 26 27 28 29 30 31 32 33 35 36 37 38 39 40 41 43 44 45 46 47 48 49 50 52 53 55 56 57 
53 0 1 3 4 6 7 8 9 10 11 12 13 14 15 16 17 18 19 20 21 22 23 25 26 27 28 29 30 31 32 33 34 35 36 37 40 41 43 44 45 46 47 48 49 50 51 52 53 54 55 57 58 59 
43 1 3 4 5 7 8 9 10 12 13 14 18 20 21 23 24 25 26 27 28 30 31 32 33 34 37 38 39 40 42 43 44 45 46 48 51 52 53 54 55 56 57 58 
41 0 1 2 3 6 10 11 12 13 14 16 17 20 21 24 25 26 27 29 30 32 33 34 35 38 40 41 42 43 44 45 46 47 48 49 50 51 53 54 55 58 
50 0 1 2 3 5 6 9 10 11 12 13 17 18 20 21 22 23 24 25 26 27 28 29 30 31 32 33 34 36 37 38 39 40 41 42 43 44 45 46 47 48 49 50 53 54 55 56 57 58 59 
47 0 1 2 3 4 5 6 8 10 11 12 16 17 18 20 21 23 24 26 27 28 29 30 31 33 34 35 36 37 38 39 40 41 42 43 44 45 46 48 49 51 53 54 55 56 58 59 
38 0 3 4 8 9 10 11 12 13 14 16 17 18 20 21 22 23 24 26 28 29 32 34 37 40 42 43 44 45 48 49 51 52 54 55 56 57 59 
41 0 2 5 7 10 11 12 14 15 16 17 18 19 21 22 24 25 30 31 33 34 35 36 37 38 39 41 42 43 45 46 47 48 49 50 51 53 54 55 56 59 
44 1 2 3 5 6 7 9 10 11 12 14 15 17 18 19 20 21 22 24 25 28 30 31 32 33 34 35 36 37 38 39 40 41 43 44 45 46 47 48 52 53 55 58 59 
42 0 1 3 4 5 8 9 12 13 15 17 19 20 22 23 24 25 27 28 31 34 35 37 38 39 40 41 42 43 44 45 46 47 49 50 51 52 53 54 55 56 59 
41 0 2 3 4 5 6 7 9 10 11 12 13 14 15 17 18 22 23 24 25 27 28 31 32 33 34 35 37 42 44 45 46 47 49 50 52 53 54 55 56 59 
48 0 2 3 4 5 6 7 8 9 10 11 12 13 14 15 16 19 20 21 22 23 24 25 26 27 28 29 30 34 35 36 38 39 40 41 42 43 44 45 46 48 49 50 51 52 53 54 57 
41 0 1 3 4 6 9 11 12 13 14 17 20 21 22 23 24 25 26 27 28 29 30 31 32 33 35 36 38 40 41 42 45 47 48 49 50 51 55 56 57 58 
44 1 2 5 6 7 8 9 11 13 14 16 17 18 19 20 21 22 24 25 26 27 29 30 31 32 34 36 38 39 40 41 43 44 45 46 47 48 50 51 53 54 56 57 58 
47 0 1 2 4 5 7 10 11 13 14 16 17 18 20 21 22 23 24 25 26 27 28 29 30 31 32 34 35 37 38 39 41 42 43 44 45 46 47 49 50 53 54 55 56 57 58 59 
47 0 3 4 5 7 8 9 10 11 12 13 14 15 18 19 21 22 23 24 25 27 28 29 31 32 33 34 35 36 37 38 39 42 43 44 45 46 47 48 49 51 52 53 55 57 58 59 
51 1 3 5 6 8 9 10 11 12 14 15 16 17 18 19 21 23 24 25 26 27 28 29 30 31 32 33 34 35 37 38 39 40 41 42 43 44 45 46 48 49 50 51 52 53 54 55 56 57 58 59 
50 0 1 2 3 4 5 6 7 8 9 10 11 12 13 14 16 17 19 20 21 22 23 25 26 28 30 31 33 34 35 36 38 39 40 41 42 43 44 46 47 48 49 50 51 52 53 54 55 58 59 
43 1 4 5 6 8 9 10 11 14 15 16 18 19 20 21 22 25 26 30 32 33 34 36 37 39 40 41 42 43 44 46 47 48 49 50 51 52 53 54 56 57 58 59 
45 0 2 3 4 7 8 9 10 12 13 15 16 18 20 21 23 24 26 28 29 30 31 32 33 34 35 36 37 38 39 40 41 42 45 46 48 49 51 52 53 55 56 57 58 59 
45 0 2 3 5 6 8 10 12 15 17 18 19 20 21 22 23 24 25 26 27 28 29 30 31 32 33 35 37 39 40 41 43 44 46 47 48 49 50 52 53 54 55 57 58 59 
48 0 2 4 5 7 8 10 11 12 13 14 15 16 17 18 19 20 23 24 25 26 27 29 30 31 32 33 34 35 37 39 40 41 43 44 45 46 47 48 49 51 52 53 54 55 56 57 59 
50 0 1 3 4 5 6 7 8 10 11 12 13 14 15 16 17 18 19 21 22 25 26 27 28 29 30 31 34 35 36 37 38 40 41 42 43 44 45 47 48 49 50 51 52 53 54 55 56 57 58 
40 1 2 4 7 9 10 12 13 14 16 17 18 20 21 22 24 25 26 28 29 31 33 35 36 39 41 42 43 44 45 46 48 49 53 54 55 56 57 58 59 
41 1 2 3 4 5 7 8 9 10 11 13 14 15 16 17 18 20 22 23 25 26 27 31 33 34 35 36 37 38 40 43 44 45 46 48 49 52 53 55 57 59 
50 0 1 2 3 5 6 7 8 9 10 11 12 13 14 15 16 17 18 19 20 21 23 27 28 29 30 31 32 33 34 35 36 37 39 40 41 42 43 44 45 46 48 49 50 51 52 54 55 57 58 
50 1 2 3 4 5 6 7 8 9 10 12 13 14 15 16 17 18 19 20 21 24 25 26 28 29 31 32 33 34 35 36 37 38 39 41 42 43 44 45 46 48 49 50 51 52 53 54 55 56 58 
46 0 1 3 4 5 6 8 9 11 12 13 17 19 20 21 23 25 26 27 28 29 30 31 32 33 35 36 38 41 42 43 44 45 46 47 48 49 50 52 53 54 55 56 57 58 59 
48 0 2 5 6 7 8 9 10 11 13 14 15 16 17 18 19 20 21 22 23 24 25 29 30 31 32 33 34 35 36 38 39 40 41 42 43 45 46 47 48 49 50 51 52 54 55 57 58 
47 0 1 2 3 5 6 8 10 12 13 14 15 17 19 20 21 22 24 26 27 29 30 31 32 33 35 36 37 38 39 40 41 42 43 44 45 46 47 48 49 50 51 52 53 54 57 58 
45 0 1 2 3 4 5 7 8 9 10 11 12 13 14 15 16 20 21 22 24 25 26 27 28 29 30 34 36 37 38 40 41 42 43 44 45 47 48 50 51 52 55 56 57 58 
51 1 3 4 5 6 7 8 10 11 12 13 14 15 16 17 19 20 21 23 24 25 26 27 28 29 30 31 32 34 35 36 37 38 39 40 41 42 43 44 45 46 47 48 49 50 51 52 54 55 56 57 
38 0 2 6 7 9 10 11 14 15 16 17 18 21 22 24 25 26 28 29 32 33 35 38 39 40 42 43 44 45 46 48 50 52 53 55 57 58 59 
41 0 1 2 3 4 6 7 10 11 14 15 18 19 20 22 24 25 26 28 29 31 33 34 35 36 38 41 42 43 44 45 47 48 49 50 51 53 54 56 57 59 
40 1 3 6 9 11 12 14 15 16 19 20 21 22 23 24 25 27 29 30 32 34 35 37 38 39 40 41 42 43 45 46 47 48 50 51 52 53 54 57 58 
46 0 1 3 4 5 7 8 9 11 12 13 15 16 18 19 21 23 25 26 27 28 29 30 31 32 33 34 35 36 38 39 41 42 44 45 48 49 50 51 52 53 54 55 56 57 58 
48 0 2 4 5 6 7 8 9 10 11 12 13 14 15 16 17 20 21 22 23 24 25 27 30 31 33 34 35 36 37 38 40 41 43 44 45 46 47 48 49 50 52 53 54 55 56 58 59 
43 2 7 8 9 11 12 14 16 18 19 21 22 23 24 25 26 27 28 29 31 32 33 35 36 38 40 41 42 43 44 45 46 47 48 49 50 51 52 53 54 55 56 59 
49 0 1 2 5 6 7 8 9 10 11 12 13 14 15 17 19 20 21 22 23 24 26 27 28 29 30 31 33 34 37 38 39 40 41 42 43 44 45 46 47 48 49 50 51 54 55 57 58 59 
48 0 1 3 4 5 6 7 8 9 10 11 12 15 16 17 18 19 21 22 24 25 26 27 28 30 33 34 35 36 38 39 40 41 42 43 44 45 46 47 48 49 50 51 52 54 56 58 59 
42 0 2 3 8 9 10 13 14 16 17 18 19 20 21 22 24 25 27 28 29 30 31 32 33 34 35 36 37 38 39 42 43 45 46 47 48 50 51 52 55 56 59 
49 0 1 2 3 5 6 7 8 10 11 12 13 14 15 16 20 21 23 24 26 27 28 29 30 31 32 33 34 35 36 37 38 39 40 41 42 44 45 46 47 48 49 50 52 53 54 55 57 59 
49 0 1 2 3 4 5 6 7 9 11 12 13 14 15 16 17 19 21 22 23 24 25 27 28 29 30 32 33 35 36 37 38 39 40 41 42 43 44 45 48 49 50 51 53 54 55 56 57 58 
39 0 3 4 5 6 8 10 11 12 13 15 18 19 20 22 23 26 27 28 29 30 31 32 33 34 37 39 41 44 46 48 49 50 51 52 53 54 55 56 
46 0 1 2 3 4 7 9 10 14 15 16 17 18 19 20 21 22 23 24 26 28 29 30 31 32 33 34 37 38 40 41 42 44 45 46 47 48 49 50 51 52 54 56 57 58 59 
45 0 1 2 3 4 5 6 7 9 10 11 15 16 17 18 19 20 21 22 23 24 26 27 28 30 31 32 33 34 35 36 37 39 41 42 43 45 47 48 49 51 53 55 56 58 
48 2 4 5 6 7 8 9 12 14 15 16 17 18 19 21 22 24 25 26 27 28 30 31 32 33 34 35 36 37 38 39 40 41 42 43 44 46 47 48 51 52 53 54 55 56 57 58 59 
51 0 1 2 3 4 5 6 7 8 9 10 11 12 13 14 16 17 18 20 21 22 23 24 25 26 27 28 30 31 32 33 34 36 38 39 41 42 43 44 45 46 47 48 50 51 52 53 54 55 56 59 
43 1 2 3 4 5 6 7 8 10 11 12 13 14 16 18 19 20 21 22 24 26 27 29 30 31 32 34 35 36 37 38 39 40 41 42 43 49 50 51 52 53 54 55 
45 0 1 2 3 4 5 6 7 11 12 13 14 15 16 17 18 19 20 21 23 25 26 28 29 30 31 33 35 36 37 38 39 40 41 42 47 49 50 53 54 55 56 57 58 59 
