60:30
11 0 3 6 13 15 16 22 25 26 27 29 
7 3 12 16 19 21 22 29 
6 6 12 24 27 28 29 
4 8 15 17 19 
3 3 10 29 
10 1 3 4 8 10 11 21 22 25 27 
11 3 4 5 9 12 13 18 19 22 25 26 
6 0 6 13 14 15 20 
8 0 5 15 16 23 24 28 29 
9 4 13 15 19 21 22 23 24 29 
10 1 6 10 11 12 15 18 20 23 25 
5 8 18 21 28 29 
6 1 17 21 23 25 27 
13 0 1 4 5 8 9 10 20 21 24 25 26 29 
8 2 4 7 11 12 13 20 29 
12 6 9 10 12 13 14 15 16 22 23 26 27 
13 4 7 9 10 11 12 15 19 20 21 23 24 27 
7 11 16 17 20 23 28 29 
7 0 1 8 13 16 25 28 
8 1 3 4 9 10 13 18 24 
10 0 1 2 5 9 11 14 19 25 29 
4 6 15 22 25 
6 2 20 23 26 27 29 
7 1 7 12 13 15 25 28 
4 14 19 24 25 
6 0 8 9 12 19 25 
8 4 5 10 20 21 23 26 27 
8 1 6 7 10 15 18 23 29 
8 1 2 4 7 10 17 19 29 
9 3 10 16 18 21 23 24 26 28 
9 3 4 8 11 12 20 25 26 29 
8 2 8 12 16 20 23 26 28 
10 1 2 6 8 9 14 17 20 27 28 
3 7 8 16 
7 0 7 11 12 13 18 22 
7 1 6 16 22 24 26 29 
12 0 2 3 4 5 7 10 11 13 17 18 25 
8 4 9 12 18 20 23 24 29 
10 0 2 4 5 9 10 13 16 19 28 
9 0 3 4 14 16 17 20 22 24 
5 2 4 19 27 28 
5 2 5 9 10 16 
8 2 7 9 14 16 17 23 24 
11 1 3 5 7 8 9 10 14 20 26 28 
7 1 2 4 12 19 23 28 
8 5 15 16 19 21 24 25 26 
9 8 9 12 18 19 21 22 25 27 
7 1 8 10 13 14 21 22 
10 6 8 9 11 12 13 14 15 16 28 
10 1 2 6 9 11 16 19 23 24 29 
2 6 19 
7 5 6 14 18 19 23 24 
11 0 5 6 7 10 14 15 16 22 25 29 
8 3 6 12 20 23 26 28 29 
6 9 10 12 17 18 21 
5 4 12 16 28 29 
9 3 4 6 7 8 22 25 27 29 
5 7 11 20 25 29 
4 10 14 21 26 
8 1 2 8 9 10 14 20 23 
