60:90
20 2 7 11 12 14 21 24 26 28 29 34 37 44 58 60 65 68 79 85 88 
23 1 5 18 21 22 23 25 27 30 37 38 50 53 63 65 71 76 77 79 84 85 86 88 
17 0 6 7 8 11 27 28 33 38 41 42 46 49 50 52 65 76 
24 0 5 13 14 15 17 22 28 30 31 40 44 45 50 51 53 57 58 73 76 80 85 87 88 
33 1 8 9 13 18 19 21 23 25 26 27 28 34 36 37 39 40 41 46 47 49 50 51 64 67 75 78 79 82 83 86 88 89 
23 11 13 14 15 16 23 35 36 41 42 44 45 47 48 51 54 61 62 63 68 75 84 87 
20 1 2 14 19 24 25 35 36 40 42 46 47 50 51 53 56 72 80 87 88 
24 1 11 12 13 14 19 20 23 24 29 32 39 47 48 50 52 53 62 64 67 68 72 86 89 
18 6 22 29 32 33 34 38 39 42 43 44 49 51 60 61 64 84 86 
22 4 6 8 13 15 19 23 29 30 35 39 47 48 50 53 56 62 68 74 80 85 86 
23 0 2 3 4 12 13 14 15 21 36 44 54 59 60 67 69 70 72 75 77 81 87 88 
19 0 1 18 20 21 24 29 30 37 39 44 47 58 59 60 71 72 76 81 
22 2 3 8 10 12 14 17 22 29 32 37 38 40 41 43 47 51 53 67 86 87 89 
24 5 11 14 16 18 23 32 33 38 41 43 45 47 56 67 70 72 75 76 77 81 83 85 87 
22 3 4 6 7 13 16 20 21 31 34 37 39 47 48 49 52 69 70 76 78 87 88 
29 1 2 3 10 12 13 15 19 24 25 26 34 35 41 44 47 50 53 54 57 61 67 70 71 75 78 86 87 88 
23 5 10 13 14 16 23 24 29 34 36 40 50 51 56 65 69 70 71 75 77 80 82 89 
29 0 1 6 9 12 18 21 26 31 34 37 39 40 44 46 47 49 51 52 55 68 69 71 73 83 84 85 86 88 
25 2 4 8 15 16 19 25 32 38 43 47 48 50 51 53 56 57 59 65 78 79 80 81 82 83 
28 3 5 9 10 11 13 15 19 21 22 24 29 35 40 45 53 55 64 68 69 72 73 76 82 83 86 88 89 
17 3 4 5 12 15 21 26 29 32 35 40 49 61 65 67 77 87 
16 3 6 10 12 14 28 33 34 37 39 42 45 48 51 57 77 
26 2 3 4 7 8 14 16 21 22 32 35 41 49 53 54 59 60 62 67 70 72 77 78 81 84 88 
31 0 2 3 6 7 9 13 14 15 18 23 24 25 30 31 33 39 48 51 53 56 58 59 61 63 69 71 76 84 86 89 
16 1 10 11 16 27 28 36 58 60 65 69 72 73 83 86 89 
22 5 6 8 10 13 17 22 32 33 38 42 48 51 52 57 61 69 77 78 80 85 86 
25 4 5 7 8 10 20 23 24 26 27 31 32 35 38 47 52 57 59 61 70 75 76 77 84 89 
30 3 5 6 7 10 15 18 19 20 25 26 28 33 34 36 37 38 40 42 52 61 64 66 68 69 74 76 87 88 89 
24 2 4 12 14 15 16 19 20 24 28 36 40 41 42 44 47 50 60 71 78 80 82 84 88 
23 10 18 24 25 27 28 40 41 43 50 52 53 56 57 62 64 66 69 70 72 74 75 82 
25 0 3 8 14 18 27 36 37 39 46 48 49 50 55 63 69 70 72 75 76 80 82 87 88 89 
20 1 6 7 8 17 18 28 38 40 46 47 57 63 66 69 76 84 85 86 88 
19 3 6 11 12 17 18 23 25 26 28 29 34 37 44 61 69 74 84 86 
20 6 12 14 15 16 36 44 45 49 50 55 57 58 62 63 64 67 83 85 88 
20 9 14 23 27 52 53 54 56 58 60 66 71 73 75 80 81 82 84 85 87 
22 0 10 11 12 18 19 22 26 27 35 37 43 45 47 50 51 52 57 61 70 78 89 
22 6 10 17 18 23 27 28 31 43 44 45 51 54 59 60 62 63 64 69 70 73 77 
22 0 1 3 4 5 11 12 19 20 41 52 57 59 61 63 67 69 73 75 77 81 83 
21 8 13 15 16 18 21 25 27 28 37 38 42 44 47 51 52 54 70 73 74 76 
20 3 5 10 19 26 29 30 37 39 52 53 59 61 63 69 73 75 76 80 82 
21 3 7 8 12 13 16 17 28 37 49 51 64 68 73 75 79 81 82 83 84 88 
20 7 17 20 26 27 28 33 35 38 43 45 55 58 68 69 70 76 78 82 84 
20 0 1 8 11 14 17 19 24 36 37 38 52 55 61 64 69 74 82 85 86 
25 2 9 18 20 23 32 33 35 40 42 44 47 48 53 58 61 64 68 71 76 77 83 85 87 88 
17 8 10 12 23 25 27 44 45 48 49 56 60 63 72 74 75 78 
22 3 5 6 11 12 14 16 19 21 23 31 34 35 39 46 51 54 57 66 68 76 87 
24 6 11 12 17 23 24 25 27 28 32 33 34 39 41 42 45 48 66 67 72 75 77 81 83 
20 3 6 12 14 19 22 34 37 38 39 52 68 72 74 75 76 81 82 83 87 
19 0 3 8 9 17 21 27 28 31 34 37 50 51 55 61 71 74 82 85 
17 2 3 8 10 24 26 34 35 36 39 45 49 69 80 81 82 83 
19 0 1 12 28 29 34 36 37 42 46 47 51 56 60 67 73 74 77 78 
24 2 8 9 10 11 14 22 28 31 35 39 40 42 45 48 49 65 68 71 77 79 84 85 86 
22 5 11 22 33 36 43 49 52 53 54 57 59 63 69 70 71 73 74 83 85 86 87 
30 0 8 9 12 17 18 21 24 27 31 33 35 37 39 40 41 45 48 55 57 58 60 61 65 68 73 75 76 82 84 
21 7 19 23 32 34 40 41 43 47 49 50 54 56 59 61 75 77 83 84 87 89 
24 0 2 4 9 10 11 18 19 39 42 43 46 47 49 55 59 60 69 70 71 73 74 86 87 
29 0 1 3 9 14 21 24 25 26 29 32 35 51 59 60 61 63 65 67 68 71 72 75 76 77 84 85 87 88 
26 0 1 6 9 11 12 20 21 22 27 44 47 49 53 57 58 61 66 67 68 69 70 73 79 85 86 
24 1 4 5 17 30 31 32 35 37 39 45 46 50 52 54 62 67 68 76 78 80 81 82 85 
32 0 1 2 6 11 12 14 17 21 33 35 37 38 41 46 47 49 51 53 56 58 61 62 64 66 68 69 72 74 75 87 88 
