60:30
11 4 5 6 7 13 14 15 17 20 25 28 
17 1 2 3 6 9 11 12 14 17 18 19 20 21 22 24 27 29 
14 1 2 3 7 10 13 14 15 17 22 23 24 27 29 
11 0 4 5 7 8 12 13 18 19 25 28 
16 0 4 6 7 11 12 13 16 17 19 21 22 23 24 25 28 
13 1 3 4 7 8 11 14 17 18 19 24 26 29 
13 1 3 4 6 7 8 16 17 18 23 25 26 27 
16 0 4 5 7 8 10 12 15 16 21 22 23 25 26 28 29 
17 0 2 3 5 6 7 9 12 13 14 16 19 20 25 27 28 29 
8 2 6 7 17 20 22 26 28 
16 2 5 8 10 11 12 14 15 18 19 20 22 23 26 27 28 
16 1 2 4 5 6 9 10 12 13 16 18 20 23 24 26 29 
16 0 1 2 4 7 8 11 12 13 15 17 18 19 21 25 26 
15 1 2 3 9 10 12 14 15 16 18 19 20 21 25 27 
15 3 4 7 8 10 12 14 15 18 22 24 25 27 28 29 
16 0 1 2 4 5 14 15 16 17 20 22 23 24 26 28 29 
10 0 1 4 11 12 14 17 20 22 24 
16 0 2 6 8 10 11 12 13 15 18 20 23 24 25 26 27 
12 3 5 7 9 12 14 15 17 18 19 21 22 
17 0 5 7 8 10 11 12 14 16 17 19 20 21 22 24 25 29 
12 3 5 6 9 11 16 17 19 20 21 27 29 
16 1 2 4 5 6 10 11 14 16 19 22 23 24 25 26 27 
16 0 1 2 4 5 7 12 16 17 20 21 23 25 27 28 29 
16 3 4 6 7 9 10 12 13 14 19 21 23 24 27 28 29 
13 0 3 5 6 7 15 20 23 24 25 26 28 29 
17 2 4 5 6 7 8 10 12 15 16 19 20 21 23 24 26 27 
16 0 3 6 8 10 11 13 16 17 18 19 20 22 25 27 29 
12 0 1 2 7 8 14 16 19 22 23 27 29 
14 1 5 6 8 10 11 13 14 17 18 21 24 25 27 
21 0 1 3 4 5 6 8 10 11 12 13 15 17 19 20 22 23 24 26 27 29 
12 1 3 4 8 15 16 21 22 23 24 26 29 
15 1 2 4 6 9 11 12 13 15 22 24 25 27 28 29 
10 0 1 5 9 10 21 22 24 25 29 
14 0 1 2 3 4 6 9 10 13 15 17 18 19 23 
17 1 4 5 7 8 9 10 11 12 16 17 18 20 21 23 25 27 
13 0 1 3 4 6 8 9 11 14 15 18 20 22 
18 1 3 4 6 7 10 11 12 13 14 15 16 17 18 21 23 24 27 
11 1 7 9 11 12 14 16 19 27 28 29 
18 0 5 6 7 8 9 10 11 12 17 19 21 22 23 24 26 28 29 
22 1 2 3 7 8 9 10 12 14 15 16 17 18 20 21 22 23 24 25 26 28 29 
20 2 3 4 5 6 7 8 9 10 13 14 15 17 18 20 22 24 25 27 29 
17 0 4 5 6 7 10 12 13 14 15 16 21 22 25 26 28 29 
14 2 5 6 8 16 17 19 21 22 23 24 25 26 27 
9 4 8 9 10 19 23 26 27 28 
15 6 7 9 12 15 17 18 19 20 21 22 23 24 27 29 
14 0 2 4 7 8 9 12 13 16 17 18 26 28 29 
15 1 4 5 6 7 8 12 17 18 22 23 24 25 26 29 
14 0 3 4 5 6 8 9 10 12 15 17 18 20 21 
15 0 2 5 8 10 13 14 15 16 17 22 24 26 27 29 
15 2 4 5 6 7 8 10 11 12 16 17 23 24 25 29 
19 0 1 2 3 4 5 6 9 13 15 17 18 20 21 24 25 26 27 28 
16 0 1 2 6 7 10 11 13 14 15 16 17 20 22 26 29 
12 1 3 5 6 8 12 13 15 17 19 20 26 
14 0 1 3 8 9 12 14 15 16 24 25 26 27 28 
16 0 2 3 5 9 12 14 15 16 17 18 20 22 26 27 28 
16 0 1 2 4 5 7 10 12 18 20 21 23 24 26 28 29 
13 0 1 2 4 8 12 13 14 17 18 19 21 25 
13 1 3 5 6 9 10 13 16 19 20 25 27 28 
11 0 1 3 6 8 9 10 17 20 23 28 
20 0 1 2 3 4 6 7 8 10 12 13 14 15 17 18 19 20 22 25 27 
