60:30
21 0 1 3 5 8 9 10 11 12 14 15 16 17 18 20 21 22 25 26 28 29 
16 1 2 9 12 13 14 16 17 19 20 21 22 23 24 25 29 
12 3 4 5 6 7 15 17 18 22 25 26 29 
13 1 3 8 12 13 15 16 17 18 22 23 25 26 
12 2 10 11 12 14 18 19 20 21 24 26 27 
15 0 3 4 6 8 10 11 14 15 18 24 25 26 27 28 
15 0 1 2 3 8 12 15 17 18 19 20 21 27 28 29 
13 0 6 7 8 10 11 15 19 22 23 25 26 28 
18 0 2 4 5 6 8 13 14 15 17 18 19 20 22 23 27 28 29 
16 1 3 4 5 6 10 11 12 13 15 17 20 22 24 25 26 
18 1 2 4 5 10 11 12 13 14 17 18 19 22 23 24 26 27 28 
17 1 2 3 4 6 7 8 9 11 12 13 17 19 23 27 28 29 
12 3 7 10 12 18 21 24 25 26 27 28 29 
12 0 1 2 4 5 7 15 18 21 23 26 27 
16 1 4 5 6 8 11 13 15 17 18 19 20 22 25 27 29 
15 1 3 4 7 11 13 17 18 20 21 22 24 25 26 28 
15 0 2 4 5 6 7 8 9 12 14 15 16 18 20 29 
14 2 3 6 7 9 10 12 14 15 20 21 23 25 28 
21 0 1 2 3 4 6 7 11 12 15 16 17 18 20 21 22 24 25 26 27 28 
14 1 3 6 8 10 12 16 18 19 21 22 24 26 29 
12 0 1 2 5 11 15 16 18 19 20 23 26 
12 0 2 7 8 9 15 18 20 21 27 28 29 
12 3 4 9 10 12 14 16 17 24 26 27 28 
19 0 2 3 4 5 7 9 10 11 12 15 19 20 21 22 23 26 27 29 
13 1 2 4 5 7 8 10 16 17 21 22 23 24 
11 0 4 6 7 11 14 15 17 19 22 27 
14 2 9 10 16 17 18 19 20 21 23 24 25 26 27 
15 2 3 4 5 10 11 12 13 14 15 16 18 21 23 29 
13 0 2 4 7 11 12 13 14 15 16 20 27 28 
14 3 4 7 9 10 12 13 14 16 17 18 19 26 28 
11 0 2 4 10 12 14 15 16 21 24 25 
20 0 1 2 3 5 6 8 9 10 11 12 13 14 15 19 23 26 27 28 29 
16 2 3 4 5 7 10 11 12 17 18 20 23 25 26 27 28 
15 1 2 4 5 6 8 9 12 13 17 18 19 20 26 29 
12 0 1 4 9 12 13 18 19 21 24 26 27 
12 1 2 3 6 8 14 17 18 20 21 22 29 
19 2 3 4 5 7 9 10 11 12 14 15 16 18 21 24 26 27 28 29 
15 0 1 4 7 8 10 11 12 14 15 17 18 22 26 27 
17 0 3 5 6 10 11 17 18 19 20 21 22 23 24 26 27 28 
20 0 3 5 6 7 8 9 12 14 17 19 20 21 22 23 24 26 27 28 29 
12 0 1 4 6 8 9 11 13 21 23 25 29 
11 0 2 4 8 11 17 18 21 25 28 29 
17 1 3 4 5 9 10 13 15 17 18 19 20 21 26 27 28 29 
11 1 3 4 8 10 15 19 22 25 26 27 
15 1 3 4 5 7 8 10 11 15 16 18 20 21 23 29 
13 1 2 7 10 12 16 19 22 23 24 25 26 28 
12 0 2 3 4 8 15 18 19 20 22 24 27 
11 2 3 5 6 8 12 16 17 19 24 26 
15 4 5 6 8 10 11 13 15 16 18 20 21 22 23 27 
14 0 1 4 5 6 9 11 13 14 19 20 22 28 29 
12 1 5 7 10 13 15 17 19 20 23 26 27 
17 0 1 3 6 9 11 13 14 17 19 20 21 22 23 26 27 28 
16 6 7 9 13 14 15 16 18 20 22 23 24 25 26 27 28 
15 1 2 5 7 8 12 13 14 15 16 17 20 23 24 28 
11 0 1 4 10 11 18 21 23 26 27 29 
19 0 1 2 3 5 8 10 13 14 15 16 18 19 21 22 23 24 26 28 
19 1 2 3 4 5 6 10 11 12 13 14 15 17 18 19 20 22 26 28 
13 1 4 10 11 13 16 17 18 19 20 22 24 28 
15 0 1 5 10 13 15 16 17 19 20 21 22 25 26 27 
17 0 3 6 7 11 12 14 15 16 18 20 23 24 25 26 27 29 
