60:90
22 8 11 17 21 25 31 32 34 43 50 51 56 60 63 64 71 73 77 79 82 83 88 
33 2 3 5 6 7 11 18 23 25 28 33 36 47 48 49 51 57 58 59 60 61 64 65 66 67 69 71 74 76 77 80 84 87 
16 0 12 13 16 19 24 26 28 30 31 43 50 51 52 73 86 
19 4 5 10 13 28 31 35 39 45 46 50 55 61 67 76 78 85 88 89 
29 2 8 9 14 15 17 20 26 27 29 30 31 44 47 48 50 51 54 55 56 57 62 64 65 74 76 79 84 86 
23 2 5 7 11 18 19 26 28 35 39 40 47 53 55 56 57 68 73 74 76 81 83 84 
30 4 7 8 13 14 17 23 28 30 32 36 39 41 44 48 49 53 57 59 62 63 64 67 69 71 72 73 76 79 86 
18 9 11 16 26 35 39 42 43 57 67 68 70 71 73 77 79 81 86 
21 5 6 8 11 13 23 24 27 29 33 40 41 44 46 57 65 70 71 79 84 88 
26 5 10 11 21 26 31 33 35 36 38 39 41 42 51 56 60 66 67 69 70 74 75 76 77 85 89 
15 3 8 19 23 26 29 34 41 42 50 60 64 72 76 82 
25 9 20 22 23 24 26 29 32 33 37 40 44 45 47 52 58 62 68 70 72 74 75 77 82 83 
17 10 13 32 42 46 47 48 51 52 58 60 61 62 67 71 76 85 
26 6 12 14 16 26 27 28 35 39 41 44 45 49 51 52 54 57 60 62 63 65 68 69 78 81 87 
24 1 3 4 12 13 14 17 18 22 23 33 37 39 41 47 50 51 53 54 64 71 72 83 86 
18 7 9 12 14 23 29 52 53 55 57 58 65 67 72 74 79 80 81 
21 8 15 19 22 23 32 33 34 36 38 39 41 48 52 55 61 76 77 78 79 89 
25 1 8 9 13 15 17 20 23 25 28 34 42 45 48 53 55 57 62 64 68 69 74 80 81 82 
27 0 5 7 11 17 19 21 30 38 40 46 51 52 53 54 58 59 60 61 64 65 74 75 77 79 80 83 
26 2 6 12 13 15 16 17 20 25 27 30 32 40 45 47 48 50 61 69 70 73 76 78 81 83 85 
35 0 2 9 11 14 15 18 21 22 23 24 25 27 30 31 32 36 39 42 46 47 49 50 51 52 53 59 62 64 66 67 70 72 84 85 
24 1 7 8 9 15 19 20 21 24 28 41 42 49 53 54 57 59 61 63 64 74 78 79 83 
24 1 4 9 14 16 18 36 37 40 42 44 45 54 55 57 64 69 70 73 75 79 81 82 85 
26 1 3 7 9 11 12 21 22 35 39 48 49 50 52 53 61 62 65 70 71 76 77 80 84 85 87 
24 2 9 12 16 21 35 39 42 44 46 49 52 53 56 57 58 60 62 75 77 80 84 87 88 
22 0 1 11 12 15 18 19 20 22 25 28 30 48 62 64 66 72 75 81 87 88 89 
29 0 1 6 7 9 18 19 22 23 28 29 31 33 35 38 43 50 52 54 56 57 58 59 60 69 73 75 81 86 
23 3 7 10 15 16 22 23 27 28 29 35 38 40 45 52 70 75 77 79 80 84 86 89 
18 1 6 12 13 16 27 28 38 40 43 45 49 50 54 57 58 65 78 
21 3 13 18 25 30 31 33 34 39 43 60 61 64 68 70 72 73 78 79 83 84 
25 0 1 10 12 13 14 22 23 25 28 31 33 35 43 44 48 49 56 58 59 60 81 84 86 89 
27 1 3 9 11 14 15 16 24 27 31 36 39 44 47 61 64 65 72 74 75 76 78 83 84 85 86 89 
23 0 3 11 12 16 18 22 25 39 42 45 49 50 51 55 59 60 63 68 75 81 83 89 
20 0 3 9 10 11 25 26 27 31 32 34 40 43 45 51 72 73 77 78 79 
32 1 2 7 9 13 20 21 25 27 28 29 32 37 38 40 41 44 47 49 50 56 57 58 59 71 74 75 78 79 81 84 87 
20 0 1 7 8 14 17 22 25 29 32 34 40 49 51 53 55 56 58 72 83 
29 0 1 2 4 10 12 19 24 28 29 30 31 33 34 37 38 39 41 49 51 54 55 60 62 65 76 77 80 83 
20 6 8 12 21 22 24 26 28 40 43 45 48 50 53 57 63 68 71 77 84 
18 3 14 15 21 27 29 34 39 40 47 49 55 56 57 58 61 71 80 
24 0 7 8 19 32 34 37 40 43 55 58 59 60 66 67 68 69 71 74 76 77 82 84 85 
25 0 1 12 15 21 22 27 28 33 34 35 37 40 43 45 50 53 57 61 65 68 70 71 75 83 
16 2 4 9 22 23 24 28 45 47 49 55 64 65 72 76 87 
21 2 5 6 8 12 20 23 36 39 40 43 45 52 53 57 65 75 78 79 86 87 
24 3 8 11 15 17 20 22 30 31 34 35 36 40 44 49 57 59 60 62 64 67 71 84 85 
16 5 6 8 12 29 34 44 51 52 59 61 69 71 75 88 89 
34 0 2 5 6 7 9 11 13 14 16 17 26 32 33 36 41 42 43 45 46 48 52 58 60 61 63 64 66 70 71 72 73 81 86 
25 6 14 18 19 22 26 35 38 39 40 41 42 44 45 49 52 62 66 69 70 73 81 85 87 88 
21 8 9 11 13 19 22 24 28 33 41 44 51 63 67 68 69 76 79 80 84 88 
24 2 20 21 27 31 33 34 38 40 41 46 49 52 56 57 62 65 73 74 75 78 82 87 89 
20 3 4 6 11 13 16 18 43 47 48 49 56 60 61 65 67 68 76 79 88 
23 1 2 6 7 8 9 20 23 27 30 42 45 50 53 54 55 58 65 69 81 83 84 86 
25 1 5 8 12 14 20 21 24 26 27 33 34 45 49 50 52 61 63 64 65 71 72 84 85 88 
28 0 5 6 7 10 11 12 13 16 18 23 25 27 44 47 55 57 59 64 67 68 69 75 77 78 83 84 85 
21 1 5 6 7 8 10 13 16 22 43 55 58 60 64 66 75 78 79 82 86 89 
20 5 6 9 10 11 36 42 44 45 46 50 52 59 65 69 78 80 86 87 88 
20 3 9 14 15 19 21 31 35 41 48 55 60 67 69 71 74 76 77 78 79 
26 1 5 7 11 15 18 21 25 26 32 33 37 41 44 46 48 49 51 55 59 67 69 74 77 84 88 
26 0 2 8 11 13 18 20 23 24 35 39 42 45 52 55 56 58 60 68 71 72 77 78 82 85 89 
25 3 4 13 19 20 21 22 31 34 36 45 50 53 54 59 66 68 69 70 72 75 81 83 88 89 
27 0 2 4 8 11 12 20 21 26 27 30 33 35 44 48 51 55 56 60 69 70 73 80 81 83 86 88 
