60:30
20 0 2 3 4 5 6 7 8 12 14 15 16 17 18 19 21 23 24 25 29 
21 0 1 2 3 5 6 7 8 9 10 12 15 18 20 21 22 23 24 25 27 28 
22 0 1 2 3 4 6 7 8 9 11 12 14 15 16 17 19 20 21 23 25 28 29 
22 1 2 4 5 7 8 9 10 11 13 14 15 17 18 19 22 23 24 25 27 28 29 
20 0 2 6 8 9 10 12 13 14 16 17 18 19 21 23 25 26 27 28 29 
22 1 2 3 4 5 6 7 8 9 10 11 12 14 16 18 19 21 22 23 24 25 28 
24 0 2 3 4 5 6 7 8 9 10 11 12 13 14 15 16 18 19 22 23 24 26 27 29 
24 0 1 2 4 5 6 7 8 11 12 14 15 16 17 18 19 21 22 23 24 26 27 28 29 
21 2 3 4 6 7 9 11 12 13 14 15 16 17 21 22 23 24 26 27 28 29 
21 0 1 2 4 5 8 9 10 11 12 13 14 18 19 21 22 23 25 26 28 29 
25 0 1 2 3 5 6 7 9 10 11 12 15 16 17 18 19 20 21 23 24 25 26 27 28 29 
27 1 2 3 4 5 6 7 8 9 10 11 12 13 14 15 16 19 20 21 22 23 24 25 26 27 28 29 
21 0 2 4 6 7 8 9 10 13 15 16 17 19 20 21 22 23 24 25 26 29 
23 0 1 2 3 4 5 6 7 8 9 11 12 13 14 16 17 18 19 21 23 25 28 29 
20 0 1 3 4 5 6 7 8 11 12 14 15 17 18 22 24 25 26 28 29 
24 0 1 2 3 4 6 7 8 9 10 11 12 13 15 16 18 19 20 21 22 24 25 27 28 
24 0 1 2 3 4 5 6 7 8 9 13 14 16 17 18 19 20 21 22 24 26 27 28 29 
21 3 4 6 7 8 10 11 13 14 15 16 17 20 21 22 23 24 25 26 27 28 
24 0 1 3 4 5 6 7 9 10 11 12 14 15 16 18 19 20 21 22 24 25 26 28 29 
23 0 1 3 4 5 6 7 8 9 10 11 14 15 16 17 18 19 22 23 24 25 26 28 
24 0 1 2 4 6 7 9 10 11 12 13 14 16 17 18 19 20 21 22 23 24 25 27 29 
21 0 1 2 3 6 7 9 10 11 12 13 14 15 16 17 19 23 24 25 26 29 
25 0 1 2 3 4 5 6 7 8 9 11 13 15 16 18 19 20 21 22 23 25 26 27 28 29 
26 0 2 3 4 5 7 8 9 10 11 12 13 14 15 16 17 18 19 20 22 23 24 25 27 28 29 
19 1 2 4 5 6 7 9 10 11 13 15 17 18 19 20 21 22 26 28 
26 0 1 3 4 5 6 7 9 10 11 12 13 14 15 16 17 18 19 20 21 23 24 26 27 28 29 
23 0 2 3 4 5 6 7 8 9 11 12 13 14 15 16 17 18 19 21 24 25 26 29 
21 1 2 3 4 6 7 8 9 11 12 13 15 16 17 18 20 21 22 23 27 28 
22 0 1 2 3 4 6 7 8 11 12 14 15 16 17 18 19 20 21 23 27 28 29 
24 0 1 2 6 7 8 10 11 13 14 15 16 17 18 19 20 21 22 23 24 25 27 28 29 
16 1 3 4 6 7 9 12 14 18 19 20 21 23 25 27 28 
22 0 1 2 3 4 7 8 9 10 12 16 17 18 20 21 22 23 24 25 26 28 29 
23 1 2 3 4 5 6 7 9 10 11 12 13 16 17 18 19 20 22 23 25 26 27 28 
25 0 1 2 3 4 5 6 7 8 9 10 11 12 13 14 15 16 17 19 20 21 23 24 26 27 
21 1 4 5 6 8 9 10 11 13 14 15 16 17 18 20 21 22 23 24 27 29 
23 0 3 5 7 8 9 11 12 13 14 15 17 18 19 20 21 22 24 25 26 27 28 29 
23 2 3 4 5 6 7 8 9 11 12 13 15 16 18 20 21 22 23 24 25 26 27 29 
24 0 1 3 4 5 6 7 8 9 10 11 12 15 16 17 19 20 21 23 24 25 26 27 28 
25 0 2 3 4 5 6 7 9 10 11 12 14 15 16 17 18 19 20 22 24 25 26 27 28 29 
21 0 2 4 5 6 7 9 10 11 12 14 15 16 18 21 23 24 25 26 27 29 
28 0 1 2 3 4 5 6 7 8 9 10 11 12 13 14 16 17 19 20 21 22 23 24 25 26 27 28 29 
20 3 4 5 6 8 9 10 12 14 18 19 20 21 22 23 25 26 27 28 29 
23 1 2 3 8 9 10 11 12 13 14 15 16 18 19 20 21 22 24 25 26 27 28 29 
16 0 1 2 6 9 12 13 14 15 18 19 20 24 25 28 29 
23 0 2 3 4 5 6 7 8 9 10 11 13 14 15 16 18 19 20 24 25 26 27 28 
24 1 3 4 5 6 9 10 11 12 13 14 15 16 17 18 20 21 22 23 24 25 26 27 29 
17 0 1 2 3 5 6 7 8 11 12 13 14 19 20 23 25 27 
23 1 2 3 5 6 9 11 12 13 14 15 17 18 20 21 22 23 24 25 26 27 28 29 
23 0 3 4 6 7 8 11 12 13 14 15 16 17 18 19 20 21 23 24 25 26 27 29 
20 0 1 2 3 5 7 8 9 11 13 15 16 18 20 21 23 25 26 27 29 
18 0 4 9 10 13 14 15 16 17 18 19 20 22 23 24 26 28 29 
23 0 1 2 3 4 5 6 7 8 9 11 12 16 18 19 20 21 23 24 25 26 27 29 
20 1 2 4 5 6 9 10 11 14 15 16 18 19 21 22 24 25 26 27 28 
23 0 1 2 3 4 6 7 8 10 12 13 15 17 18 19 21 22 23 24 25 26 27 29 
26 0 1 2 3 4 5 6 7 8 9 10 12 13 14 15 16 18 19 20 21 23 24 26 27 28 29 
17 0 1 2 3 6 7 8 11 13 14 16 17 19 21 25 27 28 
26 0 1 2 3 4 5 6 7 8 9 10 11 12 13 14 16 17 18 20 22 23 25 26 27 28 29 
22 0 1 3 4 5 6 7 9 10 11 12 14 15 17 20 21 23 24 25 27 28 29 
22 1 2 3 4 5 6 7 8 9 12 13 15 17 18 19 20 23 24 26 27 28 29 
19 0 1 4 5 6 11 13 14 15 16 17 18 19 22 23 24 25 26 27 
