60:30
8 6 11 13 16 19 22 23 25 
11 0 1 4 5 6 7 13 17 19 20 24 
7 0 1 8 12 16 21 23 
9 10 13 16 18 19 22 26 27 28 
5 4 8 9 12 26 
8 2 4 5 9 13 21 28 29 
4 4 7 19 22 
4 0 6 14 27 
6 8 13 14 21 23 25 
8 5 6 9 11 15 16 18 26 
10 3 4 9 14 21 22 24 25 26 27 
6 2 3 11 13 24 27 
8 4 5 6 15 18 19 24 29 
8 2 3 6 8 9 10 16 25 
9 1 2 3 11 12 13 17 22 25 
2 16 27 
8 1 8 13 14 20 22 24 28 
14 0 2 6 7 8 10 18 20 22 23 26 27 28 29 
11 0 3 4 8 9 11 15 20 22 23 28 
7 0 1 2 14 16 18 21 
6 4 5 6 10 12 21 
13 4 5 6 7 10 12 13 20 21 25 27 28 29 
6 9 14 18 20 25 27 
8 2 4 14 20 23 24 26 27 
9 1 2 3 4 8 10 15 17 26 
10 2 5 6 9 10 12 15 16 18 29 
12 8 11 12 13 14 16 17 19 21 22 24 29 
7 1 7 8 11 14 19 27 
10 1 3 5 7 8 16 18 23 25 27 
11 2 3 5 6 12 13 16 21 22 23 27 
5 0 1 20 23 29 
9 0 2 4 6 8 9 20 23 28 
9 1 2 7 10 17 22 25 26 29 
7 4 6 9 14 20 22 25 
11 0 2 4 6 12 13 14 18 20 25 28 
8 6 7 9 15 19 21 26 29 
3 11 18 25 
5 6 10 11 13 28 
10 0 1 6 8 10 16 19 20 24 25 
5 0 5 6 7 27 
6 4 6 17 21 22 27 
10 5 9 10 11 12 16 23 25 26 29 
9 0 1 6 16 21 22 23 24 25 
8 1 4 7 9 14 18 20 29 
8 4 12 15 19 20 25 27 28 
4 6 19 23 24 
11 1 2 5 6 11 13 17 18 19 28 29 
9 2 3 4 5 9 16 21 22 24 
7 1 6 13 15 21 24 25 
8 0 2 6 8 11 14 16 27 
7 0 3 5 7 25 26 27 
9 2 3 5 6 8 10 11 17 21 
10 0 1 4 8 10 17 19 22 26 28 
7 2 12 13 14 19 25 27 
9 0 3 7 9 13 14 15 19 29 
6 13 16 17 18 21 23 
7 1 11 13 14 18 20 26 
9 1 4 9 10 12 14 21 25 26 
6 7 8 20 21 28 29 
7 4 11 12 20 26 27 28 
