60:90
40 2 3 6 8 10 13 14 15 16 17 18 20 21 22 23 25 26 27 28 29 31 32 34 43 44 47 48 51 53 59 60 62 63 64 65 66 68 80 82 83 
41 2 3 7 12 13 14 15 16 17 19 24 26 31 33 34 35 41 42 46 47 49 50 51 52 53 54 55 58 59 63 69 70 71 74 75 76 77 79 80 83 88 
37 2 4 6 9 13 14 18 19 20 21 22 26 27 31 33 35 36 37 43 45 50 52 55 57 58 59 60 61 64 70 72 75 78 80 81 87 89 
42 2 3 8 10 12 13 18 22 24 25 26 31 33 34 35 36 40 41 42 43 46 47 51 52 53 56 63 64 66 67 69 71 72 74 75 78 79 81 84 85 87 88 
50 1 2 4 5 6 9 10 11 12 13 14 16 17 18 20 23 25 28 30 31 35 37 39 40 43 44 49 51 57 58 59 60 64 66 67 69 71 72 73 74 76 77 79 80 81 82 83 86 87 88 
42 1 2 3 4 7 10 11 15 16 20 21 23 26 28 29 34 37 39 41 44 47 50 54 55 56 57 59 61 62 63 64 65 66 68 69 70 71 73 80 82 85 87 
42 1 2 6 10 14 16 17 18 21 24 27 30 31 32 33 34 36 40 43 44 49 51 53 54 56 58 61 62 66 68 69 72 73 74 76 77 78 80 82 85 87 88 
41 2 3 4 9 11 12 13 15 18 20 22 24 25 28 31 34 37 38 41 44 45 46 47 51 52 53 55 56 58 61 63 65 68 69 70 73 79 80 87 88 89 
51 2 3 5 6 8 11 12 13 14 16 17 19 20 21 23 29 31 32 33 35 37 42 43 44 46 50 51 53 58 59 61 63 65 66 67 68 69 70 71 72 74 75 76 78 79 80 81 82 83 84 85 
57 0 2 6 8 10 11 13 15 16 17 21 23 25 26 27 28 30 31 32 33 34 35 36 37 39 40 41 42 43 44 45 46 49 50 51 53 54 55 56 59 60 62 64 67 68 70 71 74 76 78 79 80 81 82 84 86 88 
46 2 3 4 9 11 12 13 17 18 19 20 24 25 26 30 31 32 35 36 38 39 42 44 45 46 47 48 50 52 54 56 62 64 65 66 69 71 72 74 75 76 79 80 82 88 89 
41 2 5 8 10 16 18 20 23 25 27 28 29 30 32 33 35 39 40 41 44 47 48 49 50 51 55 61 63 65 66 67 69 73 77 78 79 80 81 83 85 89 
48 2 3 6 7 8 9 13 14 15 16 17 19 20 24 26 28 31 32 33 34 35 39 41 43 45 47 48 49 52 53 54 55 56 58 60 66 70 71 72 75 76 78 79 81 82 83 84 88 
46 0 1 4 5 7 8 9 10 11 12 14 15 17 19 22 23 28 30 31 32 35 36 43 45 46 47 50 53 57 58 60 61 62 64 65 66 67 75 76 82 84 85 86 87 88 89 
42 2 3 4 6 7 9 15 16 18 20 21 22 24 27 30 36 37 39 40 43 45 50 51 52 55 56 57 60 62 66 67 68 69 70 71 72 73 77 78 79 80 85 
42 0 2 4 5 8 10 11 12 13 14 16 20 21 22 23 26 29 30 35 37 38 41 42 43 44 45 46 48 50 52 53 56 57 63 64 65 67 75 76 84 87 89 
52 0 2 6 7 10 13 14 15 16 18 19 20 22 25 26 29 30 31 32 34 36 38 39 41 43 44 45 50 51 53 54 55 58 60 61 63 64 65 66 67 69 71 73 74 75 76 78 79 81 83 85 87 
52 0 1 2 3 5 6 9 10 11 12 13 17 21 22 23 24 26 27 28 29 31 33 34 35 41 42 43 44 49 51 55 56 57 58 61 63 64 65 66 67 68 69 70 71 72 73 74 77 78 83 86 89 
53 0 1 2 3 7 8 9 11 12 14 15 17 18 24 25 26 27 28 29 33 34 39 41 42 43 44 46 48 50 53 56 57 60 61 62 63 64 65 67 68 69 70 71 74 76 78 80 82 85 86 87 88 89 
38 1 3 6 7 8 13 14 19 20 27 30 32 34 37 38 40 42 44 48 49 52 54 56 59 61 62 64 65 73 74 79 80 81 83 84 85 87 88 
41 0 4 9 11 13 15 16 17 21 22 24 25 27 28 29 34 35 36 38 39 40 44 45 46 47 49 51 52 54 55 58 59 62 65 67 68 70 79 84 87 89 
40 2 4 6 7 12 13 16 20 21 25 28 29 30 32 33 35 38 40 41 45 49 53 55 56 57 58 61 64 65 66 67 68 72 74 77 78 80 84 85 86 
40 0 5 6 9 14 15 18 23 25 27 29 32 36 40 42 43 44 45 46 48 52 54 55 58 59 60 61 62 63 66 67 72 73 74 77 83 84 85 86 87 
45 0 1 3 4 6 13 17 18 20 23 25 26 27 28 29 31 32 33 38 42 43 46 48 49 52 53 55 56 57 58 60 62 63 64 67 71 75 77 78 81 82 84 85 88 89 
49 1 4 5 6 7 8 9 10 11 12 15 16 17 20 21 23 26 27 31 34 35 37 38 41 43 44 46 47 48 51 53 56 57 58 59 64 68 72 75 77 80 82 83 84 85 86 87 88 89 
47 1 2 3 5 6 7 8 9 10 11 12 13 14 15 19 20 21 22 25 30 31 32 33 37 38 40 41 45 47 51 56 62 66 69 70 71 73 74 75 76 77 79 81 82 84 85 89 
46 0 1 3 6 7 8 9 12 13 14 19 24 25 34 36 37 38 40 41 42 45 46 47 49 50 51 53 54 56 57 59 62 64 65 69 70 71 72 73 77 81 82 83 85 86 87 
40 0 5 7 9 14 15 20 21 22 23 28 29 31 32 33 34 36 38 40 46 47 49 50 51 52 53 55 56 57 59 61 68 75 76 79 82 83 86 88 89 
43 2 3 5 7 8 9 10 12 16 17 20 23 24 25 26 28 29 31 32 33 36 37 38 39 42 43 49 51 53 58 61 64 65 67 69 73 75 77 78 82 84 88 89 
47 0 1 2 3 5 6 9 15 16 19 21 22 24 25 26 31 34 35 36 38 39 43 44 45 47 48 49 53 54 56 58 59 60 61 66 69 71 75 76 77 79 80 81 83 84 85 89 
48 0 1 2 5 7 8 10 11 13 15 16 18 19 20 22 24 26 29 30 31 32 34 35 37 38 41 43 44 49 53 56 61 62 63 65 66 68 70 72 73 74 76 78 80 81 82 84 88 
43 0 1 2 4 8 14 16 17 25 31 32 39 41 43 44 45 46 47 48 49 50 51 53 54 58 59 61 65 66 67 68 72 73 75 77 79 80 81 82 84 85 88 89 
43 0 2 4 6 8 9 14 16 17 19 20 22 23 25 27 28 30 31 32 33 36 40 41 44 46 52 54 56 57 58 59 62 63 64 67 69 70 75 76 79 81 82 89 
45 1 3 6 7 8 11 15 17 18 19 22 25 26 27 28 31 32 33 34 38 41 43 47 51 53 54 55 57 60 61 62 64 67 68 69 72 74 75 77 78 79 80 81 84 88 
44 3 5 7 8 9 10 11 12 14 15 19 20 22 24 27 31 35 42 45 46 47 49 50 55 56 57 60 62 64 65 67 69 71 72 73 74 76 78 79 82 83 84 88 89 
51 1 3 5 6 8 10 11 12 13 14 16 18 21 22 27 28 30 32 33 34 37 40 43 44 45 49 50 52 53 57 59 60 61 62 63 65 67 68 71 72 76 77 78 79 80 81 83 84 85 86 87 
47 0 2 3 10 12 16 17 18 19 20 22 23 26 27 28 31 33 35 38 40 41 44 47 51 52 53 54 55 56 58 59 60 61 64 66 67 68 69 74 77 78 79 81 83 84 86 88 
49 3 5 6 8 9 10 11 12 14 19 20 21 22 24 28 30 31 33 35 40 42 43 45 47 49 50 51 55 56 57 60 61 65 66 67 69 70 72 74 76 78 79 80 81 82 86 87 88 89 
52 1 2 3 4 5 7 9 10 11 12 13 15 18 21 22 24 25 27 30 31 35 37 38 41 44 45 47 48 49 50 51 52 53 54 55 58 59 64 65 67 71 73 74 75 77 79 80 82 83 85 88 89 
35 3 4 7 8 9 14 16 22 23 24 25 29 31 35 37 38 41 42 43 44 47 48 51 56 57 62 64 67 68 69 73 77 79 80 85 
49 1 2 10 12 13 14 18 20 21 24 25 26 28 30 32 34 35 37 38 42 45 48 50 51 52 54 55 56 57 58 59 60 65 66 67 68 69 71 73 75 76 80 81 82 84 86 87 88 89 
54 1 2 3 4 7 8 9 10 11 12 13 14 15 19 20 24 25 26 28 29 31 33 34 36 37 38 39 40 42 43 45 46 50 51 55 57 59 60 62 67 68 69 70 71 72 75 77 80 82 85 86 87 88 89 
54 1 2 3 4 5 6 7 8 9 11 12 14 15 17 18 20 21 22 23 24 26 28 32 34 36 37 39 46 49 50 52 53 54 56 58 59 60 61 62 63 64 67 70 71 72 73 74 75 77 83 84 85 87 89 
40 1 2 3 4 5 7 10 12 14 15 17 19 20 26 28 29 32 36 40 43 47 48 50 51 52 53 54 57 59 60 61 63 64 66 67 68 71 74 77 89 
43 1 2 4 5 6 9 14 15 16 18 20 23 27 28 31 33 35 37 39 41 43 45 46 48 49 50 52 56 57 62 67 69 70 72 73 80 81 83 84 85 86 87 89 
50 0 3 4 5 6 9 10 13 14 15 16 17 18 19 22 24 25 27 30 32 33 34 36 37 39 40 43 44 45 47 48 51 54 61 62 67 68 69 70 73 76 77 78 80 82 85 86 87 88 89 
46 0 3 5 6 7 8 9 11 13 14 15 16 22 24 26 28 29 31 32 35 37 38 39 40 41 45 46 50 52 58 59 60 61 62 65 68 69 70 72 74 82 83 85 87 88 89 
44 0 1 2 4 5 6 8 11 12 13 18 20 25 31 32 33 34 37 38 41 42 43 44 45 47 49 51 53 58 59 61 62 63 65 67 70 75 79 81 82 83 85 86 87 
55 2 3 6 7 8 9 10 12 13 14 16 17 18 19 21 22 23 25 26 28 29 30 31 32 33 34 36 38 39 41 42 44 49 51 52 53 54 56 58 60 63 64 68 69 71 72 73 77 78 79 81 84 85 86 88 
43 0 1 3 4 7 8 9 10 11 12 15 16 17 21 23 25 27 31 32 33 34 36 37 41 42 44 47 54 55 58 61 64 65 66 69 70 71 73 78 80 83 86 87 
47 0 1 2 3 6 8 10 12 15 16 19 21 22 23 24 26 28 42 43 44 45 46 48 49 51 52 53 54 59 60 61 63 64 65 66 67 68 70 71 73 74 77 79 80 82 88 89 
41 4 5 6 7 8 10 11 15 18 19 26 28 31 32 34 35 37 42 48 49 50 51 52 53 55 57 59 62 64 65 66 69 72 73 76 78 83 85 86 87 89 
44 0 1 5 6 7 8 9 10 13 14 15 16 17 22 23 24 28 29 31 32 34 35 37 40 44 46 47 49 52 58 60 61 62 65 68 71 74 76 79 80 82 85 86 89 
49 0 3 4 6 7 8 11 12 13 15 16 17 18 19 24 28 30 34 35 36 37 40 41 42 43 45 47 48 49 50 51 53 55 56 62 63 65 66 67 70 72 73 74 75 76 80 84 86 87 
42 1 3 5 6 7 10 17 23 28 29 30 31 33 34 35 37 38 39 40 41 49 50 52 58 60 67 68 69 71 72 74 75 76 78 79 80 81 83 84 85 88 89 
48 1 4 8 10 12 14 15 18 21 22 25 28 29 31 32 35 36 37 38 39 40 42 43 44 47 48 50 51 52 53 58 59 61 62 63 67 68 69 71 74 75 78 79 81 85 87 88 89 
45 0 1 2 5 8 15 16 17 18 19 23 27 30 31 32 34 38 40 41 43 44 45 46 47 49 51 52 54 56 58 59 61 62 67 68 69 70 71 72 74 79 80 84 86 89 
48 3 4 5 7 10 12 13 16 17 23 24 25 26 29 30 31 35 36 37 38 40 41 43 45 46 52 53 54 56 57 59 64 65 67 69 70 72 73 74 75 77 78 79 80 81 84 86 88 
46 0 1 8 9 12 13 16 17 18 21 23 25 26 27 28 29 30 31 32 38 41 42 43 44 45 50 51 53 54 56 59 61 63 65 67 68 69 70 71 74 77 80 83 84 85 87 
47 5 6 9 10 12 16 20 26 28 29 30 31 35 36 38 39 40 41 42 43 47 48 50 51 52 54 55 57 59 61 63 64 65 67 68 71 72 76 77 78 79 80 81 82 84 87 88 
