60:60
19 4 7 8 21 22 25 27 29 31 33 34 37 42 43 46 50 57 58 59 
19 0 2 4 9 10 13 18 19 25 28 35 36 42 45 49 53 54 55 57 
17 0 3 6 8 10 13 14 16 17 18 19 20 27 46 49 50 56 
19 1 3 6 11 12 23 29 31 33 35 38 39 40 42 47 49 51 52 59 
15 0 2 8 9 11 20 22 24 29 37 38 40 44 48 56 
15 1 2 4 18 20 22 26 31 42 43 47 50 55 56 57 
17 1 3 5 13 17 19 20 21 30 32 38 41 46 47 49 56 57 
15 0 3 4 5 7 12 16 20 22 26 30 32 39 46 56 
16 1 6 7 8 10 12 14 17 21 22 31 36 39 40 46 57 
16 1 5 6 8 11 16 19 20 21 22 33 38 40 45 46 59 
9 3 5 7 13 23 28 30 35 44 
13 9 10 14 15 25 27 30 36 41 44 48 49 50 
13 0 6 9 14 18 29 35 36 43 48 51 52 57 
17 3 4 6 8 17 21 30 31 32 36 39 40 41 48 53 56 59 
15 4 6 7 11 16 22 23 32 34 35 47 48 52 58 59 
16 7 8 18 24 30 34 35 36 37 38 39 46 50 51 53 55 
11 5 8 15 17 18 38 40 42 44 47 53 
16 1 6 12 21 22 24 31 40 43 45 47 49 51 52 53 55 
15 5 6 8 9 10 11 15 26 30 31 35 42 50 51 54 
16 9 12 16 17 18 21 24 28 31 37 41 46 48 49 54 58 
18 0 2 9 12 13 15 16 17 21 22 24 25 26 29 41 43 49 51 
16 4 5 6 8 10 11 13 14 21 23 32 34 38 47 51 54 
21 1 2 5 6 7 9 18 21 23 29 30 33 38 42 46 49 52 53 55 56 57 
15 0 10 13 16 17 20 21 22 32 33 35 36 49 58 59 
13 2 4 6 8 10 14 16 21 22 25 35 36 46 
10 5 9 11 19 21 33 34 36 48 54 
22 1 4 5 6 10 14 16 19 21 23 26 30 31 36 37 43 44 47 48 49 52 58 
18 1 2 3 4 5 6 7 8 18 19 24 25 40 51 52 55 56 59 
10 10 16 20 21 24 38 40 45 52 55 
8 7 24 32 36 40 44 49 51 
21 1 2 9 10 13 20 25 27 31 37 41 43 45 46 47 48 51 53 55 57 58 
13 4 11 15 21 23 26 33 34 37 48 51 53 54 
14 6 12 21 23 28 29 30 37 44 45 46 50 55 58 
17 2 3 4 5 7 8 18 20 21 23 26 28 29 43 44 45 58 
13 0 2 9 10 20 21 22 30 33 38 47 52 59 
17 0 8 12 13 19 21 22 27 28 30 33 34 42 44 51 54 55 
19 0 2 3 5 7 11 23 25 27 31 32 33 37 39 41 46 47 48 55 
14 1 3 5 23 28 30 31 33 34 35 36 43 50 54 
19 0 3 5 6 7 9 13 15 26 30 31 34 41 45 46 47 52 54 58 
19 0 9 10 11 12 14 17 24 28 31 33 34 35 47 49 51 53 57 58 
12 1 2 4 5 9 18 31 37 40 45 55 56 
14 3 4 11 16 18 20 21 29 30 40 45 49 52 57 
14 5 13 20 23 25 27 28 29 33 36 37 46 50 58 
12 6 9 10 11 13 21 25 33 43 48 57 58 
21 3 6 7 8 15 19 20 21 25 28 30 31 34 37 41 43 45 53 56 57 58 
16 7 9 12 13 25 26 28 29 30 36 39 40 43 44 52 57 
19 5 6 7 8 10 11 13 16 18 20 26 33 37 45 46 50 54 57 59 
21 2 3 4 5 8 18 19 21 24 25 26 28 33 36 38 39 40 46 47 49 58 
20 1 3 4 5 7 9 21 22 29 32 34 35 37 40 42 43 44 49 51 52 
15 9 22 27 28 34 38 39 40 42 43 46 51 52 56 59 
11 0 27 29 33 38 41 45 48 50 56 59 
18 2 6 7 13 15 18 20 22 24 34 35 36 41 42 44 46 51 58 
16 5 11 12 14 15 17 23 37 40 42 43 45 54 57 58 59 
19 2 9 11 12 14 19 22 25 28 30 31 32 35 41 45 46 51 55 56 
11 1 3 5 9 10 14 15 20 34 44 45 
18 7 11 12 15 18 19 20 28 29 31 32 37 40 41 43 48 55 59 
18 1 2 4 6 8 11 12 14 18 22 24 27 28 30 36 38 54 59 
15 1 6 9 10 14 21 26 29 39 44 46 47 49 50 51 
13 2 3 4 6 13 27 30 36 50 51 52 54 57 
12 2 4 6 15 21 32 39 40 48 50 55 59 
