60:90
51 0 3 4 5 8 10 11 12 14 16 17 18 19 20 21 25 27 28 29 32 35 39 40 41 42 43 45 46 49 50 52 53 54 55 56 57 58 62 63 65 66 69 71 74 75 77 78 79 83 85 87 
42 3 6 8 9 10 12 14 16 18 21 24 26 29 34 35 36 38 39 41 43 44 48 51 53 54 55 57 58 62 63 64 65 66 67 68 73 75 79 86 87 88 89 
55 0 3 4 5 10 11 13 14 16 17 19 21 23 24 26 27 28 30 31 32 33 34 36 37 38 39 40 41 42 44 48 49 52 54 55 56 57 59 62 63 66 67 69 70 71 72 76 77 78 79 81 82 86 87 89 
44 0 4 6 7 9 11 12 13 15 19 20 21 22 24 25 26 28 29 32 33 35 36 37 40 41 42 44 46 47 50 55 59 61 62 66 69 71 72 74 76 77 81 85 88 
49 5 7 8 9 10 14 16 19 20 22 23 25 26 27 29 30 32 35 36 37 39 42 43 45 47 51 52 53 54 56 58 60 61 63 64 65 68 69 70 72 73 74 77 78 79 83 85 86 89 
39 3 4 5 7 10 15 17 18 21 24 25 27 28 31 32 33 34 36 37 39 41 45 49 52 53 54 56 59 60 61 67 68 69 70 73 78 79 83 87 
47 1 2 3 6 7 8 9 12 13 15 16 19 22 24 25 28 30 31 33 34 35 36 37 41 48 50 51 52 58 59 60 62 64 65 66 71 72 73 74 75 77 81 82 83 85 87 89 
37 0 1 3 5 7 8 13 15 16 18 19 22 24 28 34 36 39 40 43 48 53 54 56 57 59 62 65 66 71 75 76 77 78 81 82 84 87 
48 2 4 6 9 10 12 13 15 16 18 19 20 21 22 24 26 28 29 30 31 34 35 37 39 40 41 42 44 52 53 55 56 59 60 61 62 63 65 66 67 68 69 74 75 76 85 86 88 
46 0 2 3 7 8 9 10 13 16 21 22 24 25 26 27 28 30 31 32 36 37 40 41 42 44 47 50 54 55 60 61 62 63 66 67 69 71 72 73 76 78 79 80 81 83 85 
41 0 3 4 6 7 10 14 16 22 23 24 28 29 30 32 33 34 35 37 40 41 43 45 47 51 57 59 61 62 65 66 70 73 74 76 77 82 83 85 86 89 
41 1 3 4 5 7 9 10 11 12 13 14 15 18 20 24 25 30 35 36 37 39 46 49 50 51 52 56 60 63 66 70 74 75 78 79 81 82 83 85 87 89 
40 1 2 4 6 9 15 16 19 22 23 25 28 29 30 31 33 35 36 37 38 42 43 45 52 55 56 58 59 60 61 73 74 75 76 78 80 82 85 86 89 
45 0 1 6 9 11 14 15 16 17 19 20 21 24 25 26 27 29 32 33 39 40 41 42 43 46 48 49 51 54 57 58 59 62 69 70 74 76 77 78 79 81 83 86 88 89 
41 0 3 4 6 7 13 14 15 17 18 19 21 23 24 25 26 27 28 29 31 35 36 38 41 44 50 52 55 56 59 60 64 65 66 70 74 81 82 86 87 89 
41 3 6 8 9 13 15 16 17 19 24 25 31 32 33 35 37 38 40 42 43 44 45 48 49 51 53 55 60 61 62 67 70 71 73 74 76 78 80 81 83 87 
55 0 3 5 9 12 13 14 19 20 21 22 23 24 27 28 29 31 32 33 35 37 41 42 43 44 45 46 47 51 52 54 55 57 58 59 63 64 65 66 67 69 73 74 75 76 77 78 79 80 81 83 84 85 88 89 
44 0 1 2 3 4 5 6 9 13 16 17 18 21 23 26 27 31 32 34 35 36 42 44 45 47 48 50 52 53 54 55 61 70 71 74 76 78 79 81 82 83 85 86 87 
47 0 3 4 6 7 8 10 15 22 23 26 27 28 29 30 31 33 35 38 40 41 43 45 46 47 50 53 56 57 59 60 61 63 64 65 66 69 73 74 77 78 81 82 85 86 88 89 
40 0 1 2 3 6 9 10 12 15 16 18 20 21 25 28 30 32 33 40 41 42 43 45 46 47 54 56 57 58 61 62 69 70 72 75 77 79 82 84 86 
49 0 2 3 4 6 7 11 12 15 16 17 19 21 23 24 25 26 27 29 34 35 37 38 43 46 47 48 50 52 53 54 56 57 59 60 65 66 67 68 69 71 74 76 79 81 82 83 84 87 
52 0 1 2 3 4 6 7 8 12 16 17 19 21 22 25 26 29 30 33 34 36 38 39 42 44 46 48 52 53 54 55 56 60 61 63 65 69 70 72 73 74 76 78 79 81 83 84 85 86 87 88 89 
45 0 2 3 8 9 11 12 13 15 18 20 23 27 28 30 33 35 36 37 39 46 47 48 52 55 60 62 64 65 66 67 68 71 72 74 75 76 77 78 81 82 83 85 87 89 
46 0 1 2 3 4 5 6 7 11 13 14 15 16 17 18 21 23 26 29 32 33 34 35 36 37 39 40 41 43 46 47 49 53 57 58 60 61 64 68 69 71 74 76 77 79 86 
38 1 3 5 9 10 12 13 14 22 23 24 25 30 33 35 36 39 41 43 44 45 49 50 51 52 55 61 62 63 64 65 71 76 77 82 85 87 88 
58 2 3 5 6 8 10 12 13 18 19 22 24 25 26 27 28 29 31 34 36 37 38 39 40 41 42 44 45 46 47 49 51 52 53 54 55 56 57 58 60 61 64 66 67 68 69 71 73 74 75 76 77 81 82 85 86 88 89 
47 1 3 4 6 8 9 10 11 14 16 18 21 22 24 27 29 31 33 38 39 40 41 42 44 45 47 48 49 50 52 54 56 57 59 60 61 65 71 72 74 76 78 80 81 82 83 87 
42 1 2 3 4 11 14 16 18 20 26 29 32 35 37 39 44 45 46 48 50 51 52 53 54 55 56 57 58 64 65 66 67 69 73 74 75 78 80 81 82 83 85 
47 1 2 3 4 9 12 17 18 21 22 25 26 27 32 33 35 36 38 40 43 44 45 47 52 53 56 58 59 61 64 66 67 68 69 70 71 72 76 77 79 80 83 85 86 87 88 89 
38 0 2 4 6 8 11 12 13 14 18 19 21 23 33 35 37 39 44 48 50 51 52 57 58 59 60 61 62 63 66 67 69 73 74 79 85 86 87 
43 4 5 6 7 9 10 11 13 14 15 16 17 23 24 25 29 30 31 32 33 35 37 38 40 44 45 47 50 54 56 61 63 64 66 67 71 72 75 76 79 83 86 87 
43 2 6 9 10 11 12 15 16 17 20 25 31 32 34 36 39 41 42 45 46 48 52 53 55 57 58 59 63 67 69 70 71 74 75 77 78 79 80 81 84 85 87 89 
46 2 3 6 8 10 12 14 15 16 17 19 24 26 27 28 29 30 33 34 36 42 43 46 48 49 50 55 59 64 65 68 70 71 74 75 76 77 78 80 81 82 83 84 85 87 89 
37 0 2 3 8 13 14 18 20 22 24 31 34 36 41 42 47 48 51 53 54 59 61 62 63 64 66 70 71 72 74 76 82 83 84 85 86 88 
51 2 3 4 5 8 10 11 12 14 15 16 17 19 22 25 26 27 29 30 32 33 34 35 37 41 42 45 47 51 52 53 54 55 56 57 59 62 64 65 68 70 71 72 73 75 79 81 82 84 86 88 
42 2 4 5 6 7 9 10 11 13 15 16 17 18 22 23 28 30 33 40 42 44 46 48 50 52 56 59 62 63 64 65 70 71 75 76 77 80 81 83 86 87 88 
41 0 4 7 8 10 13 14 16 23 24 29 31 32 33 35 37 39 40 42 46 48 49 52 54 56 57 60 61 62 63 67 68 69 71 72 74 76 77 81 83 89 
44 1 5 7 9 11 14 17 18 19 20 22 25 28 30 31 34 39 40 47 48 51 53 56 58 59 60 62 63 64 65 68 70 71 74 75 76 79 81 82 83 84 85 86 88 
45 0 1 2 5 6 7 8 9 10 11 15 18 19 23 24 25 27 30 33 34 36 37 45 47 54 58 59 61 62 66 68 73 76 77 78 79 80 81 82 83 85 86 87 88 89 
48 3 4 5 8 13 15 16 17 19 20 21 22 24 26 27 28 29 31 32 33 34 36 38 39 43 44 47 49 55 56 58 60 61 63 64 65 66 74 75 79 80 81 82 83 86 87 88 89 
41 0 7 8 10 11 14 20 23 26 27 31 32 33 35 38 39 41 42 43 44 47 49 52 53 55 58 68 71 72 73 74 75 76 78 80 81 82 84 85 87 89 
45 0 2 3 4 8 9 11 12 15 16 18 20 23 24 25 26 27 28 29 36 37 41 42 44 47 48 49 50 53 55 56 57 61 62 63 64 66 68 72 75 77 79 86 87 88 
60 0 2 3 4 6 7 8 10 13 15 16 17 19 21 23 24 26 27 28 29 30 31 36 38 39 41 42 43 46 47 48 50 52 53 55 57 58 60 61 63 64 65 66 67 68 69 71 74 75 76 77 78 79 80 82 83 86 87 88 89 
49 0 1 3 8 9 12 13 14 15 19 20 23 25 26 27 29 33 34 35 36 39 45 46 52 53 54 55 56 57 58 60 64 66 68 70 71 72 73 74 75 76 77 79 80 82 85 87 88 89 
42 0 2 9 12 15 16 17 19 24 27 29 30 31 34 35 38 39 43 49 50 51 52 54 55 58 60 66 67 68 69 70 71 72 73 74 80 82 83 85 87 88 89 
44 2 4 6 8 10 13 15 21 22 26 27 28 30 31 32 36 40 42 43 44 45 46 47 48 49 52 57 58 63 64 65 66 67 68 70 76 79 80 81 83 84 85 86 88 
43 1 2 3 5 10 13 15 18 21 22 25 29 30 31 35 38 39 42 43 46 48 49 50 52 53 54 55 56 57 59 61 65 67 71 72 74 75 76 79 80 82 84 85 
45 3 4 7 8 9 13 15 16 18 19 20 21 23 25 27 31 32 34 35 37 38 41 43 47 50 52 54 55 57 61 63 64 65 66 68 72 74 76 77 79 80 83 85 86 88 
48 0 1 2 3 4 6 8 10 11 13 14 16 24 27 28 29 30 32 33 37 38 39 43 44 46 47 50 51 54 56 58 60 61 62 65 66 68 69 70 72 74 75 77 78 80 81 84 87 
47 0 2 3 4 5 10 11 13 15 16 18 19 20 21 23 24 26 27 28 29 30 31 34 35 37 38 41 44 47 48 52 56 57 59 60 62 63 64 67 73 74 75 79 84 87 88 89 
52 0 1 2 6 7 9 10 13 14 16 19 20 21 23 24 26 28 29 30 31 33 34 36 39 41 43 44 46 51 53 54 55 56 59 60 64 66 68 69 71 72 74 78 80 82 83 84 85 86 87 88 89 
50 0 1 2 3 7 8 9 11 12 13 14 17 18 22 26 27 29 31 34 36 40 42 45 46 47 48 51 52 53 54 55 60 61 64 65 66 68 69 70 71 73 75 77 82 83 84 85 86 87 89 
46 2 8 11 13 19 20 22 25 26 27 28 30 31 35 36 38 40 43 44 46 47 48 52 55 56 58 59 60 62 63 64 65 70 71 73 74 75 76 77 79 80 81 82 84 87 89 
52 3 4 5 6 7 9 10 11 12 14 15 16 17 22 23 25 26 27 28 31 33 34 37 38 39 40 41 42 44 46 47 48 50 53 54 55 57 59 62 64 65 68 73 76 78 79 81 82 83 84 85 88 
54 1 2 3 5 6 7 8 14 15 16 17 21 25 28 29 30 31 32 34 35 36 37 38 39 41 42 43 44 48 49 50 53 54 55 56 57 59 60 61 67 68 69 70 71 73 76 77 78 79 80 81 84 86 88 
47 0 1 2 8 11 13 15 16 18 19 23 25 26 27 29 31 33 35 36 38 39 40 43 44 45 46 47 48 51 53 55 58 60 61 66 68 69 71 72 73 74 75 81 83 87 88 89 
43 0 5 6 7 8 9 10 14 16 21 22 25 26 27 34 35 38 43 44 46 47 50 52 57 58 59 61 62 63 65 70 73 74 75 76 77 80 83 84 85 86 87 88 
43 1 2 6 7 8 10 13 14 16 17 20 21 26 28 32 38 39 42 43 45 46 48 52 53 54 56 59 60 62 63 66 67 68 69 72 74 76 77 80 81 82 83 85 
43 0 1 2 3 4 6 7 9 12 14 15 19 20 23 26 28 29 30 31 32 33 40 41 42 43 44 48 49 51 54 56 60 62 64 66 72 74 75 77 80 82 83 86 
43 0 3 4 6 7 8 10 15 16 18 24 25 27 28 29 30 34 35 36 37 40 43 45 46 49 52 53 54 55 62 64 65 69 70 71 72 74 76 77 79 81 84 85 
