60:60
17 6 13 14 17 25 27 29 33 37 38 39 44 49 50 54 55 58 
13 13 14 22 30 32 35 39 41 42 45 48 50 55 
13 0 2 5 12 14 23 24 25 29 41 42 51 56 
19 7 8 21 23 24 25 27 30 31 32 36 41 42 48 50 53 54 56 58 
25 0 1 2 4 6 8 11 20 21 24 29 30 33 34 39 42 44 46 48 49 51 52 53 54 57 
15 0 4 6 10 12 13 21 22 24 26 34 40 42 44 56 
15 2 4 10 12 15 22 26 32 34 36 41 42 45 46 49 
15 1 5 6 9 12 23 24 26 28 33 36 42 43 55 58 
14 0 5 6 12 16 17 18 19 25 27 38 39 44 45 
20 5 7 10 16 17 18 22 26 30 34 41 45 46 48 49 51 54 55 57 59 
17 4 5 13 15 16 18 20 30 33 35 36 38 39 40 52 55 57 
19 1 3 4 7 10 15 19 25 28 37 39 41 42 43 46 48 52 53 56 
12 1 9 11 19 22 35 41 43 49 50 53 57 
16 7 11 13 16 20 28 29 34 35 37 43 47 53 56 58 59 
11 0 1 12 13 15 18 30 38 49 53 54 
13 3 8 9 13 18 19 29 41 44 48 49 53 57 
17 0 1 9 10 11 12 16 22 27 32 34 39 49 51 53 57 59 
15 4 5 7 10 12 21 26 30 33 36 37 46 54 56 57 
15 1 2 3 4 7 9 11 13 15 20 40 46 54 56 58 
13 2 6 7 19 23 25 31 32 33 41 42 51 54 
16 3 5 8 18 20 23 26 28 31 34 35 39 43 53 55 58 
14 2 4 5 7 8 16 20 24 29 31 36 37 39 59 
18 3 6 9 21 22 32 33 34 36 37 38 39 40 44 50 51 55 56 
11 7 10 11 15 17 21 25 26 33 34 45 
20 1 4 10 11 15 18 19 20 29 30 32 35 37 39 40 41 45 49 50 53 
13 3 6 7 9 25 29 36 37 40 46 50 54 57 
17 5 8 14 17 23 24 26 36 38 40 41 43 45 46 48 57 59 
17 7 8 11 18 20 27 29 30 31 32 33 40 42 47 52 54 56 
19 0 1 3 4 6 9 11 16 17 19 21 24 25 31 39 43 44 51 54 
19 0 1 7 8 9 17 18 24 29 30 34 35 38 44 45 47 48 51 58 
10 1 9 10 18 19 22 24 41 52 55 
16 1 5 14 19 25 31 34 40 41 49 53 54 55 56 57 59 
14 8 10 18 20 27 29 30 34 37 38 46 50 53 57 
9 1 9 14 16 18 28 35 43 55 
15 3 6 12 16 17 19 25 28 32 36 40 48 52 54 56 
16 0 1 3 6 22 25 28 31 40 44 48 49 50 52 53 54 
11 3 17 26 28 35 40 42 44 48 49 54 
11 4 8 10 22 26 41 42 46 50 58 59 
12 3 4 11 16 17 31 32 34 35 36 39 43 
13 5 10 28 29 30 33 34 36 42 51 54 55 56 
20 2 5 7 8 12 13 32 33 35 36 37 38 41 48 49 53 54 55 57 59 
8 5 7 8 13 44 48 52 56 
16 12 14 15 16 17 23 24 29 32 38 44 45 46 49 51 57 
12 4 6 8 15 17 19 20 22 27 31 49 59 
14 4 8 9 10 17 18 27 29 31 34 36 50 51 54 
18 2 3 5 9 14 16 22 23 27 29 30 32 37 40 41 48 49 55 
16 13 15 20 21 26 31 32 37 41 46 48 51 54 56 57 58 
11 2 12 18 19 20 32 35 49 56 57 58 
14 2 4 5 10 12 18 38 39 42 43 48 49 54 55 
14 1 3 11 12 16 22 25 28 34 42 46 47 49 55 
19 6 9 10 13 14 17 20 25 32 35 37 40 42 44 45 52 53 54 57 
14 6 11 18 21 24 25 28 35 44 45 47 51 54 58 
10 1 3 6 11 19 21 27 36 53 57 
13 1 10 14 23 29 31 35 36 40 42 47 49 54 
9 9 12 16 18 20 26 34 38 55 
13 1 2 3 5 7 12 35 36 38 39 54 56 57 
12 1 4 12 17 23 28 29 34 36 40 46 51 
15 6 8 18 19 21 23 28 30 34 36 38 44 46 48 53 
13 0 8 19 25 32 36 37 38 39 43 49 56 57 
23 1 6 9 10 12 16 19 20 22 29 30 31 35 36 38 40 43 44 45 48 52 54 56 
