60:30
20 0 1 3 4 7 9 11 13 14 16 17 19 20 21 24 25 26 27 28 29 
13 0 2 4 5 10 11 15 17 18 19 20 23 28 
15 3 4 5 7 9 11 12 14 15 18 19 20 24 28 29 
21 1 3 4 5 6 8 9 11 12 13 14 16 17 18 20 22 23 25 27 28 29 
15 0 2 4 7 8 9 11 13 14 19 21 25 26 28 29 
14 2 3 5 8 11 12 14 16 19 21 24 25 27 29 
17 2 7 8 9 10 11 12 16 17 20 22 23 24 25 26 27 29 
17 0 1 2 3 4 6 8 9 10 14 15 16 22 24 25 28 29 
16 0 3 4 7 13 14 17 18 19 20 21 22 23 25 28 29 
15 0 1 2 4 5 9 11 12 16 18 20 21 23 27 28 
17 1 2 4 5 8 10 11 12 13 17 20 22 23 24 26 28 29 
12 3 6 7 8 10 13 18 21 22 25 26 28 
17 0 1 4 5 6 10 12 13 15 16 18 19 20 24 26 28 29 
16 1 3 5 6 7 8 10 11 12 13 17 22 23 24 27 29 
15 1 2 3 5 8 12 15 18 19 20 22 24 25 27 29 
13 0 1 3 5 8 9 10 13 18 20 23 27 29 
11 3 4 5 7 10 11 12 17 25 26 28 
13 3 4 5 8 10 11 12 14 18 19 21 23 28 
14 4 5 7 9 10 11 12 16 17 19 21 22 23 25 
15 0 3 4 5 7 9 10 14 16 18 19 20 22 24 25 
15 1 2 7 8 9 11 12 14 16 22 23 25 27 28 29 
14 1 3 7 12 13 14 16 18 20 21 24 25 26 28 
16 0 1 3 4 5 7 13 14 15 16 17 19 21 24 27 29 
13 0 1 4 6 7 9 14 15 17 18 21 23 28 
13 0 1 4 5 6 8 9 11 17 18 19 22 25 
15 1 2 3 5 6 7 10 13 14 17 19 20 23 27 29 
11 3 5 7 10 12 16 18 19 21 22 27 
12 2 3 5 7 9 12 13 20 22 23 25 27 
13 1 2 3 6 10 13 15 16 21 24 25 26 27 
15 2 5 6 9 12 13 14 17 20 21 23 24 26 27 28 
14 2 5 7 8 14 18 19 20 21 22 24 25 28 29 
12 1 3 6 9 11 12 13 18 22 23 28 29 
13 1 2 4 5 6 7 11 12 13 15 19 27 28 
12 0 5 11 12 16 17 18 20 22 23 25 27 
23 0 1 3 6 7 8 9 10 11 12 13 14 15 16 17 18 19 20 22 23 25 26 28 
16 3 7 8 9 10 11 14 15 17 18 19 22 23 25 26 27 
18 0 1 2 3 5 9 10 11 12 13 16 18 20 22 23 25 26 27 
25 1 2 3 4 5 7 9 10 11 12 14 15 16 17 18 19 21 22 23 24 25 26 27 28 29 
14 0 1 2 4 10 11 13 14 17 18 24 25 26 29 
11 2 4 6 7 9 13 14 18 23 25 26 
19 0 1 5 6 8 10 11 14 16 17 19 20 21 22 23 25 26 27 28 
15 0 2 3 4 6 12 13 15 16 20 21 22 24 28 29 
10 5 6 7 9 11 12 16 20 22 25 
16 1 2 4 13 15 17 18 19 20 21 22 23 24 26 28 29 
12 1 4 10 11 13 14 17 22 25 27 28 29 
13 6 7 10 11 12 14 17 18 19 20 22 23 28 
15 0 1 5 7 9 10 12 13 15 16 17 19 22 24 28 
14 1 4 5 8 9 12 15 16 17 18 20 26 27 28 
16 1 2 5 6 8 12 13 15 16 17 18 20 22 24 26 28 
14 1 2 6 7 9 12 15 16 18 19 20 22 24 28 
15 0 3 6 10 12 13 15 19 20 21 23 24 26 28 29 
12 2 4 6 7 9 10 14 15 18 21 23 26 
17 0 2 3 4 5 6 11 12 16 18 19 20 21 23 25 26 28 
19 1 2 6 8 9 12 13 14 15 17 19 21 22 23 24 25 26 27 28 
14 0 6 7 9 10 11 12 14 20 23 26 27 28 29 
14 1 2 6 7 10 13 15 16 17 18 20 21 25 28 
12 0 1 2 3 6 8 11 15 17 22 27 29 
11 1 2 9 11 12 13 15 18 21 25 29 
16 2 4 5 7 9 10 12 15 16 22 23 24 25 27 28 29 
16 0 5 6 7 10 11 12 14 15 17 18 20 22 24 27 29 
