60:30
9 3 7 8 9 15 17 18 21 27 
5 0 14 18 19 25 
8 2 4 6 8 17 18 20 24 
9 4 7 9 10 15 18 22 26 29 
5 14 22 25 26 29 
7 1 3 10 11 15 16 18 
7 3 6 15 18 26 28 29 
5 0 1 5 18 25 
8 5 6 12 13 14 15 25 26 
10 1 4 7 9 13 21 24 27 28 29 
7 2 12 13 15 18 20 27 
6 9 10 17 23 25 29 
6 5 7 12 14 25 29 
7 5 9 15 16 21 22 28 
10 0 6 7 10 12 13 18 19 22 25 
7 1 5 7 12 17 20 24 
12 4 6 7 12 13 15 16 17 18 21 23 26 
10 0 1 4 7 9 12 17 19 20 27 
1 15 
8 0 1 6 12 17 19 24 25 
4 6 11 12 27 
8 1 5 11 17 22 23 24 26 
8 0 1 4 11 14 16 19 25 
9 2 5 6 11 14 16 21 22 27 
8 0 4 7 8 18 20 24 26 
13 2 3 4 5 6 8 9 10 12 21 22 25 29 
8 0 2 10 11 15 20 25 27 
6 1 7 19 20 22 28 
9 4 6 11 13 17 18 19 24 27 
8 2 5 6 7 15 22 23 29 
5 15 19 21 28 29 
9 0 8 11 17 20 21 23 25 27 
6 0 1 14 15 16 18 
9 0 3 5 7 9 20 21 23 29 
7 6 13 14 18 23 28 29 
8 0 5 11 14 18 22 24 29 
11 5 12 15 16 17 19 22 23 25 28 29 
4 3 9 23 28 
5 7 10 15 22 28 
5 3 5 8 15 27 
6 8 10 16 18 27 29 
11 1 3 6 8 9 11 12 13 17 19 27 
7 2 3 10 13 19 21 29 
7 6 7 12 14 17 20 24 
10 5 6 8 14 17 18 21 23 24 28 
9 0 4 5 13 14 16 19 23 29 
7 1 5 7 16 17 20 21 
4 9 21 23 28 
7 4 8 18 20 21 24 27 
7 3 4 11 13 17 18 24 
4 6 11 14 23 
11 7 8 9 12 13 17 18 25 27 28 29 
9 11 14 15 18 21 23 25 27 28 
2 1 15 
12 0 2 4 6 11 12 13 18 19 25 27 28 
9 1 5 9 11 12 16 19 22 27 
6 7 8 19 21 25 27 
5 8 13 16 20 26 
10 1 3 6 8 9 14 17 19 23 24 
9 3 9 11 12 15 19 24 26 29 
