60:30
7 2 5 11 17 18 20 29 
4 13 17 22 27 
5 1 6 11 14 26 
5 3 11 20 25 27 
5 11 12 13 17 19 
8 5 7 8 9 10 12 18 27 
5 1 2 5 9 19 
5 15 16 19 21 27 
6 13 14 15 16 27 28 
11 2 3 4 7 9 10 11 14 18 19 20 
8 0 3 9 12 15 16 19 29 
8 0 7 10 11 12 18 20 25 
7 2 6 10 11 13 19 27 
8 1 3 13 14 15 17 20 26 
7 0 11 14 22 23 24 26 
9 3 6 7 12 14 15 16 22 25 
11 5 6 8 16 18 20 21 23 24 27 28 
8 3 6 9 14 15 17 20 27 
13 0 1 4 5 6 7 11 12 13 15 17 18 26 
6 7 8 16 17 20 27 
9 1 2 7 8 9 17 23 24 27 
6 7 10 16 21 23 29 
6 5 6 12 13 25 26 
7 3 10 11 12 14 17 27 
4 2 4 11 27 
12 4 6 8 9 10 11 12 16 18 22 23 24 
8 4 7 10 16 20 23 25 27 
5 2 4 5 8 12 
7 8 11 12 20 23 27 28 
9 4 6 9 13 25 26 27 28 29 
6 1 19 21 25 27 28 
8 0 1 10 12 13 16 18 20 
11 0 1 3 8 15 18 21 23 25 26 27 
7 7 11 12 17 18 26 28 
4 4 6 12 17 
3 6 18 23 
8 8 12 17 19 23 24 25 26 
5 0 6 13 18 19 
8 0 2 6 8 11 12 14 25 
8 0 2 4 6 17 23 26 29 
7 5 9 10 12 16 21 29 
8 7 8 12 17 19 24 27 29 
7 5 7 8 16 18 21 26 
6 4 8 14 15 16 20 
8 0 4 5 11 15 16 22 27 
9 4 10 11 14 15 17 19 25 28 
8 0 5 6 10 20 22 25 27 
3 10 11 15 
9 0 1 3 7 14 15 18 24 25 
5 7 15 19 21 24 
8 1 4 5 10 13 18 19 23 
7 10 15 16 19 22 24 29 
6 3 5 8 11 12 23 
7 1 4 6 9 14 23 26 
8 0 1 4 7 9 11 12 26 
11 0 3 6 8 12 14 20 22 27 28 29 
3 14 24 26 
9 0 3 7 8 14 19 20 24 29 
11 3 4 6 8 9 10 11 13 21 23 28 
8 8 10 11 17 20 21 27 29 
