60:90
16 1 3 16 18 19 21 30 42 53 54 55 58 61 65 69 73 
19 3 6 12 15 16 19 20 21 33 35 60 64 68 69 76 78 80 82 86 
18 4 6 12 14 15 17 28 30 39 50 56 58 62 67 72 80 82 88 
24 0 2 4 8 16 17 24 28 32 40 41 45 50 60 63 65 73 74 75 81 84 85 86 89 
24 4 5 8 9 10 15 17 21 25 27 29 30 31 32 41 42 49 54 64 71 72 80 84 89 
27 0 3 4 7 9 10 12 13 20 22 25 27 30 32 35 36 37 51 55 58 60 63 65 67 72 74 83 
14 0 4 14 17 33 46 49 50 63 69 71 77 79 89 
17 1 2 3 7 13 14 19 21 26 38 54 57 59 64 66 76 87 
20 1 3 10 21 22 23 24 28 32 45 48 50 53 56 58 61 66 68 71 80 
26 0 1 3 15 17 21 22 26 31 33 34 47 53 54 55 57 58 60 67 69 72 76 77 78 81 84 
24 6 10 12 13 16 17 23 30 34 40 43 45 47 48 54 55 56 64 71 72 74 75 86 88 
26 0 4 8 11 19 21 23 24 28 30 32 34 36 44 47 50 51 53 61 62 63 73 76 80 85 88 
22 5 7 23 26 29 30 31 32 38 41 50 52 54 56 57 58 62 64 73 78 81 86 
24 12 16 19 23 24 25 35 43 44 52 56 57 59 66 67 68 71 74 75 81 85 87 88 89 
27 1 2 3 4 7 10 13 16 23 30 31 33 34 39 41 44 46 49 51 54 55 56 60 65 73 78 85 
23 7 12 13 15 27 36 37 39 43 46 47 49 50 52 56 59 65 66 69 78 81 82 83 
21 2 4 7 9 10 23 27 43 53 55 60 61 64 69 71 74 75 77 78 83 88 
29 1 10 11 15 16 18 19 20 27 28 31 35 37 38 39 41 44 45 47 53 57 67 70 74 81 82 83 84 88 
24 5 7 8 9 16 19 22 23 29 31 32 37 40 42 45 53 62 64 69 73 75 76 77 83 
14 2 4 9 12 28 33 42 50 62 66 70 75 76 82 
22 0 3 11 18 22 29 36 38 42 44 49 50 53 60 62 64 67 70 71 73 85 89 
25 0 3 6 11 14 15 23 26 27 28 29 31 32 33 43 44 53 55 65 77 79 81 84 85 89 
22 0 3 6 8 10 12 19 24 27 31 34 35 39 40 49 51 56 59 76 81 84 87 
18 4 6 8 15 19 23 29 30 41 43 45 48 50 52 60 67 73 74 
22 0 4 5 8 14 18 19 25 26 34 47 50 54 57 63 66 75 79 80 84 86 87 
33 1 2 5 10 23 27 28 29 31 32 33 36 37 38 40 44 47 52 53 55 56 57 58 60 64 67 69 80 82 83 84 86 87 
17 15 16 26 27 35 40 42 45 52 58 60 64 67 72 77 84 87 
25 1 2 5 8 9 10 15 18 26 29 32 33 34 35 41 42 49 50 54 59 67 71 75 76 82 
23 3 11 12 26 30 31 32 33 34 41 47 48 49 50 52 54 57 58 60 66 77 82 84 
21 0 3 4 5 7 11 16 17 22 25 39 53 56 57 60 72 77 78 81 84 87 
26 0 5 7 20 21 26 29 32 38 39 43 48 50 52 58 60 61 63 65 66 69 75 77 80 83 89 
22 0 2 4 7 17 20 25 33 34 39 41 43 44 45 47 52 57 59 60 74 84 89 
25 11 15 17 19 20 21 25 27 30 33 36 37 40 45 46 52 60 61 63 64 67 72 73 76 78 
16 6 7 8 17 26 27 36 38 46 59 64 75 77 79 83 84 
16 1 4 9 13 20 26 40 41 45 51 55 59 60 66 83 84 
25 9 10 12 17 19 20 23 27 30 31 32 41 48 49 53 57 59 64 65 71 77 81 84 85 88 
19 0 4 8 14 27 30 36 40 42 45 46 50 54 64 66 82 83 84 85 
23 0 4 6 10 13 14 15 17 33 34 38 39 40 47 50 51 66 68 71 78 81 83 88 
26 4 5 20 25 29 30 34 35 36 40 43 44 50 55 56 62 65 66 72 73 74 79 81 84 87 88 
22 1 5 6 16 19 21 22 24 25 27 31 33 36 39 45 51 53 54 58 67 70 80 
27 1 5 6 12 13 14 19 23 24 25 26 28 34 35 36 40 44 50 52 58 68 69 75 77 79 83 85 
24 4 11 12 18 20 21 24 31 32 34 35 39 42 50 55 56 59 66 67 75 80 82 84 86 
10 8 13 22 29 35 52 65 68 77 87 
17 4 11 18 20 22 31 32 35 36 38 40 48 51 56 66 69 82 
20 0 3 11 16 24 25 33 36 38 43 44 46 48 52 53 54 56 76 79 88 
26 0 7 11 13 15 18 20 25 27 35 38 39 40 42 50 51 58 60 68 71 73 76 78 79 81 82 
25 4 5 14 16 17 19 20 22 25 27 32 37 41 47 49 50 51 60 67 69 72 73 74 75 78 
31 2 8 9 13 16 19 24 25 26 30 32 35 36 37 39 48 51 52 55 59 60 63 66 67 69 70 73 78 82 86 88 
20 0 12 24 25 26 27 28 31 33 35 44 52 57 66 67 78 82 84 85 88 
19 10 15 16 20 22 25 33 35 54 55 58 60 64 66 71 75 76 84 87 
20 17 21 22 25 28 29 42 44 45 48 50 51 57 60 68 70 74 78 80 83 
22 0 8 12 20 21 25 26 32 40 48 51 54 57 58 59 61 65 67 74 77 81 86 
21 5 6 7 10 11 17 23 31 34 36 40 45 47 56 58 62 66 70 83 84 89 
27 0 4 12 13 14 16 17 18 19 24 26 27 30 31 36 37 42 45 46 52 62 64 69 76 80 82 84 
23 2 7 10 13 31 32 41 42 44 47 49 59 62 65 69 71 72 73 77 79 83 85 89 
24 5 7 16 25 27 29 30 34 40 41 45 58 61 62 65 68 73 74 76 78 79 82 84 87 
24 4 9 16 18 19 20 23 32 34 37 38 43 44 53 55 62 64 65 66 69 78 80 86 88 
22 6 10 11 15 31 33 34 42 44 50 54 55 58 61 65 67 70 73 77 81 86 89 
26 1 7 10 12 18 23 31 32 33 37 38 40 42 48 50 51 62 63 66 71 75 80 82 83 87 89 
29 1 13 17 20 23 25 27 28 32 33 39 45 48 49 53 56 57 62 63 65 73 74 75 76 78 83 85 87 89 
