60:30
6 7 15 19 20 24 26 
10 1 3 8 9 12 18 21 25 27 29 
6 6 16 21 23 26 27 
5 7 8 20 24 26 
11 0 5 8 10 15 19 20 21 22 25 26 
6 7 9 11 15 17 25 
13 4 5 7 8 9 10 12 16 18 23 26 27 29 
10 0 7 10 15 16 18 19 25 26 28 
8 1 2 9 11 15 23 26 27 
8 1 7 8 10 16 24 26 27 
5 3 5 8 10 15 
9 0 5 8 9 11 16 17 27 28 
7 4 8 16 23 24 25 28 
6 2 5 9 17 18 27 
5 1 19 21 25 28 
7 2 15 16 17 20 21 24 
6 1 7 13 20 21 28 
4 2 8 23 27 
7 1 7 20 21 22 24 29 
5 5 8 9 10 29 
7 5 9 10 17 25 26 27 
10 0 1 4 6 7 10 16 17 19 27 
7 0 6 15 19 20 23 29 
8 2 4 6 7 13 17 23 29 
5 1 6 17 23 29 
8 1 12 13 14 15 18 20 26 
10 0 1 5 9 11 13 16 25 26 28 
13 0 6 7 8 11 12 14 18 19 23 24 27 28 
7 9 11 12 17 19 27 29 
6 13 14 17 18 22 23 
5 2 3 9 15 17 
6 0 9 11 21 23 25 
8 7 9 10 14 21 22 24 25 
9 0 4 9 15 17 20 23 25 26 
10 2 5 7 9 12 13 14 16 19 24 
11 0 2 3 4 6 8 12 15 18 26 29 
11 0 6 7 9 15 16 19 20 25 26 28 
8 1 3 12 18 19 24 27 28 
6 0 1 2 16 23 24 
8 5 8 12 22 25 26 28 29 
11 0 2 3 8 10 12 16 17 25 26 29 
9 2 4 5 13 14 17 19 26 28 
7 1 3 4 11 16 19 29 
6 1 2 3 9 11 13 
8 1 3 4 5 10 15 16 17 
5 0 3 6 7 9 
8 0 2 13 16 18 20 26 28 
11 1 2 4 13 15 16 19 22 23 24 29 
9 1 2 4 8 9 10 20 22 26 
5 3 15 16 17 18 
7 2 3 9 15 18 19 27 
11 1 3 4 7 10 16 17 19 21 24 25 
10 0 1 4 11 14 17 21 23 26 28 
12 1 4 6 9 11 12 14 15 16 17 18 22 
8 0 1 5 9 16 19 24 25 
9 0 3 6 10 14 15 17 24 26 
5 10 17 18 23 29 
8 0 5 13 16 19 20 21 28 
6 3 6 8 13 15 26 
7 0 1 6 9 10 22 24 
