60:30
11 3 4 5 9 12 13 20 21 22 24 25 
17 2 3 6 7 9 10 11 12 15 16 17 18 19 20 21 22 23 
14 0 1 2 5 8 9 10 14 15 22 23 24 26 28 
16 0 2 4 7 9 10 14 16 17 18 19 20 21 23 25 29 
14 1 2 4 6 11 15 17 20 22 23 25 26 28 29 
14 0 3 7 8 10 11 14 16 21 22 24 25 26 29 
13 0 1 4 6 7 13 15 17 21 23 24 25 27 
16 0 3 5 8 10 13 14 15 16 20 22 23 25 26 28 29 
21 0 1 2 3 6 7 8 9 10 12 15 16 17 20 21 22 23 24 25 26 28 
12 1 4 6 11 12 15 16 22 23 24 25 28 
14 0 3 5 8 13 15 18 19 21 22 24 25 26 29 
15 0 2 3 10 11 14 16 20 21 23 24 25 26 28 29 
11 0 1 3 7 10 15 17 18 19 21 24 
14 2 4 7 8 9 12 13 14 20 24 25 27 28 29 
13 0 2 3 6 7 11 12 16 19 20 23 25 27 
15 3 4 7 9 10 11 13 14 17 18 19 22 24 28 29 
17 2 5 6 7 8 11 12 16 18 20 22 23 24 26 27 28 29 
12 1 8 9 13 14 15 18 20 21 24 26 28 
16 4 5 7 8 10 11 13 14 17 18 23 24 25 26 28 29 
14 0 1 5 6 10 11 14 17 19 24 25 26 27 29 
12 2 5 6 10 11 17 18 22 23 26 28 29 
15 0 3 5 8 9 10 11 12 14 15 21 23 24 25 28 
13 1 5 6 7 9 10 12 17 19 20 21 24 25 
10 2 3 11 12 13 18 19 20 21 28 
12 1 5 7 9 12 13 15 16 20 26 27 28 
18 0 1 4 8 9 11 13 14 16 18 19 20 21 22 23 27 28 29 
13 1 2 5 6 7 9 16 17 20 22 26 28 29 
18 3 4 5 6 9 10 11 12 14 18 19 20 22 23 24 25 26 27 
13 2 3 9 10 13 16 17 22 23 24 25 26 29 
16 0 4 5 8 9 12 14 17 18 19 20 22 23 27 28 29 
17 2 3 5 7 9 10 12 14 15 16 19 20 22 23 25 28 29 
13 0 1 2 3 6 7 11 13 16 17 24 28 29 
20 0 1 2 3 4 7 8 10 11 12 13 14 15 16 18 20 23 25 27 28 
18 1 5 7 10 11 13 14 15 16 17 20 21 23 24 25 26 27 29 
14 1 4 5 10 13 14 15 18 19 23 24 26 27 29 
14 2 4 5 7 10 11 12 16 17 21 22 23 24 25 
19 2 3 4 6 7 8 9 11 13 14 15 19 20 21 22 24 26 27 28 
18 1 2 3 4 6 10 11 12 14 16 17 18 20 21 24 26 27 28 
16 0 1 4 5 6 8 11 12 14 15 16 17 22 25 27 28 
18 4 5 6 7 9 10 12 13 14 15 18 19 20 21 22 27 28 29 
10 0 6 8 9 11 13 16 17 21 28 
12 1 4 5 9 12 13 16 17 18 22 27 28 
12 0 1 2 8 11 13 16 19 21 22 24 28 
16 1 3 4 7 8 9 10 11 12 14 16 17 22 24 28 29 
18 1 3 4 6 8 9 10 11 12 16 17 19 20 23 25 26 28 29 
8 4 7 13 14 18 21 22 28 
20 0 1 2 6 9 10 11 13 15 16 17 18 19 20 21 23 25 26 27 28 
16 0 1 4 6 7 9 10 13 14 15 18 20 26 27 28 29 
14 1 3 6 7 8 10 14 15 18 19 21 24 26 29 
13 0 1 7 10 11 15 16 19 20 22 24 28 29 
13 0 1 6 9 12 13 15 16 19 20 23 25 29 
19 2 5 6 7 9 10 11 12 13 15 16 17 18 19 20 21 23 27 28 
18 1 4 5 7 8 9 11 13 15 16 17 18 19 20 23 24 25 29 
14 0 1 2 5 9 10 14 16 19 22 24 25 27 29 
18 0 1 5 6 8 9 10 11 12 15 16 17 19 22 24 25 27 28 
14 2 3 10 12 13 14 15 18 19 22 23 24 26 27 
13 0 1 2 3 4 5 7 11 12 17 19 28 29 
16 1 3 6 8 9 10 12 13 15 16 18 21 22 23 24 26 
18 1 3 5 6 9 10 11 12 14 19 20 21 22 23 25 26 27 29 
14 5 6 8 9 10 11 12 13 16 18 21 22 25 27 
