60:90
19 1 4 10 14 16 25 27 28 30 37 50 54 64 66 67 78 79 83 84 
25 9 12 13 14 15 22 23 28 29 30 35 39 41 46 51 55 56 57 60 64 66 68 72 73 79 
20 6 15 18 24 30 34 35 38 42 46 47 49 51 54 58 60 76 83 85 86 
23 0 6 7 11 17 18 22 28 31 35 36 38 43 47 60 61 66 70 72 73 83 87 89 
25 2 8 9 13 17 19 23 25 26 27 28 32 36 37 38 39 43 48 51 65 68 79 82 84 89 
24 2 6 7 18 19 23 32 36 40 41 44 51 52 54 55 59 61 63 73 78 82 84 88 89 
25 1 4 5 8 10 27 28 30 32 35 41 45 49 52 59 61 67 68 70 75 77 79 82 88 89 
20 6 8 11 12 16 17 21 22 25 26 27 30 43 48 50 54 59 70 81 82 
21 0 1 7 9 14 28 30 34 36 37 38 42 51 53 62 63 66 82 84 86 88 
27 9 17 19 20 22 23 25 27 33 35 38 43 44 45 46 55 57 58 62 63 65 73 76 81 85 86 88 
17 4 6 8 12 19 23 25 28 36 39 50 54 64 67 68 82 83 
23 0 4 7 9 11 13 18 22 25 29 33 34 35 38 44 45 52 62 74 79 81 86 89 
20 1 3 13 14 15 24 26 35 37 41 44 47 48 53 65 68 69 80 81 85 
15 8 9 21 25 34 38 55 57 72 77 79 81 83 85 86 
27 1 3 6 10 13 14 21 24 25 39 44 45 49 52 53 54 55 56 57 59 64 66 71 79 81 84 86 
32 1 4 7 10 18 21 24 26 27 29 31 37 39 40 43 45 50 54 56 57 58 59 65 67 69 70 73 75 82 85 86 89 
29 2 3 4 6 10 11 14 23 24 25 26 35 36 41 45 46 56 57 58 64 67 70 73 75 79 80 82 85 88 
25 2 5 7 9 15 16 20 23 26 29 39 44 45 47 48 50 51 52 61 65 68 71 75 82 83 
20 3 4 8 11 15 25 26 27 28 29 33 37 45 50 51 60 64 70 81 89 
22 2 4 5 10 15 17 19 21 23 33 36 49 55 56 65 67 71 78 79 81 86 89 
22 0 4 7 14 23 26 31 37 42 50 53 63 64 67 72 76 78 80 82 86 87 89 
16 3 15 18 21 24 25 26 28 32 35 38 51 55 59 64 81 
19 7 10 12 14 17 26 27 31 32 33 42 56 60 65 68 75 76 82 84 
17 2 3 10 12 22 25 50 51 59 65 71 75 76 77 83 84 86 
20 3 4 5 9 13 14 15 21 25 35 36 40 47 48 49 50 76 77 79 82 
21 0 3 8 9 14 16 17 25 27 29 30 32 39 47 48 52 65 69 74 77 89 
27 1 2 3 4 6 8 12 31 41 43 47 49 51 57 59 62 67 68 69 71 72 74 79 80 82 88 89 
18 5 7 10 23 26 29 34 39 44 48 50 56 65 66 67 70 76 79 
27 0 3 5 6 8 12 13 18 19 20 21 23 25 35 46 47 53 55 56 61 62 70 72 79 81 83 86 
27 0 2 6 17 19 23 28 29 31 40 41 45 48 49 50 55 57 59 60 63 69 72 73 74 76 84 87 
27 0 4 6 13 15 16 20 23 25 27 28 29 31 32 35 44 48 52 53 56 59 60 65 67 71 78 80 
23 3 8 9 12 18 22 28 34 42 45 46 49 55 56 57 59 62 70 74 77 80 81 89 
23 1 4 8 11 13 23 32 33 35 37 43 47 55 57 60 61 63 67 69 76 80 84 85 
24 3 5 7 8 10 16 18 19 24 31 33 36 39 43 44 48 53 55 60 71 74 76 79 89 
16 4 8 12 15 30 34 35 41 44 52 56 69 80 83 85 89 
17 5 6 7 14 24 25 32 34 42 43 45 50 54 61 76 77 87 
26 3 4 13 19 24 25 28 30 32 34 35 43 44 51 52 54 55 70 74 76 78 79 80 83 87 89 
21 1 6 13 18 25 26 28 32 38 40 41 42 46 47 48 55 67 73 80 81 86 
28 7 10 11 13 14 18 24 27 30 32 36 40 41 44 45 46 49 50 51 53 59 60 63 73 76 82 85 89 
18 3 8 22 31 32 35 37 42 47 48 55 57 64 65 68 77 87 88 
28 2 3 5 6 8 9 15 17 21 23 26 27 28 29 40 45 48 49 52 54 56 72 73 74 76 78 83 89 
32 1 2 4 6 12 17 18 21 24 29 31 32 35 41 49 51 52 55 56 57 60 65 69 73 74 75 79 80 81 82 85 88 
20 2 9 11 14 20 25 37 44 45 54 62 64 66 68 74 79 82 85 86 87 
28 2 4 5 11 12 15 19 20 21 23 25 29 31 38 40 43 48 49 50 52 60 61 65 70 77 84 86 87 
22 2 7 15 24 29 30 33 34 37 43 46 56 59 63 70 73 75 77 81 83 88 89 
16 4 10 16 20 21 24 36 45 53 58 69 70 72 74 85 87 
25 1 4 6 14 17 21 23 30 31 38 46 47 50 51 59 60 66 67 70 78 79 81 84 86 88 
19 7 23 27 30 32 39 40 43 44 45 46 53 56 57 65 74 77 81 83 
26 9 12 14 15 16 17 18 19 21 23 24 28 31 40 47 50 51 56 57 60 65 68 73 77 82 89 
24 12 13 22 24 28 29 37 39 40 41 43 44 58 60 63 67 69 70 72 76 83 84 87 89 
20 0 4 9 12 14 22 25 32 39 40 43 45 59 67 75 80 83 84 85 88 
18 0 5 6 14 22 25 31 32 39 42 45 47 60 61 63 76 79 87 
17 5 6 19 28 30 40 45 48 51 64 65 70 74 80 84 85 86 
32 2 7 11 16 17 18 23 24 27 29 32 33 38 39 43 44 47 49 50 57 59 60 63 65 66 69 70 72 75 76 79 89 
27 5 7 9 10 13 14 22 23 27 29 30 31 43 46 48 50 52 56 70 72 74 75 82 83 84 85 87 
25 5 10 14 15 19 23 29 30 35 39 44 48 49 51 53 54 61 63 67 68 69 70 84 86 89 
22 2 6 13 17 19 21 22 23 25 28 29 38 40 45 48 49 55 59 74 80 85 87 
29 0 1 2 3 7 8 11 16 17 23 27 28 29 31 32 37 38 40 44 45 50 51 65 70 76 80 81 86 87 
21 5 9 11 19 20 24 25 30 31 37 40 41 46 47 58 61 66 73 83 87 89 
20 2 5 7 11 14 18 19 22 49 50 53 55 61 62 69 75 81 85 87 88 
