60:60
17 1 11 13 15 16 22 24 27 29 32 43 44 47 53 54 55 56 
18 1 9 12 15 16 17 20 22 23 25 26 31 33 35 36 41 50 59 
18 1 14 15 16 20 21 29 30 31 34 36 38 42 43 46 49 52 57 
13 0 6 10 11 14 26 27 41 46 47 50 52 57 
12 1 8 10 15 18 21 26 37 43 46 47 53 
21 0 1 2 3 11 13 14 15 18 23 28 29 32 35 37 43 45 50 51 52 58 
19 1 6 12 18 19 21 22 27 28 36 37 42 46 47 51 55 57 58 59 
11 3 10 21 31 38 39 45 50 55 56 57 
18 4 5 8 14 18 19 23 24 25 26 30 36 38 45 50 52 55 59 
19 2 8 11 12 14 22 27 28 29 34 35 43 47 48 49 53 54 55 58 
13 2 4 5 9 18 19 21 23 24 26 32 35 53 
17 0 4 8 9 10 13 14 15 20 21 25 27 31 33 48 51 58 
12 3 5 17 27 32 40 41 44 45 48 56 57 
16 0 3 5 7 11 22 23 27 33 34 36 39 45 47 53 57 
14 3 7 8 22 23 33 40 41 42 50 52 53 55 57 
20 2 7 8 9 11 12 13 20 30 33 38 43 44 45 46 48 50 51 52 53 
19 3 6 7 9 12 15 21 27 28 29 31 34 36 37 44 45 51 53 54 
16 8 9 13 14 21 24 32 33 34 41 44 49 50 52 53 56 
21 1 4 7 8 10 14 18 19 22 26 29 32 33 37 43 48 49 50 53 55 59 
12 3 8 13 20 30 37 38 40 46 54 56 58 
14 0 8 17 19 32 37 38 40 41 42 45 47 48 59 
14 1 2 6 18 20 27 28 29 32 42 47 50 51 54 
11 1 3 13 17 23 33 39 43 44 51 54 
17 1 4 8 10 20 24 29 32 34 37 40 42 45 52 53 56 59 
11 1 12 13 16 20 21 25 33 38 46 52 
13 0 7 8 19 21 26 37 41 49 54 55 56 57 
19 0 2 6 13 21 25 26 28 30 33 38 39 45 46 50 51 54 55 59 
23 11 13 16 18 21 22 23 25 26 35 37 40 41 44 45 46 48 49 50 52 53 55 56 
11 0 2 22 27 28 35 39 43 49 50 51 
21 0 2 10 12 13 15 17 22 24 26 28 34 37 41 44 52 54 55 56 57 59 
17 0 10 13 14 24 27 28 31 32 37 45 46 47 48 50 52 57 
9 9 25 35 43 47 48 50 57 59 
15 1 2 3 6 8 21 23 35 41 43 47 48 52 56 58 
10 0 5 6 33 42 43 47 49 55 56 
18 2 3 9 10 12 13 16 23 26 27 32 39 46 52 53 55 56 58 
14 5 6 11 16 18 25 28 33 38 40 43 44 47 55 
18 0 8 17 19 21 22 28 31 32 33 34 41 43 47 51 55 56 59 
13 4 9 10 13 14 18 23 26 30 36 40 47 57 
18 4 5 7 8 11 15 16 20 24 26 30 35 38 40 42 50 52 54 
15 15 17 19 20 24 27 28 33 38 43 46 48 51 57 59 
19 1 3 4 8 10 21 23 24 25 27 28 30 40 41 46 49 56 57 59 
11 7 13 14 16 26 38 41 48 54 55 56 
12 4 6 13 18 20 27 29 30 37 56 57 58 
18 0 1 4 9 11 14 15 20 23 25 28 30 32 36 40 52 58 59 
6 15 25 27 30 31 57 
14 1 8 13 16 18 20 25 31 36 45 50 54 58 59 
18 0 2 6 10 16 17 18 23 25 35 39 41 46 51 53 54 56 58 
17 3 8 15 16 18 26 29 33 35 38 39 40 41 45 47 52 59 
18 1 3 20 21 26 27 28 35 37 42 44 45 50 52 54 56 57 59 
11 17 22 25 31 32 39 47 49 52 58 59 
16 0 1 2 17 19 27 28 29 30 31 32 36 38 46 51 55 
14 4 5 7 21 24 25 31 37 44 51 52 55 57 59 
12 0 2 6 13 14 23 25 28 35 37 43 59 
12 3 5 9 11 15 17 23 24 32 33 49 51 
12 2 15 16 24 25 32 34 36 42 47 48 59 
10 8 22 28 35 37 42 43 50 53 58 
18 5 10 13 14 21 24 32 33 36 37 40 43 44 49 51 52 57 58 
12 7 13 17 19 25 27 28 29 40 54 57 59 
11 0 3 10 12 18 22 25 42 43 55 59 
12 0 7 15 16 20 21 29 32 41 43 53 58 
