60:30
9 0 7 8 11 13 18 19 25 29 
8 5 6 8 9 13 25 26 27 
10 5 7 8 9 10 15 16 17 19 29 
10 1 4 7 10 11 16 20 24 28 29 
5 9 22 26 27 28 
6 8 9 10 19 22 28 
8 3 9 11 20 22 26 28 29 
8 4 5 6 9 10 16 19 21 
6 9 10 16 19 22 29 
6 7 8 18 19 26 29 
7 5 10 12 21 24 25 26 
6 6 7 10 13 19 21 
6 1 4 7 15 16 18 
8 1 4 6 8 10 15 17 25 
6 4 10 18 21 25 26 
7 2 3 9 14 26 28 29 
13 0 3 4 5 8 9 15 16 17 18 19 23 28 
9 3 6 8 9 10 16 19 23 29 
9 0 6 15 19 20 22 25 26 29 
9 4 11 13 15 21 23 24 26 28 
10 2 5 13 15 18 21 23 24 27 29 
9 7 8 10 11 14 16 18 23 29 
9 0 2 4 8 11 13 14 21 23 
10 0 6 7 9 11 14 20 21 24 26 
9 0 2 7 9 10 12 21 27 29 
10 6 12 14 16 17 19 22 25 26 28 
4 9 23 26 29 
8 4 5 9 14 15 17 26 28 
4 4 13 14 29 
11 0 1 5 6 11 12 13 15 20 23 28 
11 1 2 5 15 16 17 18 21 22 24 29 
7 1 5 6 8 9 18 21 
5 14 15 21 23 26 
7 1 6 8 9 19 24 27 
6 3 8 9 14 16 18 
7 0 5 11 16 18 19 29 
9 3 4 6 8 14 16 17 21 22 
6 2 4 5 7 18 24 
10 0 1 3 6 9 14 15 22 25 27 
10 10 11 12 13 14 15 18 19 25 27 
8 0 3 14 16 21 23 26 28 
8 2 7 9 15 16 20 24 27 
7 2 4 11 12 20 26 28 
10 4 6 10 13 15 19 23 26 28 29 
2 27 28 
7 0 9 14 16 22 25 28 
9 2 4 9 10 14 15 19 26 29 
11 0 3 9 15 17 19 21 23 24 27 28 
6 7 9 10 13 26 29 
5 0 1 6 8 23 
9 3 6 9 11 16 19 21 24 25 
5 3 5 13 14 16 
6 3 9 14 17 19 25 
5 5 8 22 27 28 
8 4 5 8 10 12 14 16 24 
9 3 6 9 10 12 14 17 18 23 
7 1 3 4 5 16 20 22 
10 0 1 4 5 11 13 19 26 27 28 
6 7 9 10 15 17 18 
5 3 6 15 16 19 
