60:60
13 0 1 5 9 16 18 25 34 35 46 49 50 55 
14 0 12 17 19 20 22 26 28 31 35 41 51 54 57 
16 3 4 6 8 10 24 28 33 34 35 40 42 48 54 55 56 
12 3 6 7 17 23 27 34 38 39 43 51 56 
11 4 23 24 25 31 33 36 38 42 48 58 
14 2 5 6 10 13 19 23 34 37 42 45 48 49 54 
15 2 3 5 6 8 10 14 31 35 39 43 48 49 50 54 
10 14 18 22 25 29 30 39 41 45 52 
15 0 4 11 12 20 21 23 26 30 32 35 48 51 56 58 
15 0 1 3 6 12 16 19 26 29 33 45 53 54 56 57 
9 1 4 6 9 28 33 47 51 57 
11 8 20 21 23 29 30 33 40 44 50 57 
10 10 17 29 30 31 39 45 47 48 55 
18 2 10 11 12 14 15 18 19 21 25 26 36 37 41 43 46 48 55 
10 0 1 13 20 26 28 33 34 38 52 
15 4 9 10 17 19 22 30 34 36 37 40 41 42 47 55 
19 11 14 20 21 22 25 26 27 29 33 36 43 44 45 49 53 56 58 59 
13 6 11 12 15 19 20 28 36 40 42 43 53 57 
21 7 8 10 12 19 23 24 26 32 33 35 38 40 41 43 46 47 48 54 58 59 
16 0 5 13 15 27 28 29 30 31 41 43 44 45 46 51 52 
14 3 6 8 15 20 21 23 24 25 39 45 54 56 57 
13 3 11 12 15 16 17 23 33 40 44 45 48 50 
18 2 3 4 13 15 16 20 26 27 28 39 41 44 48 54 56 58 59 
14 2 3 5 9 12 27 28 34 38 39 40 47 48 54 
11 4 14 26 30 32 42 43 48 49 53 56 
15 0 2 3 10 14 18 23 29 34 41 46 49 50 51 56 
17 4 9 12 14 17 21 23 25 29 34 35 42 45 47 55 56 58 
11 8 26 29 31 32 33 38 39 44 49 55 
22 0 1 3 4 7 10 13 14 24 28 30 31 33 37 39 40 44 48 49 53 55 57 
18 5 8 11 17 19 23 25 26 28 30 37 38 39 41 42 46 48 49 
16 3 8 12 22 27 29 31 33 34 36 38 45 46 51 54 56 
12 0 4 11 15 40 43 45 46 48 49 54 55 
18 3 4 5 7 11 12 13 14 15 23 24 25 28 33 48 53 54 55 
13 10 20 23 27 29 34 45 46 50 51 52 54 55 
13 2 4 9 10 15 23 24 25 26 31 32 42 57 
13 1 6 8 13 17 29 31 37 38 40 41 44 50 
18 0 6 7 18 21 23 25 31 35 38 40 42 47 48 49 52 53 59 
16 1 2 3 6 8 9 21 29 31 32 33 34 42 44 55 57 
11 0 2 5 11 32 36 43 48 51 57 59 
18 1 9 12 16 18 19 20 22 24 29 34 36 40 43 45 46 49 59 
14 0 7 9 10 12 20 29 36 37 44 50 52 53 56 
15 0 4 5 7 14 21 24 25 28 33 34 36 38 41 42 
14 0 1 2 3 5 6 10 15 23 24 40 42 44 52 
15 1 5 8 10 12 13 14 17 18 25 30 31 50 58 59 
13 2 6 17 20 25 35 36 41 43 44 49 57 58 
17 0 5 9 10 11 12 15 19 25 28 29 35 37 40 43 45 49 
16 4 8 9 11 22 26 27 29 30 34 38 44 50 51 53 56 
10 9 14 17 19 27 34 38 41 49 54 
13 3 4 12 14 16 18 28 29 30 34 51 52 58 
15 1 2 5 12 17 21 25 27 28 31 38 41 43 45 47 
17 3 8 10 14 19 22 26 33 34 38 44 46 47 49 51 57 58 
16 2 3 8 9 10 14 24 27 31 34 35 39 40 47 48 57 
17 5 8 11 15 16 30 32 34 36 39 41 42 43 48 51 56 57 
18 1 4 7 10 15 16 19 21 22 26 29 36 39 45 50 52 53 59 
14 1 5 7 10 12 15 18 21 26 31 34 42 43 57 
13 7 8 10 11 16 21 22 33 34 35 36 37 51 
14 2 5 8 16 25 29 30 31 33 40 43 49 52 54 
16 3 6 7 13 17 20 22 29 36 41 43 44 47 53 55 59 
14 4 6 7 11 15 19 28 32 39 41 47 50 56 59 
17 1 8 14 18 21 32 34 37 38 43 46 47 49 50 55 57 58 
