60:90
45 0 2 3 6 7 8 10 11 13 17 19 20 24 28 29 31 38 40 41 42 43 47 48 50 51 52 53 55 60 61 62 63 70 72 73 76 79 80 81 82 83 84 87 88 89 
41 0 3 6 7 8 10 13 14 16 17 18 20 21 22 23 27 29 34 39 40 41 43 49 51 54 55 57 59 62 63 64 68 70 72 74 80 81 84 86 88 89 
53 0 4 6 7 9 12 13 15 17 18 19 21 24 25 26 28 29 31 32 33 35 36 37 38 44 45 46 49 50 53 54 55 56 60 61 62 63 65 66 68 69 72 75 76 78 80 81 82 83 86 87 88 89 
45 1 4 5 8 9 13 16 18 19 20 25 27 30 31 32 34 36 37 38 39 40 42 43 44 47 48 49 53 55 57 58 59 60 64 66 69 71 72 74 75 81 83 87 88 89 
39 1 3 6 7 8 9 10 11 12 14 15 24 25 26 29 33 36 37 40 43 45 46 49 50 52 54 55 56 57 59 60 63 65 67 69 72 74 78 82 
38 1 2 3 4 5 10 12 13 18 19 20 22 26 29 30 32 36 45 46 49 50 52 53 55 61 62 63 65 67 68 69 72 74 78 79 80 82 89 
51 0 2 3 5 6 8 9 10 11 13 15 17 18 19 24 28 29 30 31 35 37 38 39 41 44 45 47 49 50 51 53 54 55 58 61 62 64 65 68 69 70 72 75 76 77 78 82 85 87 88 89 
41 0 1 3 15 16 20 24 25 26 27 29 30 32 34 35 37 39 41 42 44 46 47 48 50 56 58 60 61 64 65 68 69 71 72 73 75 77 81 85 86 89 
43 3 5 7 10 16 17 19 20 22 24 30 31 33 35 36 37 40 43 48 50 51 53 54 55 56 57 60 61 62 64 65 66 67 68 70 73 75 78 80 82 85 86 87 
41 0 2 3 5 11 12 14 15 16 20 21 22 27 32 33 34 36 39 42 43 44 45 46 47 48 49 52 54 55 57 58 61 64 65 68 72 74 76 79 86 89 
46 0 1 2 3 4 6 8 9 10 12 15 16 19 26 28 29 30 33 39 40 41 43 45 48 51 52 55 56 57 60 62 63 64 67 69 70 72 73 75 77 82 83 84 86 88 89 
45 0 2 3 5 6 11 13 14 16 17 18 19 20 21 23 24 25 26 28 29 31 32 33 38 39 41 46 48 49 50 51 52 53 54 57 66 67 71 73 74 76 77 78 87 88 
45 2 5 6 8 9 11 16 17 21 22 23 24 25 26 27 29 32 33 34 36 41 46 47 51 52 55 56 57 60 61 62 64 65 67 68 69 71 76 81 82 84 85 86 87 88 
49 0 3 5 7 11 12 13 14 16 17 20 21 22 27 28 29 31 32 34 41 45 46 48 49 52 53 54 55 57 58 62 65 66 68 69 70 72 73 76 77 79 80 81 82 83 84 85 86 87 
47 0 1 3 5 7 10 14 15 17 18 19 26 27 28 31 33 34 35 39 40 42 43 44 46 50 51 52 54 55 57 58 61 67 68 69 72 73 75 77 78 79 81 83 85 86 87 88 
42 1 3 5 6 10 11 12 13 15 17 18 21 22 24 25 28 30 31 32 36 38 39 42 46 48 50 52 54 58 59 62 65 68 69 73 76 78 79 84 85 86 87 
48 0 2 4 7 10 12 13 17 19 20 21 23 24 25 26 28 30 31 32 34 38 39 40 41 42 44 45 46 47 48 50 52 55 56 59 61 63 66 69 70 73 75 76 78 82 83 86 89 
50 0 3 4 5 7 8 11 12 13 14 15 18 19 20 21 23 24 26 29 30 36 38 39 40 41 42 47 48 52 53 54 55 56 57 58 60 61 62 63 65 66 71 73 74 79 81 86 87 88 89 
48 2 3 4 5 6 7 9 10 13 14 17 20 22 23 24 25 26 28 32 33 36 37 38 39 41 42 43 44 45 47 48 49 54 55 57 58 59 60 63 64 66 68 69 70 72 73 86 89 
45 4 5 8 11 12 13 14 15 17 22 23 24 27 28 30 31 33 35 37 41 43 44 45 47 48 49 51 53 55 56 58 60 63 64 66 69 70 73 74 78 79 81 84 85 89 
49 0 1 2 3 4 5 9 10 11 12 15 20 25 31 32 33 34 36 37 38 39 41 44 45 48 50 51 53 56 58 59 61 62 64 66 67 70 72 74 75 76 77 79 80 81 82 84 86 87 
48 1 3 11 12 17 19 20 21 22 23 26 27 29 32 35 36 37 38 40 42 44 46 49 50 51 52 55 56 59 60 63 64 65 66 67 70 71 72 73 75 76 77 78 79 80 82 84 89 
51 2 3 5 7 9 12 15 16 17 18 20 21 22 23 24 28 29 30 33 34 36 38 40 41 44 47 50 52 53 54 55 57 58 59 60 61 63 65 66 67 69 70 71 77 79 80 81 82 83 84 87 
48 0 2 3 4 6 8 9 10 11 12 14 15 16 18 19 21 22 23 29 31 32 34 37 38 41 47 48 49 50 51 53 56 58 62 63 65 66 67 69 71 74 77 79 80 81 83 85 88 
43 4 5 6 7 8 9 11 12 13 14 16 20 21 23 24 25 28 30 33 34 36 38 39 43 44 47 49 51 52 54 55 56 58 59 60 65 68 70 77 82 83 85 87 
55 0 1 2 3 4 5 11 12 13 14 16 17 18 19 21 22 24 26 27 29 30 31 32 33 37 38 39 43 44 46 47 50 51 53 54 55 56 57 58 59 61 62 68 73 74 75 76 77 78 82 83 84 87 88 89 
58 3 5 6 7 9 10 12 14 15 17 18 19 20 21 23 25 26 27 28 29 30 31 34 35 36 37 39 40 42 43 44 47 48 49 51 52 55 57 58 59 60 62 63 65 66 67 69 70 74 75 76 77 80 81 82 85 88 89 
37 1 3 4 9 11 12 15 17 18 19 24 28 29 30 31 32 33 37 38 39 40 41 43 45 49 50 62 68 70 71 72 75 76 81 83 85 86 
51 0 5 6 7 9 10 11 13 18 23 24 26 27 28 29 33 34 35 40 43 44 48 49 50 51 52 54 55 58 60 61 62 65 66 68 69 70 71 73 74 75 77 79 80 81 82 83 84 85 88 89 
44 0 1 3 4 5 9 11 12 17 20 21 23 27 30 32 34 35 36 37 39 40 41 42 46 48 49 50 52 54 58 59 62 65 70 73 76 78 80 81 82 84 85 87 88 
44 0 1 3 4 5 7 8 11 15 17 18 21 22 23 26 27 30 31 32 35 37 38 42 47 50 51 52 54 55 56 59 62 66 68 69 70 71 72 76 78 80 82 84 89 
47 1 3 4 5 6 7 11 14 17 18 19 23 24 28 29 30 31 36 38 39 40 43 44 46 47 48 50 52 54 59 60 62 64 65 68 70 71 73 75 76 77 78 79 82 84 85 89 
45 0 1 4 5 8 11 12 13 15 18 22 27 32 33 34 35 36 37 39 43 44 45 46 48 49 52 53 57 58 60 62 67 69 72 75 76 79 80 81 83 84 85 86 87 89 
50 1 2 3 5 6 10 13 14 15 16 17 18 19 21 24 25 26 27 28 29 31 32 33 35 36 42 43 44 47 48 53 54 55 57 60 61 62 65 66 73 74 76 78 79 80 81 83 84 85 86 
41 2 3 6 9 16 20 21 23 24 25 26 27 28 31 33 34 35 39 42 44 49 51 52 54 55 59 60 62 63 66 67 68 69 71 72 75 77 80 81 85 86 
41 0 1 2 3 4 6 8 10 13 16 18 19 20 23 24 26 27 34 35 37 40 43 47 48 49 53 55 58 59 61 62 64 65 75 76 79 80 81 84 87 89 
49 1 2 4 5 8 11 12 13 15 18 19 20 21 23 24 25 28 29 31 33 39 41 42 46 47 49 53 56 57 58 61 63 64 66 67 70 71 72 73 74 76 77 78 82 83 84 87 88 89 
46 0 1 2 4 7 10 14 17 18 19 23 25 26 27 29 30 32 37 38 39 42 44 45 47 50 51 52 53 56 58 60 62 65 66 67 71 74 76 78 80 81 82 83 86 88 89 
49 2 3 4 6 10 11 12 14 15 17 20 22 23 24 26 27 31 32 34 35 36 39 40 41 43 48 49 51 52 53 55 56 58 60 62 63 65 68 70 71 76 77 79 81 82 84 85 86 87 
41 0 1 2 3 4 5 7 11 12 16 18 20 21 22 27 28 29 31 32 33 34 36 37 38 39 41 42 47 53 54 57 61 62 65 68 71 73 77 79 80 82 
47 0 1 2 3 4 7 8 9 11 14 15 16 19 20 23 25 26 28 30 32 33 39 40 41 42 44 45 46 48 49 51 52 53 62 63 64 65 68 69 70 73 74 75 76 79 81 89 
50 1 2 5 6 7 8 11 12 18 19 20 21 23 28 29 30 33 38 39 40 44 45 46 48 49 50 52 53 55 60 63 64 65 67 68 69 70 73 74 75 76 77 78 82 83 85 86 87 88 89 
46 0 1 2 5 6 8 12 14 15 16 17 19 20 21 22 24 26 28 29 31 34 36 38 40 48 50 51 52 53 54 55 57 58 59 60 62 63 67 69 72 76 77 78 79 80 83 
40 1 3 5 14 15 16 17 22 23 25 30 31 32 34 36 37 41 42 44 45 49 50 51 52 55 57 60 65 68 69 71 72 73 77 78 79 81 84 85 87 
47 1 2 5 7 8 9 12 13 14 15 20 21 22 23 24 26 27 29 32 33 35 37 38 41 42 44 46 48 52 55 56 59 62 63 64 66 68 70 75 76 78 79 80 82 83 88 89 
41 0 1 6 12 14 15 17 21 22 24 27 31 32 35 36 37 43 44 46 48 49 51 52 53 54 61 62 63 66 67 69 70 72 73 75 76 78 82 83 85 88 
44 1 2 6 7 8 9 15 18 19 21 24 28 29 30 31 33 36 40 41 46 49 51 52 55 56 58 60 64 65 66 68 69 70 71 73 74 77 78 79 80 81 82 87 89 
50 3 4 9 10 11 12 14 15 16 20 24 25 27 28 29 30 31 33 35 36 37 38 40 41 44 45 46 47 48 51 55 57 58 59 62 63 64 66 67 68 70 73 75 76 79 83 84 86 87 88 
42 0 2 4 5 9 10 12 13 16 17 21 22 23 24 25 26 29 30 31 32 35 36 45 47 48 49 51 52 53 54 59 62 65 66 73 75 76 77 81 85 87 89 
47 0 2 10 11 12 14 15 16 20 21 22 23 24 26 28 29 31 33 34 35 38 40 41 44 46 48 52 53 54 55 56 58 59 61 64 67 71 72 73 74 76 77 80 82 83 85 87 
47 0 3 4 6 7 8 9 12 13 15 16 17 19 21 24 26 27 29 31 35 36 38 41 42 43 44 45 48 49 53 55 57 58 61 63 65 66 67 68 71 74 79 80 81 82 87 88 
42 0 3 4 5 10 11 19 20 22 23 24 26 28 29 32 35 36 37 41 47 49 50 54 55 57 58 62 63 65 68 69 70 71 73 75 76 77 78 83 84 87 88 
39 1 3 5 6 7 8 13 16 22 24 26 30 32 33 34 40 41 42 43 44 50 52 54 55 56 58 59 60 62 67 68 69 74 75 77 82 83 85 87 
49 1 2 5 7 8 9 11 14 15 18 19 21 22 24 25 28 33 36 37 38 39 40 41 42 43 45 46 47 48 49 52 53 54 56 57 59 60 61 62 64 67 73 77 80 84 86 87 88 89 
38 1 2 3 4 8 12 14 15 16 18 19 20 22 24 25 29 33 36 39 40 42 45 47 51 54 56 60 65 70 71 73 75 77 80 81 84 87 89 
42 0 1 10 13 14 15 17 19 22 23 25 26 27 29 30 32 33 34 35 36 37 41 45 46 47 48 50 53 54 55 58 59 60 67 68 70 72 73 76 80 81 87 
46 1 5 7 10 12 13 16 17 18 19 22 23 24 26 27 29 30 32 34 36 38 40 41 43 45 46 51 52 53 59 61 63 65 69 73 74 75 78 79 80 81 84 85 86 88 89 
45 0 1 3 4 5 6 7 9 10 13 15 17 22 23 24 26 30 31 36 37 38 39 40 45 47 50 51 52 53 54 56 59 60 61 62 67 70 72 76 78 80 81 85 87 89 
50 0 2 3 5 6 7 8 10 13 14 16 17 19 20 21 24 25 28 31 32 33 35 36 42 43 44 46 47 49 51 52 53 55 59 60 65 68 69 72 74 75 76 78 79 81 82 85 86 87 89 
39 1 3 9 10 11 13 14 15 17 21 22 24 26 28 34 37 38 39 40 42 43 44 45 49 51 54 55 56 57 60 67 68 69 70 76 78 82 84 85 
