60:90
48 2 3 4 7 9 10 12 14 16 17 21 24 25 28 30 34 39 40 41 43 45 46 49 52 53 54 55 57 58 60 64 65 66 68 69 70 71 72 73 78 79 81 83 84 85 86 87 88 
42 0 2 4 6 9 14 15 16 18 21 22 24 25 29 30 34 35 36 41 43 44 50 52 53 54 55 57 59 60 61 63 65 69 73 74 76 78 79 84 85 87 88 
38 0 2 3 12 13 14 16 18 22 23 25 28 32 34 35 42 43 44 45 47 49 53 54 56 58 60 67 71 72 73 74 75 76 77 79 80 83 87 
46 4 5 7 9 13 15 16 17 18 19 20 21 23 24 25 26 31 34 35 36 38 39 41 44 45 48 50 52 55 56 58 61 62 63 65 67 69 70 72 73 74 77 85 86 88 89 
39 1 7 10 11 14 16 18 19 22 23 28 29 30 31 32 38 39 41 43 46 47 49 51 52 56 61 63 64 66 68 69 70 71 74 77 78 79 85 89 
38 6 7 13 14 15 17 19 20 21 24 26 28 29 30 31 37 38 39 40 43 45 48 49 54 56 60 62 64 68 75 76 78 81 82 86 87 88 89 
43 1 4 7 9 10 12 14 16 20 21 23 24 29 33 36 38 41 42 44 48 49 50 51 55 56 57 59 61 63 66 68 69 70 71 73 79 80 83 85 86 87 88 89 
53 0 2 3 4 7 8 10 13 16 20 21 22 25 28 29 31 33 35 36 37 38 40 42 43 45 46 48 49 50 52 54 60 62 63 64 65 66 67 68 69 70 75 76 77 78 80 82 84 85 86 87 88 89 
39 0 8 9 14 16 19 20 21 22 23 25 29 34 36 37 38 40 41 42 46 47 48 49 51 52 56 60 61 62 63 67 70 73 78 79 80 83 88 89 
47 0 6 7 8 9 11 12 14 17 19 22 23 28 29 30 34 35 36 38 39 41 42 44 47 48 49 50 53 56 58 59 61 63 67 69 71 73 74 75 76 78 79 80 82 84 86 87 
47 3 4 6 8 12 14 15 17 18 21 24 28 30 32 35 36 37 40 42 43 44 48 49 52 53 56 58 59 60 61 63 66 67 71 73 74 76 78 79 80 81 82 83 84 87 88 89 
48 2 3 5 6 8 9 11 12 13 15 17 18 19 20 21 22 28 29 34 35 37 38 39 40 43 50 51 52 54 56 61 62 63 64 65 67 72 73 74 75 76 78 79 81 83 86 87 88 
43 2 3 4 5 8 9 14 15 16 17 18 19 22 23 24 25 27 31 33 35 36 37 38 40 42 43 46 48 50 53 54 59 65 67 73 74 75 78 80 81 86 87 89 
45 1 2 3 4 5 8 9 12 14 15 18 19 21 22 23 25 26 27 28 30 31 33 37 43 51 53 55 56 59 60 63 64 65 66 68 69 70 71 72 73 76 77 78 82 86 
51 0 1 2 4 8 9 14 15 16 17 18 19 21 22 23 25 26 27 28 33 34 35 37 39 43 44 48 49 50 51 52 53 54 55 56 58 59 60 63 64 65 72 74 75 82 83 84 85 86 87 89 
40 1 2 5 6 7 8 9 16 19 21 22 24 25 32 33 34 38 43 45 46 47 48 50 52 53 54 55 59 64 65 66 70 71 72 75 76 79 84 86 89 
45 0 3 4 5 6 9 10 11 14 15 16 17 18 24 26 27 29 30 31 33 34 35 39 40 41 46 48 50 54 55 60 61 63 64 65 66 67 68 69 70 72 73 81 83 86 
42 0 3 5 7 8 9 10 13 15 18 20 23 24 28 34 36 39 42 44 45 47 48 51 53 54 55 57 59 60 61 65 67 69 72 74 75 76 77 78 79 84 85 
40 0 7 11 14 16 18 19 21 22 26 30 33 34 35 37 40 41 42 48 50 51 55 56 58 61 62 63 64 67 69 71 72 73 75 77 78 84 86 88 89 
50 1 2 4 5 8 10 11 15 16 17 18 19 20 21 22 23 28 29 30 32 33 37 38 39 41 43 44 45 47 48 51 52 55 56 57 58 61 64 66 67 70 72 75 77 78 79 80 85 87 89 
47 1 2 4 6 9 10 16 18 19 21 22 23 24 25 27 28 29 30 31 32 33 34 37 38 40 43 44 45 47 52 53 55 56 58 61 63 68 70 72 76 77 79 80 83 87 88 89 
35 1 2 4 5 12 18 19 21 22 26 27 30 34 40 41 42 44 45 52 58 62 63 64 67 68 73 76 77 78 79 80 81 82 84 87 
52 0 1 3 6 8 10 11 12 14 15 18 19 20 23 25 26 27 28 30 31 32 37 38 42 43 45 46 47 48 51 52 53 55 58 59 60 61 64 65 68 69 71 74 75 76 77 79 81 83 85 86 89 
45 1 3 8 9 12 13 15 18 19 23 24 27 28 29 31 32 34 35 39 41 42 47 48 49 51 52 54 55 59 60 62 64 65 67 70 72 73 74 77 78 80 81 82 85 88 
36 2 4 7 13 18 19 22 24 25 26 31 32 34 36 37 40 45 48 53 54 56 59 60 61 66 67 68 70 71 74 75 79 83 85 86 87 
37 1 2 3 5 6 8 9 11 13 16 19 21 28 35 37 38 39 45 46 47 48 49 50 51 52 53 56 59 60 61 63 64 70 74 79 81 82 
40 1 3 4 7 10 12 15 17 19 21 24 25 27 29 32 39 41 42 43 46 48 49 51 55 56 58 59 60 61 66 69 70 71 72 74 75 76 80 86 88 
44 1 4 6 7 8 12 13 14 18 20 21 23 24 25 27 28 29 31 36 37 38 40 41 42 43 44 47 48 49 51 53 60 62 64 68 69 71 72 73 80 81 82 86 89 
41 0 3 5 6 7 8 10 13 16 17 18 20 22 23 24 25 26 27 31 32 33 38 40 41 42 43 45 49 55 58 59 62 64 67 71 72 73 79 81 88 89 
48 1 2 3 5 6 7 8 9 10 11 13 15 17 20 23 28 29 31 32 33 36 38 40 42 46 50 51 53 54 58 59 61 62 64 69 71 74 75 77 78 79 80 81 82 83 84 87 88 
52 0 1 2 4 5 8 9 10 16 17 19 21 23 24 25 28 29 32 34 35 36 38 39 40 41 42 44 46 47 48 49 52 53 54 55 56 58 60 62 63 64 67 68 72 74 75 76 80 81 83 87 89 
44 3 7 8 9 10 14 15 22 23 24 27 29 30 33 34 38 39 40 42 43 44 45 46 47 48 49 52 53 54 55 60 61 64 67 70 72 73 77 79 80 82 83 85 88 
38 1 3 6 8 10 11 16 20 21 25 27 30 31 38 40 42 43 44 45 48 50 54 55 56 62 66 68 72 73 76 78 80 82 85 86 87 88 89 
52 0 2 3 6 7 13 15 16 17 19 21 22 23 25 26 27 28 29 30 31 32 33 34 36 40 42 45 46 47 48 49 51 52 54 57 58 59 61 62 63 64 68 70 72 75 76 78 79 82 83 86 89 
51 2 7 8 9 10 15 18 19 20 21 22 24 26 27 28 29 30 31 33 34 35 36 39 43 47 48 51 52 54 55 57 58 60 61 62 63 65 66 67 69 70 71 72 73 76 78 79 84 87 88 89 
46 6 7 10 11 12 13 16 19 20 21 25 28 29 31 33 34 36 37 40 43 44 47 48 50 51 53 54 57 58 59 61 62 63 68 70 71 72 73 74 76 77 79 81 83 85 89 
41 1 2 3 8 9 10 12 13 14 15 17 21 22 23 28 29 31 32 33 34 36 37 38 40 41 42 46 51 52 55 59 63 64 67 68 69 73 78 81 82 85 
45 0 2 5 6 10 11 15 16 17 20 21 22 24 25 29 30 34 38 41 43 44 45 46 47 49 50 51 53 56 57 59 61 62 66 69 70 71 73 77 78 79 80 83 85 87 
43 1 4 5 7 8 9 11 12 13 15 16 17 18 19 23 28 29 30 31 36 37 38 39 40 41 45 49 50 51 54 55 60 61 63 67 68 69 70 72 73 75 79 81 
42 1 2 4 6 7 10 11 15 20 24 26 27 28 29 30 33 36 37 39 41 42 43 45 50 52 56 60 64 65 67 68 69 70 72 74 75 76 77 85 87 88 89 
51 2 5 7 9 12 13 14 15 16 17 18 20 21 23 24 25 29 33 34 37 39 40 41 43 44 45 49 50 51 52 53 54 55 56 57 59 60 63 64 68 71 72 74 76 77 78 80 83 85 87 88 
47 0 1 2 3 4 6 7 8 9 11 12 14 16 17 21 22 24 27 28 31 32 33 34 37 39 42 44 50 53 54 55 56 58 59 63 65 66 71 72 73 74 79 80 83 84 85 86 
38 2 4 5 7 10 16 17 18 24 25 30 31 32 34 36 37 39 43 44 45 49 52 54 55 58 59 60 61 66 71 75 76 78 79 81 83 87 88 
49 1 3 4 7 10 12 14 15 16 17 19 20 22 23 25 27 29 30 31 34 37 39 40 45 47 49 51 53 54 56 57 58 60 61 63 64 65 70 73 74 76 77 79 80 81 82 83 86 89 
40 1 4 6 11 12 13 16 20 21 22 23 24 31 34 36 37 39 43 45 48 51 53 55 56 60 62 63 64 65 70 71 72 75 78 80 81 82 83 84 87 
42 0 2 3 5 8 9 11 13 15 18 19 21 22 23 27 28 31 32 33 35 38 41 42 46 47 49 55 57 59 62 63 65 67 69 70 72 73 76 78 79 85 87 
43 0 2 6 8 13 14 15 17 19 20 23 24 25 26 27 31 32 34 35 37 39 45 48 49 52 53 59 61 62 64 65 70 73 74 76 78 79 80 81 82 83 85 87 
44 3 4 5 7 8 9 10 11 14 16 17 18 19 25 30 31 32 33 34 36 39 46 48 50 52 55 56 58 61 62 63 65 67 68 71 73 75 76 77 79 80 82 83 88 
44 1 2 4 6 8 10 11 14 21 23 24 25 28 29 31 32 34 35 36 37 38 44 45 46 47 49 50 52 56 58 60 63 67 69 73 74 75 78 79 82 83 84 87 89 
45 0 2 4 6 7 9 10 11 12 17 18 19 25 29 32 34 36 40 42 43 45 46 47 48 49 51 52 59 60 61 63 67 70 72 73 74 75 76 77 80 81 82 85 87 89 
47 2 3 4 6 7 8 11 13 14 16 18 22 24 25 28 30 32 33 34 35 36 37 39 41 42 44 51 54 55 57 59 62 64 65 66 67 72 73 74 78 79 80 83 86 87 88 89 
49 2 5 6 11 12 13 14 17 18 19 23 25 26 29 30 31 33 34 35 38 39 41 43 44 45 47 48 50 54 55 56 57 58 59 61 62 63 64 67 69 70 71 72 73 76 77 80 86 89 
46 0 2 6 9 11 12 14 15 16 20 25 28 30 31 32 37 40 41 45 47 48 49 50 51 52 54 55 56 58 60 61 63 66 69 70 71 72 73 74 75 76 78 79 80 85 88 
49 1 2 3 5 6 7 9 10 12 13 14 15 18 19 20 26 27 29 30 31 33 35 36 39 42 44 45 46 47 50 52 53 55 58 59 60 64 65 67 71 74 75 76 77 78 79 80 87 89 
38 3 4 6 7 8 9 12 13 15 21 22 25 27 30 31 32 33 37 39 40 43 44 57 58 63 72 74 76 77 78 79 80 81 83 84 85 87 89 
44 3 5 6 8 10 15 16 22 24 25 28 32 34 35 36 37 39 40 43 45 46 47 48 49 50 51 52 53 54 55 56 57 58 61 62 71 74 75 76 82 84 85 88 89 
45 0 2 6 9 11 12 13 14 15 19 20 22 23 24 25 26 27 30 33 34 36 37 41 42 44 46 48 49 51 55 56 57 58 61 66 67 68 70 73 75 76 79 83 85 86 
45 2 3 4 6 8 10 11 13 14 15 18 19 22 23 24 25 28 29 30 34 35 41 43 45 47 50 54 55 58 60 63 64 65 68 69 70 72 74 76 81 82 84 85 88 89 
41 6 7 8 9 22 24 25 26 27 28 29 30 39 40 41 43 44 46 47 48 53 56 59 60 61 62 65 66 67 68 69 70 71 73 74 75 78 81 83 85 88 
43 0 1 3 4 6 9 11 14 15 16 17 20 26 28 31 33 36 37 39 42 43 44 47 52 55 56 57 61 62 63 66 67 70 76 78 79 80 81 82 83 84 86 89 
