70:70
18 0 5 7 9 12 19 20 22 29 43 50 51 55 58 63 64 65 68 
19 1 2 3 4 7 21 26 29 32 33 39 40 51 52 54 56 57 62 68 
19 1 4 8 9 12 14 15 17 18 28 30 36 38 42 45 46 49 53 63 
11 9 10 12 14 20 35 36 51 55 63 69 
24 0 2 13 16 20 25 26 29 30 33 34 41 46 48 51 55 56 57 58 61 63 65 67 69 
15 3 4 7 8 10 14 21 23 27 36 46 49 52 57 59 
16 0 1 2 9 14 19 22 37 38 40 46 54 55 56 62 67 
13 6 17 24 36 38 39 41 43 49 54 60 62 65 
19 1 4 5 7 13 14 15 16 20 22 29 41 44 46 50 53 55 56 59 
17 15 17 20 21 22 23 24 25 29 30 37 38 40 44 49 66 69 
20 4 11 13 18 19 23 28 32 34 35 42 43 45 47 56 59 60 63 66 68 
14 2 10 12 13 19 20 35 36 37 43 47 52 54 65 
21 0 1 4 6 14 16 18 22 23 27 35 36 39 41 54 56 60 63 65 66 69 
19 0 5 10 16 18 19 21 23 24 25 28 31 35 37 40 41 51 66 67 
14 2 12 13 22 29 32 39 44 47 60 61 62 63 68 
17 6 9 12 13 22 29 31 33 41 43 44 49 57 60 63 65 69 
16 2 5 8 11 14 18 20 36 44 48 52 53 60 61 65 67 
19 4 9 10 13 14 20 22 26 29 31 43 45 49 50 52 53 56 59 65 
14 5 7 20 29 34 35 37 38 39 46 58 59 64 66 
23 6 10 11 12 14 18 20 22 28 31 32 36 38 40 46 47 52 53 57 64 66 67 68 
15 5 9 11 29 34 35 38 39 49 51 53 62 65 66 69 
17 4 8 9 10 12 18 19 23 25 26 29 33 47 50 53 57 60 
15 3 4 5 10 13 25 47 52 53 54 56 57 58 61 69 
13 4 5 10 19 22 28 33 46 48 51 57 61 62 
18 3 8 11 14 15 18 27 29 31 34 35 40 42 45 51 54 68 69 
20 1 2 12 15 17 18 21 31 41 45 46 48 49 52 54 55 56 60 61 62 
15 0 6 14 15 20 26 32 39 41 48 49 50 58 61 62 
13 20 21 28 30 36 37 44 49 51 57 64 65 66 
20 1 2 6 7 8 9 12 14 19 20 21 28 29 33 35 43 44 48 63 66 
20 2 8 14 17 18 20 22 23 27 29 36 37 46 47 51 53 54 59 63 67 
16 4 13 18 21 24 29 31 38 45 56 57 61 63 66 68 69 
12 2 7 8 11 16 17 41 42 56 57 58 68 
16 1 5 7 14 18 21 26 30 41 46 48 50 54 58 61 68 
18 1 10 12 17 19 22 25 28 30 31 36 40 43 49 56 59 62 63 
21 3 5 9 12 13 14 17 22 29 33 34 36 40 42 43 53 57 58 60 64 67 
23 0 8 9 10 11 12 13 14 28 29 31 33 40 42 43 45 54 56 59 61 62 67 69 
19 0 3 10 11 12 15 19 24 26 31 34 39 42 46 48 53 60 64 65 
17 3 13 17 20 22 23 28 29 31 36 37 38 40 42 52 55 62 
16 2 8 9 12 15 16 26 31 35 36 38 39 49 53 62 63 
15 3 8 9 16 24 28 36 37 38 42 45 46 54 58 66 
16 0 1 7 11 13 14 25 31 33 36 42 55 56 57 62 66 
16 5 6 7 10 14 25 30 31 32 38 41 45 46 50 54 58 
18 4 9 10 14 16 19 20 21 25 27 29 34 38 41 46 52 54 60 
13 0 12 14 32 34 42 45 46 50 52 63 66 69 
16 1 3 6 8 9 11 14 23 29 32 36 39 47 48 62 67 
17 7 9 14 18 22 25 33 34 35 37 38 39 40 44 52 57 59 
13 3 14 20 30 40 46 49 55 56 60 66 67 69 
20 3 10 11 15 17 29 33 34 35 36 38 41 44 47 49 61 62 64 67 68 
16 0 4 11 21 22 25 26 33 37 40 44 54 59 67 68 69 
18 10 11 12 15 21 28 30 40 43 44 48 50 55 58 61 63 64 68 
21 3 13 14 16 18 19 23 26 35 36 41 42 44 51 54 56 58 63 64 65 69 
29 0 2 4 7 9 10 11 12 14 15 16 19 21 23 28 29 37 38 41 48 49 52 57 62 63 64 66 67 69 
17 1 6 7 8 9 10 22 26 29 32 33 34 37 43 45 48 67 
25 0 3 4 6 7 12 13 17 21 25 27 30 35 38 40 43 44 47 49 52 53 56 58 62 64 
26 0 6 17 18 24 25 30 32 35 36 37 41 46 49 50 51 53 55 56 57 61 62 63 65 66 68 
14 1 6 11 14 16 22 23 30 35 46 48 51 56 60 
16 2 7 15 16 20 30 33 34 40 42 43 47 49 54 64 69 
15 7 8 10 12 13 15 17 23 24 32 53 55 64 68 69 
28 2 3 7 11 12 13 16 29 34 35 38 39 42 43 51 52 53 58 59 61 62 63 64 65 66 67 68 69 
22 0 8 9 10 12 13 18 22 25 27 28 36 42 43 45 47 49 56 60 61 64 69 
15 3 5 6 9 11 14 15 16 22 25 36 41 48 49 55 
18 0 1 5 7 10 11 15 22 26 32 37 41 50 52 53 56 66 69 
16 0 2 5 6 11 12 22 25 26 29 32 33 36 39 46 66 
15 1 3 20 21 22 26 27 28 38 40 44 45 49 57 68 
11 4 11 23 24 33 35 43 44 46 55 56 
22 1 5 14 15 20 22 25 29 30 33 36 39 43 44 45 46 52 56 57 60 62 64 
15 8 12 16 21 29 33 34 35 39 40 43 47 52 59 65 
15 12 19 25 32 35 38 45 47 50 51 52 59 60 62 64 
13 4 9 11 21 26 32 35 40 48 50 58 59 65 
23 1 10 13 15 17 22 23 26 29 32 34 37 38 39 40 42 51 54 56 57 61 64 66 
