70:70
16 5 10 13 16 24 27 34 35 37 39 40 54 56 63 66 68 
19 0 6 9 11 19 23 25 28 29 31 35 38 44 45 49 50 55 67 69 
23 2 6 7 8 9 10 11 18 20 22 24 27 30 32 33 43 47 49 51 56 57 62 64 
16 0 13 14 17 27 37 42 46 51 52 53 57 61 62 64 66 
14 2 4 5 22 30 35 39 44 51 58 62 67 68 69 
19 0 1 6 8 18 20 26 28 29 32 34 37 38 46 47 49 50 52 58 
22 0 4 7 11 16 17 19 24 25 26 29 36 37 39 42 48 50 57 58 60 61 68 
10 12 13 15 19 27 28 42 46 51 52 
23 0 1 2 3 6 17 22 28 29 31 32 33 35 38 42 50 51 53 54 63 65 66 69 
24 1 12 14 18 20 22 27 28 30 31 34 36 41 45 46 49 52 57 58 59 62 64 67 69 
27 0 2 3 4 5 6 7 12 17 20 31 33 34 35 36 37 38 45 49 56 59 60 62 63 65 66 68 
19 7 8 9 10 18 21 22 24 29 43 47 50 51 54 55 60 61 63 67 
23 4 8 9 18 22 23 26 27 28 38 39 43 47 48 50 52 53 54 57 59 63 64 67 
25 0 14 16 17 18 20 22 25 27 28 31 36 39 41 46 48 49 51 54 59 60 63 64 65 69 
25 1 2 6 13 14 17 20 22 24 25 29 32 37 41 45 46 47 48 49 52 55 59 66 67 68 
16 2 12 14 17 32 34 39 41 49 51 52 60 64 65 68 69 
19 2 3 5 12 31 32 33 34 36 37 40 43 50 54 55 63 64 66 67 
18 0 6 16 18 19 20 21 24 26 28 30 38 39 56 57 60 61 67 
18 0 1 3 8 9 13 17 23 29 30 32 34 35 41 44 55 64 69 
18 1 2 8 12 14 16 17 18 22 27 29 38 39 45 48 57 61 68 
16 4 6 12 14 16 17 19 22 24 25 29 33 43 55 60 69 
15 0 5 9 14 22 24 28 34 43 47 49 54 63 67 68 
15 3 4 6 12 16 17 20 28 44 45 48 51 56 61 63 
15 0 5 11 12 16 21 22 24 27 37 40 42 43 63 69 
21 0 3 8 15 16 19 24 25 32 35 36 39 40 45 47 50 59 60 64 67 68 
21 0 3 5 6 9 19 23 32 35 36 37 41 44 52 54 57 58 63 65 66 69 
17 0 7 8 9 12 17 25 26 32 52 54 57 58 62 67 68 69 
24 2 3 7 11 12 13 21 26 27 30 31 33 35 38 40 41 44 45 49 51 52 53 61 64 
15 0 11 16 17 19 22 27 28 29 39 41 42 63 64 69 
18 7 9 11 12 14 21 25 30 37 40 42 45 52 53 59 63 65 68 
16 2 12 14 18 23 24 31 40 41 43 44 48 49 52 55 58 
17 3 13 15 16 21 22 24 30 31 33 37 39 53 59 60 62 69 
18 7 11 13 14 15 19 23 24 25 30 31 36 37 41 44 50 57 60 
16 4 7 15 17 19 22 24 29 30 36 37 50 51 53 60 62 
16 0 2 6 16 23 25 27 31 38 42 45 46 53 60 66 69 
19 5 7 11 16 19 20 24 29 34 35 40 41 43 49 52 54 61 66 67 
14 3 5 17 26 28 38 40 46 48 49 50 55 62 64 
15 12 15 16 18 22 28 30 34 35 42 54 56 59 63 66 
20 4 5 8 14 18 19 26 27 28 32 33 40 42 50 51 53 55 63 64 68 
15 1 3 10 14 19 22 33 35 37 44 46 50 51 53 62 
17 3 9 12 14 30 31 34 35 38 43 53 55 57 59 62 65 68 
21 1 3 4 6 11 14 25 26 27 29 31 32 38 44 48 52 56 59 62 64 66 
19 0 5 6 7 8 9 12 18 23 31 33 35 41 42 44 57 63 65 67 
16 10 12 21 24 25 28 30 32 35 45 49 52 57 59 61 69 
18 6 15 16 19 22 25 34 38 39 40 44 47 50 51 57 59 60 63 
13 6 29 30 31 35 36 38 44 46 47 51 56 57 
24 0 1 10 11 13 19 22 24 29 32 34 36 41 44 45 50 53 54 55 57 59 60 61 69 
21 1 2 3 4 8 11 12 13 14 17 19 20 25 27 28 30 33 37 46 57 64 
19 1 2 5 6 9 16 23 28 31 32 33 36 41 45 49 53 55 59 62 
23 15 18 22 33 34 35 40 42 46 49 50 51 52 53 54 56 59 60 61 63 66 68 69 
12 6 37 41 43 44 49 51 55 62 65 68 69 
16 8 9 18 24 25 33 38 42 44 48 52 55 60 62 67 68 
10 11 16 24 35 37 39 48 61 67 69 
19 7 8 9 15 19 21 25 26 36 39 43 44 47 49 50 55 59 64 67 
10 11 12 13 21 22 32 33 41 44 66 
19 4 7 11 14 16 20 24 25 36 40 41 43 48 50 52 62 65 67 69 
15 14 22 27 28 30 32 39 40 41 43 45 48 63 64 68 
11 9 10 13 30 32 45 47 50 61 66 67 
12 1 7 13 18 34 35 38 39 60 62 68 69 
12 5 10 11 19 20 23 34 36 44 52 53 58 
24 4 8 9 10 12 13 14 15 19 23 24 33 40 43 44 46 47 50 53 54 55 62 63 66 
23 0 4 9 10 11 14 16 19 20 26 28 30 31 38 41 44 53 54 55 57 60 62 65 
14 5 14 17 19 26 27 36 41 46 60 61 62 66 67 
12 3 11 15 17 19 32 34 44 45 47 56 64 
17 2 5 9 10 12 18 23 31 36 42 46 52 57 58 60 68 69 
18 2 7 15 16 22 26 32 38 39 44 47 48 49 51 60 63 66 69 
12 4 6 9 13 14 16 20 25 29 41 64 68 
13 2 9 15 19 20 31 34 36 42 50 63 64 67 
21 4 5 8 12 17 22 24 25 28 29 30 33 36 38 44 46 50 61 64 65 69 
11 6 11 13 28 35 46 52 54 55 57 65 
