70:70
14 3 11 15 20 24 25 27 36 38 41 43 49 59 69 
20 0 2 7 8 9 10 12 17 20 21 23 29 39 41 43 49 51 54 60 64 
11 5 7 8 11 23 34 35 40 55 65 67 
11 13 22 30 36 37 40 44 45 60 62 64 
19 1 12 16 18 20 24 26 28 29 30 32 37 39 46 48 58 62 64 66 
13 6 11 15 17 24 25 27 29 32 36 40 52 66 
14 6 11 17 21 22 33 35 36 41 46 56 58 65 67 
16 1 5 9 11 13 23 24 26 31 38 52 53 58 59 63 67 
15 4 10 11 14 23 27 32 35 36 51 54 57 64 65 67 
19 3 9 12 16 27 33 37 40 44 45 47 48 49 50 52 56 60 62 67 
16 2 3 5 7 8 11 16 18 22 30 33 36 40 43 46 48 
21 0 6 7 8 12 13 18 19 25 33 37 41 42 44 46 50 52 54 58 60 65 
14 2 9 10 19 23 26 28 34 36 43 49 52 65 69 
14 0 8 11 19 21 23 25 26 33 43 50 55 57 60 
17 0 3 5 9 13 19 20 25 33 35 36 39 51 60 61 62 68 
26 5 10 13 16 18 22 24 27 33 35 36 38 39 41 42 48 52 55 56 58 59 60 65 66 67 69 
14 1 19 26 35 36 37 38 42 46 55 56 60 64 66 
20 5 9 10 15 22 23 25 26 29 31 32 34 43 48 50 53 57 61 62 65 
13 4 9 10 19 20 21 22 27 31 58 60 62 64 
22 2 4 5 6 10 11 20 22 25 26 31 32 36 47 52 54 57 61 63 64 68 69 
13 2 4 7 14 17 22 25 29 33 38 54 60 67 
20 1 3 5 7 8 10 16 27 28 29 32 33 35 42 43 47 51 52 56 69 
15 0 6 7 14 21 28 32 33 41 42 45 50 54 55 69 
14 3 5 6 11 14 19 22 24 38 41 47 54 58 60 
12 5 7 13 14 15 20 33 40 43 46 48 63 
16 4 10 17 18 32 37 39 42 48 50 52 53 57 59 64 66 
17 1 3 6 7 9 14 21 22 25 26 34 37 48 50 58 67 69 
19 1 3 7 16 21 22 31 37 41 44 47 48 49 51 52 56 57 68 69 
16 2 5 6 19 20 21 27 28 30 31 35 39 40 47 60 64 
11 8 15 32 33 36 39 43 55 59 60 63 
16 2 4 12 16 26 28 31 39 41 44 47 48 49 54 63 65 
12 0 1 8 17 21 22 27 29 34 38 45 61 
15 5 10 11 13 17 19 31 39 40 49 55 60 63 65 66 
20 1 7 8 9 17 23 28 30 33 37 40 41 43 45 48 52 57 65 68 69 
24 2 3 6 11 12 14 19 21 23 26 27 28 29 30 36 40 43 56 57 59 60 66 68 69 
19 7 8 11 19 20 22 26 35 39 43 44 45 48 51 54 57 61 62 68 
18 2 9 13 17 25 29 30 31 40 41 44 47 53 61 62 65 68 69 
11 1 2 11 15 19 22 30 52 53 57 65 
15 2 3 12 19 20 27 36 40 42 47 48 55 58 59 64 
24 0 2 3 9 10 11 14 18 19 26 31 34 35 36 37 42 44 45 47 50 54 55 60 68 
14 4 8 12 14 38 44 45 46 51 54 56 62 63 68 
25 0 2 5 15 18 19 20 22 24 26 29 30 31 33 34 37 39 45 47 48 50 53 64 66 69 
13 6 9 11 18 21 23 27 28 30 35 39 41 69 
18 0 10 12 15 19 28 31 33 36 45 48 52 55 56 61 64 65 67 
24 0 2 6 7 12 15 24 27 28 31 34 35 37 41 48 51 53 55 57 60 62 65 66 67 
15 0 6 9 18 24 26 27 32 33 49 50 51 56 65 69 
19 1 4 6 8 10 11 16 17 19 25 28 36 39 42 49 60 64 65 67 
14 11 12 13 15 19 22 34 36 41 47 59 60 65 66 
19 1 4 5 7 13 15 16 19 21 27 29 40 51 55 58 61 62 63 65 
15 0 3 4 11 16 26 28 36 37 43 45 52 59 60 64 
18 9 18 21 23 28 32 34 38 39 41 43 48 50 51 54 58 65 69 
25 0 2 7 9 12 20 22 23 26 34 35 37 38 39 41 42 47 49 51 52 54 57 61 66 67 
23 6 9 11 12 17 19 23 25 32 38 39 42 45 47 48 54 55 59 60 64 65 66 69 
17 3 6 11 25 30 33 34 39 45 46 53 57 59 62 63 65 66 
14 1 7 14 16 30 31 36 52 54 56 57 64 66 67 
19 11 17 19 24 25 39 41 42 45 47 48 49 50 53 58 61 62 67 69 
21 0 3 6 7 8 10 24 28 29 31 32 42 43 46 50 51 52 54 60 63 65 
21 5 6 8 15 21 23 24 26 27 34 40 42 45 46 52 54 55 57 60 66 68 
23 1 4 7 9 10 12 13 15 17 27 33 36 38 41 49 53 56 61 62 63 65 66 69 
22 2 3 8 13 19 22 23 24 26 27 30 34 35 39 41 43 46 50 51 53 61 69 
19 1 2 3 9 18 19 20 22 26 31 33 37 38 39 41 45 47 56 62 
20 0 1 2 11 16 18 21 25 28 29 36 40 42 44 47 51 57 59 61 65 
19 1 13 21 26 28 29 32 41 42 45 46 47 49 55 56 62 64 68 69 
20 2 11 13 15 16 17 19 28 29 36 40 46 48 50 52 56 59 66 68 69 
20 1 6 9 14 17 19 20 24 26 27 28 29 33 35 38 39 40 52 55 59 
21 4 9 10 12 13 29 30 31 36 39 44 45 48 58 59 61 62 64 65 67 69 
24 0 1 4 10 15 17 20 27 28 30 32 33 34 35 42 46 51 55 58 61 62 65 67 68 
14 1 5 11 18 22 24 30 31 45 47 48 50 54 58 
16 4 5 13 21 22 23 28 37 39 45 46 47 51 59 60 67 
11 33 34 35 36 37 38 39 50 52 58 68 
