70:35
23 0 1 2 4 5 6 9 12 15 16 17 18 19 20 21 24 25 27 28 31 32 33 34 
18 1 5 7 8 9 10 14 17 18 21 22 25 26 27 29 32 33 34 
16 0 1 2 5 7 10 11 15 16 21 22 25 30 32 33 34 
22 1 2 4 5 6 10 11 12 13 14 15 17 18 20 22 23 24 25 26 27 28 29 
13 1 2 4 5 8 11 13 15 17 23 25 30 34 
15 0 2 6 7 10 11 12 16 17 19 20 22 26 32 34 
19 0 4 5 7 8 9 10 11 14 15 17 18 21 23 24 26 28 30 34 
18 0 2 4 8 9 14 16 17 18 20 21 23 24 26 29 30 33 34 
20 0 1 4 5 6 7 8 10 12 15 17 18 19 20 21 22 25 26 28 34 
21 0 1 3 4 6 11 14 15 17 20 21 22 24 27 28 29 30 31 32 33 34 
12 3 6 13 14 16 21 22 24 26 28 29 30 
19 2 3 4 7 9 11 12 13 16 17 18 19 25 27 28 29 30 32 33 
12 1 7 9 10 13 16 22 23 27 28 30 32 
20 0 2 3 6 7 8 10 11 12 16 18 20 21 22 24 25 26 28 29 30 
20 2 5 6 8 9 11 13 14 15 17 18 20 21 23 25 27 28 29 32 33 
18 1 4 7 8 11 15 16 18 19 20 22 23 26 27 29 31 33 34 
16 1 3 4 5 8 9 10 14 15 16 18 20 24 25 26 33 
16 0 3 6 9 13 14 15 18 19 20 21 24 26 27 33 34 
19 1 2 3 4 8 9 10 11 12 16 17 18 20 22 23 25 26 31 33 
17 0 3 4 5 6 8 9 10 12 13 14 15 20 22 23 27 33 
18 1 3 4 6 7 8 10 11 12 13 14 18 22 24 26 27 31 34 
19 0 5 7 8 10 11 12 13 14 15 17 18 20 21 22 26 30 31 33 
21 0 1 3 5 10 13 14 15 17 18 19 20 21 22 23 24 25 26 30 31 33 
15 0 2 3 6 7 9 14 16 18 19 25 26 28 29 30 
19 0 1 2 5 6 8 9 10 11 17 19 20 22 26 27 28 30 32 33 
19 0 2 3 5 6 7 9 13 14 15 16 17 21 22 23 25 28 30 33 
16 0 6 7 9 11 15 17 19 20 24 25 26 29 30 31 34 
14 2 3 8 12 15 16 17 21 23 24 25 28 32 33 
17 4 5 6 7 8 9 12 15 17 18 20 22 23 25 28 30 31 
21 1 2 4 5 7 9 11 12 15 16 17 18 19 20 22 26 27 29 30 32 34 
13 1 5 7 9 13 14 16 24 26 30 31 33 34 
11 5 7 10 12 16 17 19 22 25 26 30 
15 0 2 3 5 6 7 8 9 12 13 17 19 25 27 33 
24 0 1 2 5 6 9 10 11 12 13 14 16 17 18 20 24 25 26 27 28 30 31 32 33 
16 2 3 4 6 13 16 17 22 24 25 27 28 29 30 31 34 
20 0 1 3 5 6 8 9 10 11 18 21 23 24 26 27 29 31 32 33 34 
18 0 2 4 6 7 8 10 11 13 14 15 17 19 21 23 24 27 29 
18 0 4 7 8 10 11 13 14 17 18 19 23 25 27 28 31 32 34 
17 0 1 4 9 12 13 14 15 16 17 18 19 21 23 24 26 31 
18 0 3 6 7 9 10 12 13 17 18 19 21 22 23 26 27 30 31 
21 0 3 4 5 7 10 11 13 15 18 19 21 22 23 25 26 27 29 31 33 34 
22 0 2 3 4 5 7 8 10 11 13 14 15 17 18 20 22 25 26 28 30 32 33 
20 1 2 3 4 5 6 7 8 9 11 12 15 16 17 18 23 26 28 33 34 
17 0 1 4 6 8 10 11 12 13 14 16 19 21 26 29 33 34 
18 0 1 2 4 5 7 8 9 12 14 19 20 21 22 27 28 31 32 
15 0 1 4 7 8 9 12 13 14 20 22 25 26 28 29 
21 1 2 3 4 7 9 10 11 14 16 18 19 21 22 28 29 30 31 32 33 34 
14 6 7 9 11 12 13 15 16 17 22 23 24 27 33 
16 0 1 4 6 8 10 13 16 17 18 19 20 23 26 30 31 
18 0 7 8 9 10 11 12 13 14 16 17 20 24 25 27 28 29 34 
12 1 2 3 6 9 10 14 19 21 27 29 33 
18 0 4 5 6 8 10 11 12 15 17 22 23 27 28 30 31 32 34 
19 1 2 4 7 8 9 10 11 12 13 14 16 17 19 20 23 29 33 34 
18 0 4 5 7 8 9 11 12 13 14 16 18 20 21 22 24 28 34 
19 0 3 4 5 6 7 8 9 10 14 15 21 23 26 27 30 32 33 34 
11 1 10 14 16 18 20 21 23 26 30 34 
21 0 2 3 4 5 6 7 10 11 12 13 16 17 20 21 22 24 28 30 32 33 
13 0 1 3 4 12 14 20 21 25 28 29 30 33 
19 0 5 6 7 9 11 12 15 17 19 20 21 22 26 27 29 30 32 34 
22 1 3 5 6 8 11 12 13 14 16 17 18 22 23 24 25 26 28 30 31 32 33 
17 1 7 8 9 10 12 13 15 16 17 18 19 24 26 29 30 33 
15 0 1 2 3 4 8 9 11 12 13 18 26 30 31 34 
20 1 2 4 5 6 9 11 12 13 16 18 21 23 26 28 29 30 31 32 33 
18 3 4 5 6 8 14 16 17 20 21 23 24 26 27 28 30 33 34 
20 0 1 2 9 11 13 14 15 17 18 21 22 23 24 25 26 27 29 30 33 
19 0 1 2 3 6 7 9 10 12 16 17 19 20 23 25 28 30 31 32 
16 4 5 8 9 15 16 18 20 21 22 24 26 30 32 33 34 
21 0 1 2 3 4 6 7 12 13 16 17 19 20 22 25 26 27 28 29 32 33 
15 1 6 8 10 12 13 15 20 25 29 30 31 32 33 34 
19 0 1 4 5 6 7 10 11 12 17 20 21 26 27 28 31 32 33 34 
