70:70
15 5 8 9 10 11 15 23 27 34 35 42 48 50 66 67 
17 0 1 3 4 7 12 19 21 24 30 45 49 54 60 62 65 69 
23 4 11 12 15 18 19 20 25 27 31 33 34 38 39 50 52 54 56 58 62 65 66 68 
17 2 3 12 22 24 31 32 34 35 36 37 46 50 57 58 63 69 
17 4 9 10 11 12 23 24 25 26 29 31 33 41 43 51 59 62 
21 1 4 8 9 14 31 32 35 37 38 44 46 47 49 50 57 59 62 66 67 68 
20 2 4 6 14 25 27 31 41 42 43 44 45 46 49 50 54 62 63 68 69 
15 1 2 5 11 26 27 30 33 34 45 49 50 63 66 67 
18 3 10 11 14 15 16 20 21 25 32 40 44 50 54 55 60 67 68 
19 4 7 8 12 13 16 18 26 30 34 41 42 43 44 52 54 55 57 61 
17 7 8 13 16 19 21 22 24 30 34 35 40 42 46 48 63 64 
17 2 11 13 19 28 29 32 37 39 40 42 45 55 59 61 63 65 
19 4 5 9 10 14 17 18 20 21 24 25 29 33 36 47 51 60 65 66 
16 0 1 6 13 16 17 22 28 29 31 36 42 49 55 65 69 
15 7 10 11 12 13 14 16 28 29 35 53 54 55 63 65 
17 1 17 20 33 41 43 44 45 53 59 61 63 64 65 66 67 69 
20 0 7 8 12 15 16 21 23 25 28 32 36 38 40 44 48 54 60 62 65 
22 0 2 10 13 14 18 22 27 28 29 31 34 36 38 48 49 55 57 58 59 63 69 
15 4 7 10 14 17 21 26 28 41 42 55 65 66 68 69 
20 2 6 11 14 15 16 21 23 26 29 41 42 43 44 46 47 48 59 62 64 
15 1 6 9 10 13 18 19 30 32 41 56 64 65 66 69 
18 8 9 12 19 20 21 27 43 45 47 49 50 54 56 59 60 67 69 
17 13 23 25 27 28 32 33 38 43 44 49 50 56 58 59 62 68 
17 3 8 12 14 15 17 24 29 31 33 39 41 44 47 50 51 56 
15 0 6 12 14 17 19 21 27 35 39 41 45 48 62 69 
18 0 3 6 7 8 16 20 23 27 32 34 36 37 38 42 61 63 69 
22 0 1 2 3 9 11 13 15 25 31 36 37 40 42 45 54 56 58 59 62 67 69 
12 0 3 23 27 30 31 34 39 43 44 55 67 
19 1 3 5 7 16 17 18 21 22 27 28 45 50 51 56 59 63 64 68 
18 0 5 7 9 14 22 24 29 34 37 39 42 44 45 51 56 61 68 
19 0 3 4 5 11 12 19 20 37 38 40 41 43 46 50 56 65 67 69 
24 2 3 7 9 10 15 16 22 26 27 31 34 35 38 41 42 45 47 48 52 56 61 65 69 
16 3 4 6 9 10 32 33 35 38 41 45 55 66 67 68 69 
15 0 1 6 9 19 24 25 26 27 43 44 49 58 59 65 
16 0 1 12 18 21 27 32 33 39 40 48 49 52 54 65 66 
16 3 4 7 17 18 20 22 29 34 38 42 50 54 56 61 68 
14 9 10 12 13 15 26 27 28 36 37 51 56 59 63 
18 1 7 11 13 15 18 25 29 30 32 40 41 42 44 53 56 64 69 
17 7 10 11 12 14 18 31 32 34 36 37 39 41 42 49 58 62 
9 15 21 23 24 25 31 40 42 44 
19 3 4 8 9 11 15 19 26 27 30 37 47 50 53 57 58 59 61 69 
17 3 9 13 18 21 22 23 27 29 31 32 34 42 54 58 59 62 
25 0 3 6 7 8 12 13 16 19 23 27 29 35 45 47 48 50 54 55 58 59 63 66 67 68 
13 0 4 9 13 16 19 22 23 27 35 39 59 68 
17 4 8 9 11 14 15 22 25 27 33 45 47 49 51 55 58 63 
19 0 3 4 6 13 14 18 20 23 31 32 33 34 40 43 48 53 58 68 
14 6 8 13 15 18 20 31 32 33 41 43 50 54 56 
21 1 4 5 16 21 24 25 31 33 35 37 40 42 46 47 53 54 55 56 63 64 
15 2 3 5 6 8 17 20 21 31 32 34 40 64 65 69 
17 2 4 7 11 15 16 17 19 21 24 33 37 42 50 54 62 63 
14 4 6 29 31 36 40 42 52 56 59 61 62 66 68 
27 0 9 11 13 15 23 24 25 31 33 36 37 40 43 45 46 47 49 55 56 60 61 63 64 65 67 69 
20 3 6 9 11 18 21 24 25 28 33 37 38 40 43 49 52 59 60 66 69 
18 1 7 10 11 19 28 30 37 41 43 49 51 53 56 58 61 63 64 
23 0 1 2 4 8 9 12 15 17 19 21 24 26 27 30 31 32 33 38 49 52 65 66 
19 0 4 6 11 13 14 18 22 23 28 29 30 31 37 42 45 57 60 68 
15 0 1 3 9 17 19 34 41 42 53 60 62 63 67 68 
11 3 5 11 14 20 24 36 38 46 59 60 
13 3 13 17 23 35 41 46 47 48 58 59 60 68 
19 1 8 17 18 19 20 24 30 34 37 40 41 45 46 48 54 65 67 68 
23 0 1 8 9 24 25 27 29 32 34 36 37 39 42 46 48 50 51 52 55 58 68 69 
13 3 5 7 21 24 25 33 43 45 47 50 57 63 
19 0 1 6 12 17 19 21 23 31 34 37 39 41 42 47 53 61 65 68 
18 0 8 16 19 22 27 34 35 37 42 48 52 53 57 58 61 64 66 
14 2 4 10 12 13 16 17 26 28 36 37 52 58 59 
13 4 11 16 18 19 23 24 27 36 40 41 48 56 
21 1 4 5 6 12 14 15 20 22 27 33 34 38 45 46 47 53 54 65 66 69 
21 0 2 3 4 6 10 15 16 18 20 22 23 26 30 32 35 42 52 59 61 69 
23 0 1 6 11 12 14 26 27 33 34 35 39 40 41 43 47 49 53 54 57 59 62 64 
23 3 12 15 16 18 21 27 28 34 39 40 42 43 46 48 54 55 57 59 61 62 63 67 
