70:105
22 4 7 18 27 39 42 44 48 50 51 55 59 60 71 77 79 82 83 85 87 90 98 
27 6 7 19 20 21 22 27 29 35 38 39 44 50 51 53 55 56 58 65 67 69 70 91 95 98 99 104 
24 3 5 7 12 19 29 30 31 35 38 41 44 45 49 50 51 68 72 78 81 83 86 99 102 
29 0 1 2 5 6 8 17 26 28 30 31 32 38 44 45 52 55 57 63 64 70 76 82 85 88 89 91 97 104 
28 0 1 7 13 14 17 28 30 31 32 36 45 46 47 48 50 54 60 65 79 80 83 87 88 95 97 98 102 
33 4 9 17 18 21 25 27 28 30 41 43 50 52 57 59 60 65 69 73 74 77 78 81 82 83 84 87 89 90 91 98 99 102 
23 2 10 12 13 16 18 28 29 39 52 54 71 74 78 80 82 83 84 89 98 100 101 102 
28 1 7 10 17 19 20 21 34 35 38 42 43 56 58 59 60 63 67 71 74 77 78 79 82 84 88 95 96 
26 1 6 7 9 10 18 25 26 34 36 39 41 49 54 63 72 73 74 77 78 79 80 88 95 101 104 
27 0 3 9 10 32 37 38 39 40 47 48 50 54 56 60 61 63 72 75 77 78 80 81 89 96 100 101 
31 0 2 5 12 23 25 30 34 35 39 43 49 50 55 57 60 64 68 71 74 76 78 81 83 85 86 88 96 98 99 102 
21 17 18 25 26 27 32 47 52 57 58 68 69 80 82 83 84 85 88 89 93 95 
32 0 5 8 9 11 14 16 28 33 35 36 37 38 39 40 43 46 47 48 53 55 62 67 82 83 84 88 90 91 93 99 101 
23 1 2 6 11 16 18 19 20 29 31 32 36 45 55 56 61 68 71 80 85 87 98 102 
34 1 3 4 8 9 11 14 16 17 18 23 26 31 32 34 35 42 46 50 51 54 56 60 61 65 69 71 72 90 91 93 96 103 104 
38 2 3 4 7 12 14 16 17 19 24 25 31 34 35 36 37 38 42 45 59 60 61 62 63 66 67 69 73 75 76 85 87 90 91 94 97 99 103 
28 1 2 12 14 17 22 25 32 36 37 40 41 43 45 46 48 50 53 54 55 57 59 64 75 81 83 86 99 
17 2 3 21 28 37 39 50 55 56 70 74 77 81 86 90 94 97 
26 6 9 12 13 16 17 19 20 29 32 34 35 36 60 63 66 67 69 75 79 80 84 87 97 100 102 
24 3 11 24 29 32 33 34 38 39 42 52 56 58 59 62 71 74 75 84 86 89 94 95 100 
26 6 8 16 17 24 26 27 31 35 36 41 44 53 56 58 67 68 69 72 76 91 92 93 95 98 103 
24 4 6 8 10 11 13 26 31 42 47 54 56 65 68 69 74 76 77 84 87 94 96 98 99 
23 1 8 11 27 28 35 36 37 44 46 50 57 71 73 76 84 85 88 94 97 98 99 103 
21 0 1 2 3 18 20 23 24 40 41 56 62 66 67 73 78 85 86 87 95 97 
20 3 9 14 21 26 27 31 34 38 42 43 46 52 63 70 71 72 74 80 97 
21 0 15 20 26 29 39 47 49 53 54 58 59 61 63 69 72 79 81 82 84 85 
20 4 12 13 16 17 20 22 29 34 38 52 55 73 78 88 91 95 97 101 103 
28 2 14 15 19 20 23 24 27 35 39 40 42 50 52 55 56 60 67 69 72 77 84 89 91 97 99 100 101 
23 3 5 10 12 15 18 19 35 36 38 48 49 54 64 65 71 75 79 80 91 93 96 98 
27 4 7 8 14 15 16 19 20 26 33 38 44 47 48 49 51 58 61 72 73 90 91 92 96 97 98 102 
29 1 3 5 7 12 17 18 23 27 35 47 48 55 56 58 60 61 68 69 70 72 73 77 83 86 95 97 101 104 
24 0 2 4 5 8 9 16 17 29 31 44 51 63 65 66 67 69 70 73 78 79 82 92 99 
22 1 2 3 4 12 17 19 27 31 33 34 35 46 50 54 55 60 71 81 83 90 92 
29 3 4 10 11 12 24 30 35 39 42 45 48 50 52 55 57 62 65 71 72 73 76 82 83 84 86 90 97 102 
21 1 5 6 11 13 15 16 37 39 45 46 52 59 61 71 74 77 79 85 88 100 
25 7 8 10 18 19 22 26 29 35 36 40 45 46 58 70 72 78 80 82 89 93 95 99 100 103 
19 0 5 6 13 28 36 40 42 45 49 52 53 57 60 73 74 75 76 89 
35 1 2 4 8 12 15 16 18 19 24 27 31 32 33 34 35 52 54 56 57 62 66 67 68 75 82 85 88 89 90 91 94 97 102 104 
25 0 2 6 16 18 23 29 37 38 48 50 51 54 61 65 66 67 71 77 80 82 86 88 91 99 
23 2 3 5 6 8 23 24 26 27 28 37 39 48 52 61 73 75 82 84 86 88 98 103 
23 0 1 4 8 15 17 25 28 40 41 47 48 54 67 74 82 83 84 85 92 94 102 103 
31 2 7 16 17 26 27 28 29 30 40 46 47 48 54 55 57 58 60 63 65 75 76 78 80 91 92 94 96 98 100 101 
26 3 6 10 11 14 17 20 21 24 29 42 45 46 48 50 56 58 62 64 70 72 80 94 98 99 100 
26 8 12 18 20 25 27 29 31 34 37 48 51 52 59 62 64 66 71 73 75 78 93 94 102 103 104 
28 0 1 4 6 9 10 12 18 19 34 36 37 45 46 53 57 65 66 67 68 72 77 84 89 90 93 96 97 
23 2 4 5 10 12 19 22 30 31 33 34 36 39 52 55 76 78 82 89 90 95 103 104 
28 2 7 8 10 12 15 16 20 22 23 28 30 31 33 36 39 49 63 64 67 72 73 74 80 82 93 99 104 
25 2 4 13 20 32 35 36 37 38 47 49 52 53 57 59 61 62 75 76 89 93 95 97 98 100 
26 4 12 24 25 38 40 44 45 51 52 53 54 66 67 69 71 72 75 76 77 87 89 91 100 103 104 
29 2 4 14 19 20 21 22 23 26 30 36 40 41 42 45 49 52 60 64 73 76 78 82 83 87 92 95 97 102 
24 10 12 13 23 24 31 37 38 41 47 58 65 67 68 69 73 82 89 90 91 92 101 102 104 
25 6 7 10 33 38 41 44 45 50 53 59 63 64 67 68 69 74 77 87 88 90 96 99 103 104 
26 8 9 16 20 21 24 25 30 32 37 41 43 44 50 52 53 57 59 64 69 77 79 80 81 92 97 
26 0 3 6 10 11 12 15 17 19 24 30 32 37 44 45 49 53 54 56 71 76 86 92 93 99 103 
20 0 4 5 10 12 22 25 27 35 54 60 62 63 66 79 86 88 90 100 104 
29 0 4 6 13 14 22 27 34 37 41 43 44 48 50 51 52 56 61 63 73 77 79 82 88 94 100 101 102 104 
25 5 8 18 23 24 26 34 35 37 42 43 44 48 52 63 65 66 68 73 74 84 87 89 91 95 
26 7 11 16 18 20 24 29 30 34 35 38 46 57 64 67 69 78 83 84 88 89 93 94 97 98 102 
32 1 4 11 12 14 18 21 24 26 27 28 31 34 35 36 38 46 47 49 51 54 56 57 60 63 64 74 75 77 79 81 97 
31 2 4 5 6 7 12 15 17 21 26 29 30 33 38 44 46 51 57 60 67 68 70 75 76 83 89 93 97 100 102 103 
22 1 6 9 12 14 15 21 23 25 30 31 35 46 49 50 56 64 66 68 73 77 86 
22 5 10 11 17 31 40 47 52 53 55 56 68 73 82 87 89 91 93 95 101 102 103 
29 2 8 15 16 22 26 28 32 34 35 39 42 47 52 54 57 58 62 65 68 76 82 83 85 88 93 94 100 102 
19 4 10 15 33 37 41 45 46 47 56 57 63 74 76 80 82 84 86 87 
23 3 7 12 16 22 28 30 31 33 34 35 38 55 59 62 63 83 86 96 98 99 100 104 
27 7 9 13 15 20 23 26 28 29 33 34 35 41 43 44 50 57 58 63 76 77 80 92 93 98 100 101 
25 0 4 5 9 11 15 17 18 20 29 30 48 51 58 64 65 66 69 75 85 97 99 100 102 104 
16 2 3 11 31 37 50 52 65 66 69 71 77 83 85 98 101 
35 3 9 10 13 15 20 21 25 28 30 35 36 38 39 41 42 47 50 57 60 61 66 69 70 73 74 82 83 87 90 95 98 99 101 104 
26 2 11 13 16 19 20 27 29 38 43 44 46 52 58 60 63 73 78 85 91 92 94 96 101 103 104 
