70:105
50 0 1 3 6 8 10 11 13 17 19 21 22 24 25 26 28 29 33 37 38 39 40 42 47 48 49 53 55 57 59 63 69 77 78 79 80 81 82 83 86 87 88 89 90 95 98 99 100 102 104 
45 2 3 7 15 16 17 19 20 21 23 24 25 26 29 30 36 37 38 42 47 48 50 51 53 54 59 64 67 73 74 77 79 81 82 83 86 87 91 94 96 97 98 100 101 104 
53 0 2 3 5 6 11 14 17 18 19 21 22 24 25 27 32 37 39 41 44 48 49 51 52 53 56 58 60 62 64 65 67 68 70 71 72 73 74 75 76 78 81 83 84 87 88 92 96 97 99 100 101 103 
52 1 3 5 6 9 11 16 17 19 20 22 24 28 30 31 33 35 36 38 39 40 45 46 47 49 50 54 55 59 61 62 63 64 75 76 78 80 83 84 85 87 88 90 93 94 95 96 97 100 102 103 104 
57 1 2 5 6 7 8 9 15 16 18 19 20 21 22 23 28 30 32 33 38 41 42 44 45 46 47 48 49 50 51 57 58 60 61 63 65 67 69 70 72 75 76 78 79 80 84 85 86 87 89 93 94 95 100 101 102 103 
50 0 2 4 5 8 10 11 13 14 15 16 17 18 20 22 23 25 26 28 32 34 35 37 38 40 42 43 44 50 52 54 57 59 61 63 65 73 77 80 87 89 92 93 94 99 100 101 102 103 104 
53 0 1 2 8 9 10 12 13 15 18 19 21 23 24 25 27 29 32 33 34 35 37 39 42 44 45 47 49 54 58 59 60 62 63 64 65 66 68 69 70 71 73 75 76 77 78 79 80 84 87 91 94 96 
50 0 2 3 5 8 10 11 12 13 14 17 18 21 27 28 29 30 33 40 42 44 45 46 47 54 56 61 62 65 67 68 70 71 72 74 75 78 81 82 84 85 86 89 90 92 97 98 101 102 103 
53 3 4 7 9 11 12 13 14 15 19 21 22 23 24 25 29 30 31 33 34 35 37 41 44 46 47 50 51 52 54 57 58 59 60 63 65 66 68 70 72 77 79 80 82 83 87 89 91 93 97 98 100 103 
52 2 4 5 7 11 13 14 16 21 22 25 26 27 29 31 32 33 34 36 38 39 43 44 45 46 47 51 52 54 57 58 61 62 63 64 65 68 70 74 77 80 82 83 85 86 90 95 96 97 99 100 101 
51 3 5 6 7 9 11 13 15 18 19 20 21 22 24 27 28 30 31 32 34 35 36 37 38 43 44 48 50 52 54 56 57 58 59 60 61 64 70 73 76 80 82 84 86 90 94 95 96 99 101 103 
48 0 1 5 6 9 10 11 15 18 19 20 21 22 24 25 27 31 34 36 38 41 43 44 52 53 55 56 57 59 69 70 71 73 76 78 84 85 86 87 88 89 91 93 95 96 98 99 103 
52 0 2 3 4 5 7 10 14 16 17 20 21 22 24 25 31 33 34 36 37 38 39 41 43 46 48 49 51 53 54 55 56 58 59 62 64 67 68 73 74 75 76 78 81 84 87 91 93 98 99 100 104 
58 1 4 5 6 7 8 10 12 15 16 19 21 22 23 24 25 26 27 28 29 30 31 32 36 38 39 41 42 43 44 46 49 51 52 53 57 58 64 65 68 71 72 73 75 77 79 80 87 88 90 92 93 94 97 98 101 102 104 
48 0 2 3 5 7 8 9 10 11 13 14 18 20 22 23 24 25 29 30 32 33 37 38 39 41 42 45 47 50 53 54 59 60 68 71 72 77 78 81 86 87 89 90 91 93 98 102 104 
54 2 3 6 7 11 12 13 15 16 17 19 21 22 24 25 26 27 28 30 34 37 39 42 45 46 47 48 50 51 52 53 57 60 61 62 66 69 73 74 77 79 80 81 82 84 85 86 89 92 93 94 95 98 99 
64 0 1 2 4 6 7 11 12 15 16 17 19 21 23 24 25 26 28 31 32 33 34 35 37 41 42 43 46 47 48 50 51 53 54 56 61 65 66 67 68 70 71 72 73 74 75 76 78 80 81 83 85 86 87 91 92 94 97 98 99 100 101 102 104 
47 2 3 7 15 19 20 21 24 25 28 31 32 33 36 37 38 45 46 47 48 51 55 59 60 63 65 66 67 68 69 70 71 72 78 79 80 81 82 83 88 89 91 93 96 100 101 103 
58 1 4 6 7 9 10 14 15 18 19 20 21 22 23 24 25 26 27 28 34 35 36 37 38 39 42 44 45 46 49 51 52 53 54 55 58 61 63 65 66 67 71 72 74 76 77 80 81 82 89 90 91 92 95 96 101 103 104 
46 2 3 4 5 6 8 10 11 15 16 19 20 22 23 24 26 29 33 35 37 40 41 44 46 47 48 52 54 65 67 70 73 78 79 80 82 88 89 91 92 93 96 98 100 103 104 
49 0 1 2 3 4 6 7 9 10 12 21 22 25 26 27 29 30 32 36 37 45 46 47 48 50 51 52 53 56 58 60 63 64 68 72 73 75 76 77 83 86 87 89 90 92 98 99 100 102 
48 2 7 10 13 14 15 21 22 23 24 25 27 29 30 31 32 33 34 36 38 39 43 44 49 50 51 52 56 57 58 61 64 65 73 74 76 78 80 81 82 86 87 88 91 94 95 102 103 
47 0 3 4 6 7 10 12 13 14 17 20 22 23 25 27 28 29 34 37 38 40 42 43 46 49 51 54 55 59 62 65 67 68 69 70 74 76 81 82 83 84 85 87 92 98 99 101 
48 0 1 4 6 7 15 16 18 23 24 25 27 28 29 31 36 37 38 39 42 43 44 46 49 51 52 53 54 57 61 63 64 67 71 76 79 80 81 82 86 87 88 92 96 101 102 103 104 
58 1 3 4 7 8 10 18 19 20 23 25 27 28 29 30 31 36 37 38 40 42 44 45 47 49 51 53 54 57 59 61 62 63 65 67 68 73 74 76 77 78 79 80 81 82 83 84 86 87 88 89 92 93 96 98 102 103 104 
52 1 4 6 8 11 13 14 19 22 24 26 27 30 35 42 43 44 45 46 48 49 51 52 53 55 57 65 67 69 70 71 72 75 77 78 79 80 81 82 83 84 85 87 88 89 90 91 92 97 98 99 104 
50 1 2 4 5 7 9 10 15 18 19 21 24 25 27 28 29 31 32 40 41 42 43 44 45 46 48 50 54 55 56 58 60 66 67 68 69 70 73 76 80 82 83 86 91 92 93 97 98 99 101 
58 0 1 2 3 4 10 12 13 14 17 18 19 20 21 25 26 27 29 30 31 32 33 37 38 40 42 44 46 48 50 51 52 53 54 55 56 59 62 63 67 68 70 74 76 79 80 81 84 87 88 89 90 97 98 100 101 102 103 
61 1 2 3 4 7 8 9 10 11 12 13 14 17 20 21 22 24 25 26 29 31 32 34 36 37 39 40 44 46 48 49 50 51 52 58 60 61 65 66 68 70 72 74 75 78 82 83 84 87 89 92 93 94 95 97 98 99 100 101 103 104 
50 2 5 6 8 11 15 16 18 23 26 27 28 31 32 34 35 36 37 39 40 42 45 47 49 50 56 57 61 62 64 65 66 67 69 73 76 77 80 82 83 84 85 88 92 96 97 99 100 102 103 
47 4 6 7 8 9 10 11 12 13 15 18 22 25 27 28 29 31 32 35 36 37 38 48 49 56 57 66 70 71 72 73 74 75 77 78 79 80 81 82 83 87 88 95 96 98 101 102 
48 0 1 3 5 8 12 14 15 17 24 26 27 28 29 30 31 32 33 35 36 37 39 40 42 44 45 47 48 51 57 58 60 62 68 70 72 73 74 77 79 82 84 85 88 91 92 94 99 
59 1 3 4 6 7 8 10 12 13 14 15 16 21 22 24 25 26 28 32 33 34 35 36 37 38 40 43 44 47 48 49 50 51 53 58 64 65 66 67 68 69 70 71 72 75 76 77 83 84 85 87 88 89 90 92 94 95 97 99 
54 0 1 4 6 7 10 12 13 14 16 19 20 22 23 24 25 26 27 31 32 35 37 38 39 42 43 44 45 47 48 49 51 52 53 56 59 60 67 69 70 73 78 80 81 83 84 85 91 92 95 96 98 100 101 
61 2 3 4 5 6 8 11 12 13 14 15 16 18 19 21 22 23 25 26 27 29 31 32 33 35 36 37 42 44 45 48 49 55 57 58 60 61 62 67 74 76 77 79 81 82 84 85 86 87 88 89 93 94 95 96 97 98 99 100 101 103 
60 0 1 2 3 5 6 7 8 10 11 13 15 16 17 21 23 28 30 33 35 37 38 39 41 43 45 47 49 53 54 55 56 58 60 61 62 65 68 69 70 74 75 76 79 80 81 82 85 86 89 90 93 94 96 97 99 100 102 103 104 
56 0 3 4 6 8 9 10 11 12 16 17 19 24 25 26 30 32 33 35 36 37 39 40 41 42 49 50 53 55 59 61 62 64 65 66 67 68 69 70 72 73 74 75 77 80 81 83 85 86 87 88 89 92 102 103 104 
66 1 2 4 5 6 7 10 12 14 15 16 20 21 22 23 24 25 26 29 30 32 33 35 36 39 42 44 45 46 48 50 52 54 55 56 57 58 60 61 62 63 65 67 69 70 72 74 76 78 79 80 82 84 85 86 87 88 89 90 92 94 95 98 100 102 104 
50 0 1 2 3 7 9 10 11 12 15 17 21 22 24 28 31 32 33 34 40 41 42 48 50 55 56 57 59 60 63 65 68 74 77 78 79 80 82 84 86 88 89 91 94 96 97 101 102 103 104 
51 0 1 2 4 5 8 10 18 20 21 23 25 27 29 31 32 37 43 44 45 47 49 51 53 54 57 58 59 60 62 64 66 67 68 69 70 75 80 81 83 85 88 93 94 95 96 98 99 101 102 104 
50 0 1 6 7 9 13 16 17 18 21 22 27 30 33 37 38 39 40 41 43 44 46 48 49 51 55 58 60 62 63 65 66 69 72 74 77 79 81 82 83 84 85 87 89 93 96 97 98 100 101 
54 0 1 6 7 12 16 17 19 20 21 23 24 27 29 30 32 33 34 35 40 41 44 45 47 49 52 54 56 58 59 61 62 63 67 68 70 74 75 76 77 80 81 82 84 85 86 88 89 94 95 96 100 102 103 
48 4 6 11 13 15 17 18 22 23 24 27 29 30 33 38 40 42 43 48 50 52 53 56 59 61 63 64 65 68 70 71 73 76 77 78 79 84 87 88 89 91 94 97 98 99 100 102 104 
54 1 2 3 5 8 12 13 14 17 18 22 24 25 29 30 33 38 40 41 43 45 46 49 50 51 52 56 57 59 68 69 73 74 75 77 78 79 81 82 83 84 85 87 89 90 91 93 94 96 98 100 101 102 104 
53 0 2 3 5 6 7 8 9 10 14 16 19 24 25 26 27 28 30 31 33 39 40 41 48 50 51 52 54 55 57 58 59 60 62 64 65 66 68 70 71 72 74 76 80 82 88 89 91 93 95 96 98 101 
52 2 5 6 8 10 11 13 14 17 19 20 22 25 27 33 34 35 36 40 43 44 45 46 48 53 56 57 59 60 65 69 71 72 73 75 78 79 81 83 85 86 88 90 91 92 93 94 95 96 99 100 103 
54 0 3 7 8 11 13 18 20 21 22 25 28 29 31 32 33 34 35 37 38 44 45 46 48 49 50 51 53 54 57 58 62 65 67 68 71 74 76 77 78 82 83 87 89 90 93 94 95 97 98 100 101 102 104 
60 0 1 5 7 9 11 12 13 15 16 17 22 23 24 25 26 28 29 30 34 35 36 38 40 41 43 44 46 48 51 54 55 58 59 60 61 64 65 67 68 70 71 73 74 75 77 78 79 80 82 83 84 86 89 90 94 98 100 102 103 
59 0 1 4 7 8 9 10 11 12 13 16 17 18 19 20 21 22 23 26 27 30 31 35 38 39 42 43 44 46 47 48 49 51 54 58 59 60 61 63 64 65 67 68 69 70 71 74 76 77 78 81 85 86 87 88 92 93 95 101 
58 0 2 3 4 6 7 11 12 14 16 21 22 24 25 26 27 29 30 31 32 33 35 36 38 41 43 44 45 46 48 49 50 54 58 60 61 63 64 65 68 69 71 72 75 78 80 81 85 88 90 91 93 95 97 98 100 102 104 
58 2 5 6 7 8 9 10 11 17 21 23 24 25 26 27 30 36 38 39 41 44 45 46 47 48 50 51 52 54 55 56 58 62 63 64 65 66 67 71 73 74 75 76 77 78 80 81 83 88 92 93 94 96 98 100 102 103 104 
51 0 1 2 4 6 7 8 10 11 12 15 17 21 23 25 31 33 35 37 39 42 43 46 47 48 51 52 55 56 57 60 66 68 73 74 75 76 77 80 83 84 87 89 90 93 96 98 99 101 102 103 
57 0 1 4 9 11 13 15 18 20 23 24 27 29 31 36 37 38 40 41 43 44 46 48 49 52 53 54 55 56 58 60 61 62 66 67 69 70 71 72 73 74 79 80 81 83 84 86 87 90 92 93 94 95 98 101 102 103 
52 0 1 2 3 6 9 10 14 17 19 21 22 23 24 25 26 28 30 35 36 37 38 41 42 43 46 48 49 50 52 54 58 59 60 64 66 69 71 78 80 83 84 85 87 89 90 91 95 97 101 103 104 
54 4 12 13 15 16 18 19 21 25 26 27 28 29 30 32 33 34 35 36 38 41 43 44 45 46 47 48 50 56 58 59 60 61 65 67 68 69 72 75 76 77 79 85 86 88 89 90 94 96 99 100 101 103 104 
60 0 1 2 3 5 6 8 10 12 13 14 16 18 19 22 27 28 29 30 34 36 38 39 40 42 44 46 47 48 51 53 54 55 57 58 59 60 61 65 66 70 71 78 79 80 82 84 87 88 89 90 91 93 94 96 99 101 102 103 104 
53 6 8 10 11 13 14 15 16 21 24 25 26 27 30 31 32 34 35 37 38 40 41 43 44 49 50 51 53 54 56 58 60 62 63 64 67 68 69 71 72 77 79 84 86 87 88 90 91 92 96 99 103 104 
47 1 2 5 6 8 11 12 13 14 15 18 19 21 25 26 27 28 32 36 39 41 42 43 47 50 52 53 54 58 60 62 67 69 70 74 75 78 79 87 88 90 94 99 100 101 102 104 
51 3 6 7 8 10 11 19 20 21 23 24 25 26 28 31 33 34 35 37 39 40 43 44 45 48 50 51 52 54 55 56 60 66 68 74 79 80 81 82 83 87 88 91 92 93 94 95 99 100 102 104 
50 0 2 5 6 11 14 15 16 19 22 23 25 27 32 35 36 37 44 45 53 54 55 56 61 63 64 65 66 68 69 70 71 73 76 78 81 82 83 84 88 89 91 93 94 95 97 100 101 102 104 
47 2 4 5 6 7 11 12 13 18 19 23 24 27 32 34 36 38 40 43 45 48 49 50 51 54 55 56 59 61 63 64 65 67 68 70 71 76 84 86 90 91 92 94 95 96 97 99 
49 0 1 2 7 8 9 12 15 18 19 20 23 24 25 26 36 37 39 42 43 44 46 48 50 52 53 55 56 58 63 64 66 67 69 70 73 76 77 81 82 84 86 87 89 90 91 98 99 102 
43 2 4 7 9 16 19 26 27 29 30 33 35 37 41 42 43 46 51 52 55 56 57 58 59 62 63 64 66 68 70 71 74 79 80 84 88 89 90 96 97 100 101 103 
45 0 2 6 8 12 14 15 16 24 27 28 29 30 31 34 36 37 38 41 43 46 48 49 50 52 53 55 59 68 70 73 74 77 81 84 86 87 88 89 90 91 93 94 95 98 
61 1 2 3 5 6 7 8 9 10 14 16 18 19 22 24 26 32 35 36 37 38 39 40 41 42 44 47 48 49 50 51 53 54 55 56 57 59 61 64 66 69 70 71 73 74 76 81 85 87 88 90 91 92 94 95 96 97 99 100 102 104 
45 0 2 3 9 14 17 19 26 28 29 30 35 36 37 38 39 42 44 45 46 50 51 54 58 62 64 68 69 71 75 76 82 83 85 87 88 89 93 94 96 97 98 100 101 103 
61 1 2 4 5 6 7 8 9 12 13 15 16 18 19 20 21 23 24 25 27 28 29 30 32 34 40 41 43 44 45 47 48 51 53 55 61 63 67 68 69 70 71 73 77 78 80 81 83 84 87 88 89 91 93 94 95 96 99 100 101 104 
56 0 4 5 6 7 8 9 11 12 14 17 18 22 24 28 30 32 36 40 41 44 45 46 49 51 55 56 57 58 60 61 63 64 65 67 68 70 71 72 75 76 77 80 83 84 85 90 92 93 94 95 96 97 98 99 104 
60 5 6 7 8 12 13 14 15 17 18 21 22 25 27 28 29 31 32 33 34 35 36 37 38 39 43 44 45 46 49 51 54 55 56 58 59 63 66 67 68 71 74 76 77 81 82 83 84 85 87 88 91 93 94 96 97 98 99 100 102 
48 0 2 4 5 8 12 13 15 19 20 22 23 26 29 30 31 33 34 36 40 42 45 46 48 49 50 51 55 56 57 59 60 61 68 72 73 75 76 78 84 85 86 89 90 92 96 100 102 
