70:105
37 5 6 11 13 15 17 21 22 24 26 27 28 30 33 36 38 42 51 54 56 57 60 61 62 64 69 76 82 83 85 90 94 95 97 100 103 104 
35 0 1 2 3 5 8 10 15 16 17 18 20 21 23 28 31 34 35 46 49 53 57 58 62 63 70 74 75 77 82 87 90 93 97 103 
24 1 2 4 10 13 20 23 25 27 29 43 44 52 54 57 59 60 65 66 67 69 72 80 84 
26 1 2 9 11 15 17 18 19 25 27 31 35 45 59 65 72 75 76 81 83 85 87 91 92 98 100 
34 3 5 7 12 15 18 19 23 25 31 32 35 37 38 43 46 49 51 64 68 74 76 77 79 81 83 84 87 92 94 95 96 98 100 
25 1 2 6 9 22 23 26 31 33 47 49 57 67 68 69 73 79 82 85 88 89 91 96 97 103 
23 6 7 13 26 27 28 31 40 41 44 45 48 50 61 64 70 71 75 83 88 89 94 97 
33 8 10 13 18 19 23 24 26 33 37 41 44 48 50 51 53 55 65 66 69 70 72 74 75 78 79 81 82 87 91 94 97 102 
26 5 8 10 15 23 30 32 33 34 36 42 44 46 55 60 66 67 74 78 82 89 91 93 96 101 102 
23 1 10 11 14 17 18 43 48 50 54 55 60 61 62 66 72 77 78 80 90 93 98 101 
22 1 12 13 16 17 20 23 29 31 33 38 39 49 64 71 73 74 75 78 79 84 86 
23 2 4 8 18 20 25 34 36 39 50 52 57 66 69 70 78 81 85 89 90 92 96 101 
23 4 6 10 20 33 36 44 47 48 57 58 60 68 69 71 73 79 80 86 92 93 95 101 
20 1 2 4 5 13 17 26 38 45 46 51 59 62 75 76 85 91 92 94 102 
30 5 6 13 26 29 33 34 37 38 48 49 50 51 52 53 55 59 61 72 73 83 86 88 89 91 92 93 102 103 104 
24 0 12 15 21 22 27 30 35 36 42 48 50 53 54 60 68 69 75 82 83 84 87 88 92 
29 6 7 8 9 17 19 20 25 39 40 46 50 52 57 60 61 62 64 69 70 75 77 78 79 81 83 91 100 101 
20 11 13 17 28 29 30 41 49 50 51 62 64 67 68 72 76 85 88 99 101 
22 1 2 18 20 23 36 42 48 51 56 57 62 68 70 73 77 82 83 86 94 96 100 
24 0 3 7 9 12 25 30 35 41 51 52 59 63 64 66 70 73 75 88 89 90 96 98 99 
24 0 1 4 10 13 16 20 21 22 23 24 25 40 45 49 57 63 71 72 74 79 94 97 102 
30 1 3 6 8 10 12 20 23 24 28 29 35 40 42 43 44 45 46 51 54 55 60 61 67 68 71 72 91 101 102 
27 1 4 11 12 14 17 39 40 44 46 51 53 54 56 59 60 67 72 75 76 83 84 85 87 90 100 101 
22 2 3 4 6 7 9 10 12 45 60 62 64 68 72 73 77 91 92 95 100 101 103 
23 0 1 8 9 22 23 30 42 50 53 55 57 61 63 67 69 83 84 87 93 95 98 100 
22 0 6 14 18 21 25 30 36 38 39 43 49 53 56 73 80 85 91 94 98 100 103 
21 4 5 6 16 22 25 28 42 46 56 59 61 62 63 66 72 74 88 99 102 104 
31 0 5 8 9 13 14 15 23 30 35 38 39 40 50 52 54 56 63 66 67 68 69 73 75 76 80 83 89 90 93 95 
32 2 3 7 12 14 16 18 19 20 21 27 32 33 37 45 50 52 59 65 66 70 73 86 87 90 94 95 96 100 101 102 104 
23 6 8 10 14 34 41 42 45 46 47 51 54 66 68 69 71 72 79 81 84 89 90 101 
22 2 6 7 11 12 13 19 21 27 31 38 43 57 59 61 71 73 78 83 94 100 102 
26 1 5 9 11 12 13 14 22 25 28 34 37 38 40 43 44 50 61 62 64 73 80 83 87 88 96 
30 5 7 12 13 20 21 32 40 43 49 50 52 54 57 61 62 63 67 76 82 84 85 90 91 92 93 96 97 100 101 
35 4 6 12 15 17 25 31 32 33 35 43 46 47 51 55 59 61 63 64 65 66 68 73 77 78 83 84 85 86 92 93 95 96 102 103 
25 0 1 4 6 7 9 10 25 28 36 43 47 48 51 52 62 63 70 75 77 81 83 90 93 101 
30 1 8 12 18 24 28 30 32 36 37 41 42 45 46 49 56 59 73 74 77 79 80 85 91 93 97 98 101 102 104 
21 0 18 25 26 29 32 33 37 42 48 52 56 60 63 72 85 90 91 94 99 104 
25 6 9 21 30 35 43 46 48 59 66 67 69 73 79 83 87 90 91 92 93 94 97 99 101 104 
25 2 7 8 14 28 31 32 36 41 45 46 53 57 61 63 64 67 78 79 92 93 95 99 102 104 
21 10 19 21 27 29 30 35 40 42 43 44 47 60 62 67 69 76 87 89 98 103 
28 2 3 7 12 15 16 23 27 30 33 35 42 44 46 50 57 63 65 79 81 84 86 93 95 96 101 102 103 
25 2 3 8 9 14 15 20 23 33 41 45 52 68 73 85 89 90 91 94 95 96 99 101 102 103 
22 3 7 11 12 15 17 20 23 30 32 43 44 49 50 58 63 68 71 74 89 93 103 
30 4 5 6 10 16 18 19 25 26 32 38 40 41 42 46 47 50 51 52 63 65 74 76 85 93 96 97 98 102 103 
30 4 6 15 16 17 19 21 22 24 27 31 32 35 37 38 40 45 48 55 57 58 66 67 69 78 85 91 93 99 100 
29 2 3 8 12 18 22 25 32 36 37 40 43 44 45 49 56 57 59 61 65 70 72 83 85 86 88 92 99 101 
24 0 1 24 30 35 39 41 43 45 49 58 60 61 64 75 77 79 85 90 91 92 95 99 104 
24 7 9 13 22 25 38 39 40 43 45 47 54 61 62 64 70 75 76 78 79 83 87 93 100 
25 3 7 8 14 21 26 30 33 35 37 46 47 51 54 57 61 64 75 78 84 89 91 92 95 98 
24 10 12 31 32 35 36 42 47 48 51 53 54 55 59 64 67 68 77 81 84 90 91 92 97 
24 8 10 12 20 23 24 25 27 32 36 37 45 50 54 64 69 73 76 85 88 93 97 100 103 
27 4 7 17 19 25 27 32 39 41 43 49 52 53 58 59 64 66 68 75 76 82 85 87 90 96 99 103 
34 0 6 10 17 19 20 23 24 28 30 31 32 38 39 41 42 48 49 50 51 54 55 62 64 66 68 69 77 81 83 92 96 99 104 
28 0 5 12 14 20 21 25 26 29 34 36 39 41 44 52 54 57 62 66 71 74 76 90 91 95 99 102 104 
32 0 1 2 3 5 11 12 14 15 17 19 27 28 32 37 41 42 45 52 58 62 67 69 70 75 80 86 87 89 95 97 99 
23 3 13 15 26 33 34 35 36 51 66 72 79 81 82 83 85 89 90 95 96 100 101 103 
29 0 18 19 20 21 25 33 35 38 39 44 45 46 49 51 52 56 60 73 76 78 79 80 82 86 89 93 97 98 
27 12 13 14 18 20 25 26 34 38 39 42 45 46 48 49 50 63 70 73 74 75 85 86 88 89 97 99 
25 5 10 25 31 34 43 44 45 46 50 53 56 61 62 65 66 74 76 77 80 82 89 92 95 97 
28 5 8 10 13 25 33 34 40 42 50 52 54 55 60 61 62 63 65 68 72 74 76 82 84 87 100 102 103 
23 0 4 18 19 20 22 27 28 33 34 39 41 43 47 51 58 68 74 81 83 89 100 101 
24 2 4 6 9 12 15 16 19 21 30 31 32 39 45 57 59 62 66 75 77 82 93 102 103 
23 4 5 8 12 14 16 19 22 23 38 39 44 47 48 49 56 58 65 77 84 90 95 96 
24 6 7 11 12 15 36 38 44 47 51 52 57 60 61 68 72 74 85 90 92 94 96 100 103 
27 8 10 17 18 21 26 29 30 34 38 39 40 41 43 45 47 49 52 55 56 68 72 73 82 87 96 99 
35 2 3 9 11 14 18 19 22 23 27 35 38 39 48 50 53 54 60 61 62 63 64 65 66 69 73 74 75 78 83 87 92 95 99 100 
27 1 6 8 9 10 13 14 24 36 40 42 46 50 52 63 66 72 73 74 78 81 83 85 88 89 95 99 
26 1 2 10 12 14 18 21 23 27 31 32 38 44 48 52 56 57 63 67 75 81 82 86 97 101 104 
31 0 5 8 9 13 15 17 21 22 27 30 34 35 36 37 40 41 42 49 52 57 61 63 64 66 67 72 78 83 88 98 
33 1 2 4 8 10 11 13 14 29 32 37 39 40 41 42 44 47 48 49 58 59 63 64 70 71 73 81 85 89 96 99 102 103 
