70:70
18 1 4 14 16 23 26 27 31 32 38 39 50 51 52 55 58 66 69 
18 0 2 7 9 11 13 16 19 20 22 29 31 35 39 45 57 60 68 
18 0 2 8 9 15 18 21 27 30 39 40 49 57 58 61 65 68 69 
21 1 2 4 6 7 10 12 25 34 35 38 40 41 43 46 49 51 58 61 62 64 
19 0 2 7 9 10 15 19 20 24 27 33 45 48 49 51 53 59 63 68 
18 2 7 17 19 20 23 27 34 38 39 43 44 49 55 58 62 63 65 
24 1 3 12 14 20 23 25 26 29 32 33 34 38 39 44 45 50 57 58 59 60 62 64 69 
20 1 5 6 7 14 20 23 39 41 45 46 47 49 51 52 54 60 61 65 66 
25 0 4 6 8 11 12 20 21 25 28 30 31 34 37 38 40 43 48 50 55 56 58 61 64 66 
14 4 6 8 26 27 33 37 39 50 52 53 56 62 65 
18 4 5 11 14 17 23 26 27 31 34 38 40 44 46 55 56 60 67 
16 8 11 16 18 26 33 34 35 37 42 44 46 49 59 64 65 
15 8 11 12 16 24 28 30 38 40 46 49 53 64 66 69 
19 3 4 9 13 14 16 20 26 28 37 43 47 48 49 53 54 57 61 65 
16 0 4 23 33 40 41 45 48 53 54 59 61 63 66 67 68 
21 1 3 4 14 19 21 24 35 36 37 41 44 46 48 53 55 57 60 62 66 67 
15 2 3 5 15 19 20 25 28 34 35 41 47 50 57 61 
17 3 5 7 8 9 23 25 32 46 49 50 51 54 56 57 66 68 
16 2 6 9 24 27 28 33 35 44 49 50 51 63 65 66 69 
19 5 11 14 15 22 23 31 37 41 42 45 47 48 52 57 58 60 66 68 
17 7 8 13 24 27 38 39 40 41 44 48 53 57 58 59 67 69 
20 0 2 6 8 18 20 22 35 36 39 41 45 47 56 57 58 63 65 66 68 
22 5 6 7 11 13 19 21 23 26 35 38 43 44 49 50 53 59 60 64 66 68 69 
15 2 5 7 8 11 22 28 37 47 54 56 58 62 64 68 
18 0 4 7 13 15 16 23 29 34 36 38 40 43 46 51 54 57 60 
11 5 15 16 26 28 34 42 44 49 55 59 
19 2 3 7 10 14 15 16 17 18 20 21 25 35 38 43 50 56 65 68 
18 5 7 12 13 16 23 26 30 31 32 33 34 38 39 47 55 56 65 
18 6 7 15 19 22 25 27 29 30 33 35 37 38 41 45 47 54 63 
23 1 3 5 6 10 13 14 18 19 23 24 29 30 35 36 37 42 45 46 52 53 55 60 
22 0 3 5 13 16 21 23 25 29 33 35 36 43 45 46 47 49 52 58 63 67 69 
15 2 5 6 8 12 27 31 32 34 37 47 51 59 60 66 
14 0 2 4 15 28 31 34 35 40 49 53 58 62 65 
19 3 6 11 14 15 16 22 30 35 37 39 46 52 55 57 59 63 66 68 
17 3 5 11 20 23 26 32 37 41 50 56 58 60 63 64 65 68 
19 3 10 13 15 20 21 24 27 31 33 34 38 39 45 48 50 51 53 67 
12 0 7 8 13 17 26 33 37 45 51 62 69 
17 5 11 17 19 22 26 34 37 47 50 53 56 63 64 65 66 68 
14 3 4 12 14 15 22 27 41 48 50 55 58 62 69 
18 2 5 14 15 19 21 22 24 25 26 33 36 44 47 51 59 60 62 
23 1 5 7 8 9 12 14 18 24 25 28 29 34 38 44 48 52 53 58 62 63 66 69 
14 0 11 16 18 20 23 24 39 43 50 53 60 63 64 
18 3 5 7 9 13 22 23 24 25 29 30 43 46 50 53 54 62 66 
17 1 2 3 12 14 15 18 22 25 32 37 38 44 54 58 66 69 
14 10 12 13 15 20 21 28 37 38 57 59 64 65 68 
16 13 17 19 20 24 28 38 43 45 54 58 61 62 64 65 69 
15 9 10 21 26 32 37 38 40 44 48 50 58 65 67 68 
17 1 2 5 7 15 16 17 19 22 32 36 38 45 49 56 62 68 
23 5 12 15 20 22 23 27 35 44 46 49 51 53 54 55 57 58 60 61 62 63 65 66 
22 0 3 4 7 9 10 12 19 20 23 25 26 27 30 37 46 48 51 53 56 64 66 
18 5 7 15 19 21 24 26 27 29 41 42 47 50 51 58 61 62 65 
21 0 4 5 7 8 15 18 21 22 26 33 35 36 38 40 41 51 55 62 64 67 
16 13 14 16 20 21 23 26 30 31 34 36 39 43 47 48 53 
18 2 3 5 8 12 13 18 20 21 22 24 27 32 41 42 46 61 67 
18 1 2 12 13 16 22 24 28 42 43 53 54 56 58 59 64 67 68 
25 1 2 4 5 8 9 11 14 15 17 22 23 25 30 31 32 34 35 38 47 52 55 58 65 67 
20 4 5 6 8 9 14 22 24 29 30 34 47 48 49 50 53 57 60 67 68 
18 5 6 12 23 27 29 39 45 46 47 51 54 55 56 57 60 61 65 
21 5 8 13 14 17 20 21 24 26 28 41 46 48 50 51 53 54 57 58 64 68 
18 1 3 5 6 9 22 24 28 33 36 40 47 54 55 58 59 60 66 
21 4 5 6 8 22 24 27 28 30 34 37 43 45 46 51 56 58 62 63 65 68 
18 3 10 15 19 20 23 26 27 28 37 38 41 44 47 50 59 60 64 
13 4 13 15 21 23 24 33 42 47 52 53 55 63 
13 5 8 14 20 29 35 39 40 45 47 55 63 66 
14 5 9 18 20 33 34 35 36 44 46 49 55 57 66 
17 1 3 8 9 11 15 17 25 26 36 38 47 49 51 52 61 63 
18 0 1 8 9 17 27 28 31 37 38 39 42 50 52 57 62 66 69 
15 6 8 12 18 21 23 25 29 31 32 41 55 65 66 67 
15 4 8 20 28 29 33 35 40 48 51 57 63 64 66 67 
15 1 2 6 9 11 16 18 39 42 43 44 45 49 62 68 
