70:35
21 0 5 6 8 9 10 11 13 17 18 19 20 21 22 23 24 25 28 30 31 32 
15 2 3 4 5 7 10 12 17 19 21 24 25 29 31 32 
15 0 6 7 8 9 10 16 17 22 23 24 29 31 32 34 
14 0 1 4 7 8 11 13 19 20 23 24 25 29 33 
20 0 3 4 5 6 8 12 13 15 16 17 18 20 22 23 24 27 29 32 34 
17 3 5 6 8 9 10 13 15 17 23 24 26 27 28 30 32 34 
22 0 1 2 4 6 7 9 11 12 13 16 18 19 21 22 23 24 26 27 28 29 30 
19 0 1 3 5 6 7 8 10 11 18 20 21 22 27 28 29 30 31 33 
16 5 7 8 12 14 15 16 17 18 21 23 25 26 27 29 34 
19 2 3 4 6 8 9 11 12 13 15 18 20 21 22 23 26 28 31 33 
15 7 8 13 15 21 23 24 25 26 28 29 30 32 33 34 
17 4 5 11 12 13 15 16 19 20 21 22 23 24 26 27 30 32 
18 1 2 3 4 8 9 10 11 12 13 14 17 22 24 28 30 32 34 
18 1 2 3 11 13 14 17 20 23 24 25 26 29 30 31 32 33 34 
16 1 2 5 6 7 11 12 14 16 19 20 26 28 29 30 31 
17 0 2 10 13 14 16 17 20 21 22 23 24 27 28 29 31 34 
17 0 2 3 6 7 8 11 13 16 19 20 21 23 24 26 29 31 
17 0 2 7 8 12 14 18 19 21 23 24 26 29 30 31 33 34 
13 4 10 17 18 19 21 22 23 24 26 29 32 33 
20 0 1 2 3 4 5 6 9 11 16 17 18 19 23 25 27 28 29 32 33 
17 0 1 5 6 7 9 10 11 13 16 19 20 22 25 29 30 33 
18 1 2 4 6 7 8 10 11 16 17 20 21 22 26 28 29 30 34 
16 3 5 6 7 13 14 16 19 20 22 25 26 27 28 29 33 
20 0 1 3 4 6 8 9 10 11 14 19 20 21 23 24 26 28 29 33 34 
17 1 3 6 9 11 13 14 15 16 17 22 24 26 28 30 31 32 
19 2 3 4 5 6 9 11 13 14 16 21 22 25 26 29 30 31 32 33 
20 0 1 3 4 7 9 11 12 13 14 15 16 17 19 21 22 25 29 30 34 
20 0 3 4 5 6 8 9 13 14 16 17 18 20 21 23 24 25 30 32 34 
17 2 3 4 6 8 9 10 11 14 15 18 21 22 24 27 28 34 
16 4 5 7 9 10 13 14 19 21 25 26 27 29 32 33 34 
13 0 1 3 5 10 11 14 16 19 20 21 26 34 
15 2 5 9 10 11 18 19 21 22 23 24 26 27 29 34 
16 2 4 8 9 11 15 16 20 22 23 24 25 27 28 32 34 
14 1 3 4 5 9 10 17 18 19 20 21 25 26 32 
18 3 5 6 8 9 10 11 13 14 15 18 20 21 23 24 26 31 34 
17 1 2 8 9 12 17 18 19 20 22 23 25 26 30 32 33 34 
19 3 4 5 6 7 8 11 16 17 19 20 25 27 29 30 31 32 33 34 
18 1 5 6 7 11 12 13 14 16 18 20 24 27 29 31 32 33 34 
20 0 2 3 4 5 8 9 11 12 13 14 15 19 20 21 22 24 25 29 34 
17 1 2 3 5 8 9 14 15 16 17 18 21 23 28 31 32 33 
16 1 2 3 6 7 8 9 10 12 15 21 23 26 29 30 31 
21 1 6 7 8 9 10 11 12 14 19 20 21 22 23 24 26 29 30 31 33 34 
16 0 4 13 16 17 18 20 22 24 25 26 28 29 32 33 34 
20 0 1 2 4 5 11 12 16 17 18 21 22 23 25 27 29 30 31 32 34 
14 0 3 4 9 10 12 15 17 19 22 25 26 28 29 
18 0 1 2 3 8 12 14 15 17 18 22 25 27 29 30 31 32 34 
19 0 3 7 10 11 12 13 14 15 16 17 18 21 22 23 24 27 28 29 
18 1 2 5 6 9 10 12 13 15 16 18 22 23 24 29 30 31 32 
20 0 4 5 6 7 12 14 16 17 18 20 22 24 25 27 28 30 31 33 34 
15 1 3 4 9 11 13 15 16 17 23 24 25 26 29 30 
13 4 10 11 12 16 17 19 25 28 30 31 32 33 
15 0 1 3 6 7 11 12 13 18 21 22 23 28 30 33 
11 4 11 13 15 16 17 19 22 23 27 32 
14 2 3 5 8 9 11 12 14 16 19 20 27 28 32 
13 1 4 6 8 12 15 17 18 21 22 24 27 34 
15 0 2 5 8 9 10 12 14 16 19 27 28 29 31 34 
13 1 3 9 10 12 17 20 21 22 23 27 32 33 
12 1 8 10 12 13 14 18 21 23 24 33 34 
16 2 3 9 10 14 15 17 18 20 22 23 25 28 30 31 33 
16 0 1 2 4 5 11 13 14 15 17 20 22 24 25 27 33 
11 1 5 7 10 11 12 18 19 21 22 30 
19 1 2 4 6 8 9 10 11 13 14 15 17 18 20 21 22 24 30 32 
19 0 5 6 7 8 9 12 13 16 17 20 21 23 24 29 30 31 33 34 
17 1 3 7 11 13 14 18 19 21 23 25 26 27 28 30 31 34 
23 0 3 5 6 7 8 10 12 14 15 17 18 20 21 22 23 24 26 27 29 31 32 33 
17 6 7 9 10 11 14 15 17 21 22 23 24 25 27 28 29 31 
19 0 1 2 3 5 9 11 12 13 16 17 19 20 21 22 23 25 26 34 
21 0 1 2 3 4 6 7 9 10 12 13 17 19 22 23 24 26 27 28 32 33 
19 0 3 8 9 10 13 14 15 17 18 19 22 24 25 28 29 30 31 33 
19 2 3 4 9 10 12 13 15 20 22 24 25 26 27 28 29 30 31 32 
