70:105
81 0 2 4 5 6 7 8 9 10 11 15 16 17 18 19 20 21 22 24 25 26 27 28 29 30 31 32 34 35 36 38 40 42 43 45 46 47 49 50 51 52 53 54 55 56 57 58 61 62 64 66 67 68 70 72 73 74 75 77 79 80 82 83 84 85 87 89 90 91 93 94 95 96 97 98 99 100 101 102 103 104 
80 0 1 2 3 4 7 9 11 12 13 15 16 17 18 19 20 21 23 24 26 27 28 29 31 32 33 35 38 40 41 43 44 45 47 49 50 51 53 55 56 57 58 59 60 61 62 63 64 65 66 67 68 69 70 71 72 73 74 76 77 78 79 80 81 82 83 84 85 87 88 89 90 92 93 94 97 98 101 102 103 
80 1 2 3 4 5 7 8 9 11 12 13 14 15 16 19 20 21 22 26 27 28 30 31 32 34 35 36 37 38 39 40 41 44 46 49 50 51 52 53 55 56 57 59 60 61 62 63 64 65 66 67 68 70 71 73 74 75 76 78 79 80 81 82 83 84 85 86 88 89 90 91 92 93 94 96 97 98 99 101 104 
74 1 2 4 5 6 9 10 11 12 13 16 18 19 20 21 22 23 24 25 26 27 28 29 30 31 32 33 35 36 38 39 40 42 43 44 47 49 50 51 54 55 56 57 58 59 60 62 63 64 65 66 71 74 75 77 78 79 80 83 84 85 86 87 88 89 92 93 94 96 97 98 99 101 104 
84 0 2 3 4 6 7 8 9 11 12 13 14 16 17 19 20 22 23 24 26 28 30 31 33 34 35 37 39 40 41 44 45 46 48 49 50 51 52 53 54 57 58 59 60 61 62 63 64 65 66 67 69 70 71 73 74 75 76 77 78 79 80 81 83 84 85 86 87 88 90 91 92 93 94 95 96 97 98 99 100 101 102 103 104 
79 0 1 2 3 4 5 6 7 9 10 12 13 14 15 16 17 18 20 21 22 23 24 25 26 27 30 31 32 33 34 35 36 38 39 42 43 45 46 47 48 49 51 52 53 54 55 56 57 58 59 60 61 63 65 66 67 68 71 73 74 76 77 79 84 85 86 87 88 89 90 91 92 93 94 95 96 98 101 104 
81 0 1 2 3 4 5 7 8 10 11 13 14 15 16 17 18 19 20 22 23 24 25 26 29 30 31 33 34 35 36 37 38 40 41 45 46 47 48 49 50 51 52 53 54 56 59 60 61 62 65 66 67 69 70 71 72 73 74 75 76 77 78 79 80 81 82 83 85 86 87 88 91 92 93 94 95 97 98 100 103 104 
80 1 3 5 6 7 10 13 14 16 17 19 20 21 22 23 25 26 27 28 29 30 31 33 34 37 38 39 40 41 42 43 45 47 50 51 52 53 54 56 57 58 60 61 62 63 64 67 68 71 72 73 74 75 76 77 78 79 80 82 83 84 85 86 87 88 89 90 91 92 93 94 95 96 97 98 100 101 102 103 104 
83 2 3 4 5 6 7 8 10 11 13 14 15 16 17 18 19 20 21 22 23 26 27 28 30 31 32 34 35 36 37 38 40 41 42 43 44 46 47 48 49 50 51 52 53 56 57 58 59 60 62 63 65 67 68 69 70 71 72 73 76 77 78 79 80 82 83 84 85 86 87 88 89 90 91 92 95 98 99 100 101 102 103 104 
82 1 3 4 5 6 7 8 9 10 11 12 13 15 17 18 19 20 21 22 25 26 27 28 29 31 32 33 34 36 37 38 40 41 42 43 44 45 46 48 49 50 51 52 54 55 56 57 59 60 61 62 63 64 66 67 70 71 72 74 75 76 77 78 80 81 82 83 84 85 87 89 91 92 93 95 97 98 100 101 102 103 104 
83 0 1 2 4 5 6 7 11 12 13 14 15 16 17 18 20 21 22 23 24 25 26 27 29 31 32 33 34 35 36 38 39 40 41 42 43 44 46 47 48 50 51 53 56 57 58 59 61 63 64 65 66 67 69 71 72 73 75 76 77 78 79 82 83 84 85 86 87 88 89 90 91 92 93 94 95 96 97 98 99 101 102 104 
83 0 2 3 4 5 6 7 8 9 10 11 13 16 17 18 19 20 21 22 23 24 27 28 30 32 33 34 35 36 37 39 40 41 44 47 48 49 50 51 52 53 54 55 56 57 59 60 61 62 63 64 65 66 68 69 70 71 72 73 74 75 76 77 78 79 80 82 83 84 85 87 88 90 92 93 96 97 99 100 101 102 103 104 
80 0 1 3 5 6 7 8 9 10 11 12 15 16 18 20 21 22 24 25 26 27 28 30 31 32 33 34 35 37 40 41 42 43 44 46 47 51 52 53 54 56 57 58 60 61 62 63 64 65 66 67 68 69 70 71 72 73 74 75 76 78 81 82 83 84 85 86 87 88 90 91 93 94 95 97 98 99 100 101 102 
76 0 1 3 4 7 8 9 10 11 12 13 14 15 17 18 19 22 24 25 26 27 28 29 30 31 32 33 34 35 37 38 39 40 41 42 43 44 45 47 48 49 50 52 53 55 59 62 63 66 68 70 71 72 73 74 75 76 77 78 80 81 82 83 85 86 88 89 91 92 93 94 95 96 97 100 104 
79 0 3 4 5 7 8 9 10 12 13 14 16 17 18 20 21 22 23 24 25 27 28 30 31 32 33 34 37 38 39 41 43 44 45 46 48 49 51 52 53 56 57 59 60 61 63 64 65 66 67 69 70 71 72 73 74 75 76 77 78 79 80 81 83 84 85 88 89 90 93 94 95 97 98 100 101 102 103 104 
76 1 3 4 5 7 8 10 11 12 13 14 15 16 18 21 24 25 26 27 28 32 33 34 35 36 37 39 40 43 44 47 49 50 51 52 53 54 55 56 57 58 59 60 62 63 64 65 67 69 71 72 73 74 75 76 77 78 79 82 83 84 85 86 87 89 90 91 92 93 95 96 97 99 100 102 104 
81 1 2 3 5 6 8 9 10 11 12 13 14 15 16 17 18 19 20 22 25 26 27 28 30 31 32 33 35 36 37 39 41 42 43 44 45 46 47 48 50 51 52 54 55 56 57 58 60 61 62 63 64 66 67 68 69 70 72 73 75 77 78 79 81 83 84 85 86 87 88 89 90 91 93 94 95 96 99 100 101 103 
78 2 4 6 8 9 10 12 13 14 17 19 20 21 22 23 24 25 27 28 29 30 31 32 33 34 35 38 39 40 41 42 43 46 49 50 51 52 53 54 55 56 57 58 59 60 61 62 64 65 66 67 68 69 70 71 72 73 74 75 76 78 79 80 81 82 83 85 87 90 92 93 94 95 96 97 99 101 103 
84 0 1 2 4 6 8 9 10 11 12 13 14 15 16 17 18 19 20 22 24 25 26 27 28 30 31 32 34 36 37 38 39 40 41 42 44 45 47 48 49 50 51 52 53 54 55 56 57 59 60 61 62 63 64 65 66 67 69 71 72 73 74 75 76 77 78 79 81 82 83 84 85 86 87 89 90 92 93 94 96 97 98 99 101 
71 0 1 2 3 6 7 8 10 11 12 13 14 15 17 18 19 20 22 24 25 28 30 31 33 36 37 38 39 40 41 42 43 45 48 49 52 53 55 57 58 60 61 62 63 64 65 66 67 68 69 70 73 74 77 78 80 81 83 84 85 88 89 91 92 93 95 96 98 99 100 103 
76 0 1 2 3 4 5 6 7 8 9 10 11 12 13 14 15 16 17 18 19 20 21 23 25 27 29 30 31 32 33 34 36 37 39 40 41 42 43 44 45 47 48 50 51 54 57 58 60 63 65 67 70 72 74 76 77 78 79 81 82 84 85 86 87 88 89 90 91 93 96 98 99 100 101 102 104 
77 0 2 3 4 5 6 7 8 9 10 13 14 15 16 17 20 21 22 24 25 26 27 28 29 30 32 33 34 36 37 39 41 42 44 45 47 50 52 55 57 59 60 61 62 63 64 65 66 67 70 71 72 73 74 75 76 77 78 79 80 81 82 83 84 86 87 88 89 90 91 92 93 98 99 102 103 104 
81 1 3 5 6 7 8 11 12 13 14 15 16 18 19 20 21 22 23 24 25 26 27 29 30 32 35 36 37 39 40 42 43 45 46 47 48 52 53 54 55 56 57 58 59 60 61 62 63 64 65 66 67 68 70 72 73 74 75 77 78 79 80 81 82 83 84 85 86 87 89 92 93 94 95 96 97 99 100 101 103 104 
82 0 1 2 3 4 6 8 9 10 12 13 14 16 17 18 19 20 21 24 25 26 27 29 32 33 34 36 37 38 39 40 41 42 43 44 46 47 48 50 51 52 53 54 55 56 57 58 59 60 61 62 63 64 65 66 68 69 70 72 73 74 76 78 81 82 83 84 85 86 88 89 92 94 95 96 98 99 100 101 102 103 104 
75 1 2 3 5 6 7 8 9 10 11 15 17 19 20 21 22 23 24 26 28 30 32 34 36 37 38 39 41 42 43 44 46 47 48 51 52 53 54 55 58 61 64 65 68 69 70 71 73 74 75 76 77 78 79 80 81 82 83 84 86 87 89 90 91 92 94 95 96 97 98 99 101 102 103 104 
73 0 2 3 5 6 9 10 13 14 15 16 17 19 20 21 22 23 24 25 26 27 28 29 31 36 37 39 41 42 44 45 46 48 49 50 51 53 54 56 57 59 62 64 65 67 69 70 73 74 75 76 77 80 82 83 84 85 86 87 88 89 90 91 94 95 96 98 99 100 101 102 103 104 
79 1 4 5 6 7 9 10 11 13 14 16 19 20 21 22 23 24 26 27 29 31 33 34 35 36 37 38 39 40 41 42 43 44 45 46 47 49 52 53 55 56 57 59 64 65 66 67 68 69 70 71 72 73 74 75 76 77 78 79 80 81 82 83 84 85 86 89 90 91 93 94 95 96 97 99 100 101 102 104 
83 0 1 3 6 7 9 11 12 16 17 18 19 20 21 23 25 26 27 28 29 30 31 32 34 35 36 37 38 39 40 41 42 43 44 45 47 48 49 50 51 52 53 54 55 56 57 59 61 62 63 65 66 67 69 70 71 72 74 76 77 78 79 80 81 83 84 85 86 88 89 91 92 93 94 95 96 97 98 99 100 101 103 104 
76 0 1 2 4 5 6 9 10 11 13 14 16 17 18 19 20 21 23 24 25 26 27 28 30 32 33 36 38 39 40 41 42 43 44 45 46 47 48 49 51 54 56 57 61 63 64 66 67 68 70 71 73 74 75 77 78 79 80 82 83 85 86 87 88 89 90 91 92 93 96 98 100 101 102 103 104 
79 4 5 6 7 8 11 12 13 14 15 16 17 18 20 21 22 23 24 27 29 30 31 32 33 34 35 36 38 40 41 42 43 44 46 47 48 50 51 52 53 54 55 56 57 58 59 60 62 63 64 65 66 67 70 71 72 73 74 76 77 78 79 80 81 84 85 88 89 91 92 93 94 95 96 98 99 100 102 104 
76 0 2 4 5 6 7 9 10 11 12 13 14 15 18 19 20 21 24 25 26 27 28 29 30 31 32 33 34 35 36 37 39 40 41 42 43 44 46 49 50 52 53 55 57 59 61 62 63 66 67 68 69 70 71 72 75 78 79 80 81 82 85 86 87 89 90 92 95 96 97 98 99 101 102 103 104 
74 1 4 5 6 7 8 9 10 11 12 13 14 16 17 18 19 20 22 23 24 26 29 32 33 35 36 37 38 39 40 41 42 43 46 47 48 50 51 54 55 57 58 60 61 62 63 65 66 67 69 70 71 72 75 76 77 78 80 81 84 85 86 87 88 91 92 93 94 96 99 100 101 102 103 
74 0 2 4 5 7 8 10 12 13 14 15 16 18 20 21 22 24 25 26 27 30 31 32 34 35 36 37 38 39 40 41 42 43 44 46 48 49 52 54 56 59 60 61 63 65 67 68 69 72 73 74 75 76 77 79 82 83 84 85 86 89 90 91 92 93 94 95 96 97 98 100 101 103 104 
76 0 1 2 3 4 5 6 7 8 10 11 12 13 14 15 20 21 22 25 26 27 28 29 31 33 34 35 36 37 38 39 40 41 43 44 45 46 47 48 49 50 51 53 54 55 56 58 60 62 63 64 65 66 69 70 74 75 76 78 79 80 83 84 85 86 87 88 89 91 93 95 97 99 100 102 103 
82 0 1 3 4 5 6 7 8 9 11 12 14 15 17 18 19 20 21 22 23 24 25 26 27 28 30 31 32 33 34 36 37 38 39 40 41 42 45 46 48 50 51 52 53 54 56 57 58 61 62 63 64 65 66 67 69 70 71 72 73 74 75 78 79 81 82 83 84 86 87 89 90 92 93 94 96 97 98 99 100 103 104 
84 0 1 2 3 4 5 6 7 8 9 11 12 13 14 15 16 18 19 20 21 22 23 24 26 27 29 30 31 32 34 35 37 38 39 40 41 42 43 44 45 46 47 48 49 51 53 54 55 56 57 58 59 62 63 64 65 66 67 68 69 72 73 76 77 78 79 80 81 82 85 86 87 89 90 91 92 93 95 97 98 100 101 102 104 
83 0 1 2 4 7 9 10 11 12 13 14 15 17 19 20 22 23 24 25 26 27 28 29 30 31 33 34 35 36 37 38 39 41 42 44 45 46 47 48 49 50 51 52 53 54 55 56 57 59 60 61 62 63 64 65 66 71 72 73 74 76 77 78 79 82 83 84 85 87 88 90 91 93 94 95 96 97 98 100 101 102 103 104 
74 0 1 3 5 6 7 9 10 11 12 13 16 17 19 20 21 22 25 26 27 28 29 30 31 32 33 34 35 36 38 40 41 43 44 46 47 49 50 51 53 54 55 56 57 59 61 62 63 70 71 72 73 74 76 78 79 80 81 82 83 84 88 89 90 91 92 93 96 97 99 100 101 102 104 
73 1 3 4 5 6 8 9 10 12 14 16 19 20 22 23 24 25 26 27 28 30 31 32 33 35 37 40 41 42 43 44 45 46 47 49 50 51 52 53 59 61 63 66 67 69 70 71 72 73 74 75 76 77 79 81 82 83 84 85 87 88 90 91 92 93 94 95 96 97 98 100 101 104 
76 0 1 2 4 5 8 11 14 15 16 19 22 23 24 25 27 28 29 30 31 32 33 34 35 37 38 39 40 41 42 43 44 47 49 50 52 54 56 57 58 61 62 63 64 65 66 67 68 70 71 72 73 74 75 76 77 78 81 83 84 85 86 88 90 91 92 93 94 95 96 97 98 99 101 102 104 
83 0 1 2 3 4 5 6 7 8 9 10 11 13 14 16 19 20 21 22 23 26 27 28 29 31 32 33 36 37 38 39 40 41 42 43 44 45 46 47 48 49 50 51 52 54 55 57 58 59 61 62 63 64 66 67 69 71 73 74 75 78 79 80 81 83 84 87 88 89 90 91 92 93 94 95 96 97 98 99 100 101 102 103 
86 0 1 2 3 4 5 6 8 9 10 11 12 13 14 16 17 18 19 20 21 22 24 26 29 30 31 32 33 34 35 37 38 39 40 41 42 43 44 45 46 48 49 50 51 53 54 56 57 59 60 61 62 63 64 65 66 67 69 70 71 72 73 74 75 76 77 78 81 82 84 85 87 88 89 90 91 93 94 95 96 97 99 100 101 102 104 
78 0 1 3 4 5 6 7 8 9 10 13 14 15 16 17 18 20 22 23 25 26 27 29 31 32 35 36 37 38 39 40 43 44 45 46 47 49 50 51 52 54 56 57 58 59 60 61 63 65 66 67 70 71 72 73 74 75 77 79 80 81 82 83 84 85 86 87 89 90 91 93 94 97 98 100 101 102 104 
76 1 3 4 5 6 7 9 10 11 12 13 14 16 17 18 20 21 22 24 25 26 27 29 30 32 33 34 35 36 37 38 42 43 44 45 48 49 50 53 54 55 56 59 61 65 66 67 68 71 72 73 74 77 80 81 82 84 85 86 87 88 89 90 91 92 93 94 95 96 97 98 99 100 101 102 104 
78 0 4 6 7 8 10 11 12 13 14 15 18 20 21 22 23 25 26 27 28 29 30 31 32 33 34 36 37 38 39 40 41 42 44 46 48 53 54 55 56 57 58 59 60 61 63 64 65 66 67 69 71 72 73 74 75 77 78 79 80 81 82 83 84 85 88 90 91 92 93 94 95 98 99 100 101 103 104 
74 1 2 3 6 7 8 9 10 12 13 14 15 16 17 18 20 21 22 23 24 25 26 28 29 31 32 33 34 35 37 38 39 40 41 43 44 46 47 48 50 51 52 53 54 55 59 60 62 63 68 71 72 77 78 79 80 81 83 84 85 86 87 88 89 90 92 94 95 96 97 99 100 103 104 
81 0 1 2 3 4 5 6 7 8 10 12 13 14 15 16 17 18 19 20 21 22 23 24 25 26 27 31 32 33 34 35 36 39 41 42 43 44 46 47 49 50 51 53 54 55 58 61 62 63 64 65 66 67 68 69 70 71 73 74 75 77 78 79 80 81 82 83 87 89 90 91 92 94 95 96 97 98 99 100 102 103 
74 1 2 3 4 5 7 8 9 10 11 12 13 14 16 17 18 19 20 21 23 24 26 27 28 29 30 31 33 34 36 37 38 39 41 42 43 47 48 50 51 52 53 54 56 57 58 59 61 62 63 65 66 67 69 71 72 73 75 77 78 80 82 85 86 88 90 91 96 97 99 100 101 102 103 
86 0 1 3 4 5 7 8 9 10 11 12 13 15 16 17 18 19 21 22 23 24 25 26 27 28 29 30 31 32 33 35 36 37 38 39 40 44 45 46 47 48 49 51 52 53 55 56 57 58 59 60 61 62 63 66 68 69 71 73 76 78 79 80 81 82 83 84 85 86 87 89 90 91 92 93 94 95 96 97 98 99 100 101 102 103 104 
82 0 1 2 3 4 5 6 8 10 11 12 13 14 15 16 17 18 19 21 22 23 24 25 26 27 29 30 31 32 33 35 36 37 38 39 40 41 42 43 45 46 47 48 49 50 52 54 57 58 62 63 64 65 66 68 69 70 71 72 74 76 78 79 81 82 83 84 86 87 88 90 92 93 94 96 97 99 100 101 102 103 104 
75 0 1 2 3 4 6 8 9 10 11 13 14 16 17 18 20 21 23 24 25 26 27 29 30 31 32 33 34 36 39 40 41 42 43 44 45 46 47 49 50 51 52 55 56 57 59 60 64 65 66 67 68 69 70 71 73 75 77 78 81 82 84 85 86 87 88 93 94 95 97 98 99 100 101 102 
75 0 1 2 5 6 7 9 10 13 14 15 16 17 18 19 22 23 24 25 26 29 31 32 33 34 35 36 37 38 40 41 43 44 45 46 47 48 51 52 55 57 60 62 63 64 65 66 67 69 70 71 72 73 74 75 76 77 80 81 82 84 85 87 88 90 93 94 95 96 97 100 101 102 103 104 
74 0 1 4 6 7 8 10 11 16 18 19 22 23 25 26 27 28 29 30 31 32 33 34 35 36 37 38 39 40 43 45 46 48 50 51 53 54 55 56 58 60 61 62 63 64 65 68 69 70 71 72 73 74 79 81 82 84 86 88 89 90 91 92 93 94 95 96 97 98 100 101 102 103 104 
83 1 2 4 5 6 7 9 10 11 13 14 15 16 17 18 19 21 22 23 24 26 27 28 29 30 31 33 34 35 36 39 40 41 42 43 45 46 47 48 50 51 52 53 54 55 56 57 58 59 60 61 62 63 64 65 68 69 70 71 72 73 75 76 77 78 80 82 83 84 85 88 89 90 91 92 96 97 99 100 101 102 103 104 
81 2 3 4 6 7 8 10 11 12 13 14 15 16 19 20 22 23 24 25 27 28 29 30 31 32 33 34 35 36 37 38 39 40 43 44 45 46 47 48 49 53 54 55 57 58 59 60 61 63 64 65 68 69 70 72 73 74 75 77 78 79 80 81 82 83 84 85 88 89 90 92 93 94 95 97 99 100 101 102 103 104 
81 0 2 3 4 7 8 9 10 11 12 13 14 16 17 18 20 23 24 25 26 27 28 29 30 31 32 33 35 36 38 39 40 43 44 45 46 47 48 49 50 53 55 56 57 58 60 61 62 63 64 67 68 69 70 72 73 74 75 76 77 79 80 81 82 83 85 87 88 89 90 91 92 93 94 96 97 98 99 102 103 104 
80 0 1 4 5 6 7 8 9 10 11 12 13 15 16 17 18 19 20 22 23 25 28 29 30 31 33 34 35 37 39 40 43 44 46 49 50 51 52 53 54 55 57 59 61 62 64 65 66 67 68 69 70 71 72 73 74 77 78 80 81 82 83 84 85 86 87 88 89 91 92 94 95 96 97 98 99 101 102 103 104 
88 0 1 2 4 5 6 7 9 10 13 14 15 16 17 18 19 20 21 22 23 24 25 26 28 29 30 32 33 34 36 37 38 39 40 42 43 44 45 47 48 49 50 52 53 54 55 56 57 58 60 61 62 63 64 65 66 67 68 69 71 73 74 75 76 77 78 80 81 83 84 86 87 88 89 90 91 92 94 95 96 97 98 99 100 101 102 103 104 
74 0 1 2 3 5 9 13 14 17 18 21 23 24 25 26 28 30 32 33 34 36 37 38 39 40 41 42 44 45 47 49 52 53 54 55 56 57 58 59 60 61 62 63 66 67 68 70 71 72 74 75 76 77 78 79 80 81 84 85 86 88 89 90 91 92 93 95 96 97 98 99 102 103 104 
73 1 4 6 7 8 9 10 11 12 13 14 15 16 17 18 19 20 23 24 25 26 27 30 34 35 36 39 40 41 43 44 46 47 48 49 51 52 53 55 57 58 60 61 62 63 64 65 68 69 70 71 73 74 78 79 80 81 82 83 84 85 87 90 91 93 94 95 96 97 101 102 103 104 
80 0 1 3 4 5 6 7 10 11 12 14 15 16 17 18 19 20 21 24 25 26 27 29 30 31 33 35 36 37 39 40 41 44 45 46 47 48 49 51 52 53 54 56 58 59 60 61 62 63 64 65 66 69 70 71 72 73 75 76 77 78 79 80 82 83 84 85 86 88 89 92 93 96 97 99 100 101 102 103 104 
79 0 2 3 5 9 10 11 12 13 14 15 19 21 22 24 26 27 28 29 30 32 33 34 35 36 37 38 39 40 41 43 44 46 47 49 50 51 52 53 54 55 56 57 58 59 60 61 62 63 65 66 67 68 69 71 72 73 75 76 77 78 79 81 84 85 86 88 89 90 91 92 93 94 98 99 100 101 103 104 
75 1 2 3 4 5 6 7 8 9 10 11 12 13 14 15 16 18 20 22 23 24 25 27 29 32 33 34 35 37 38 39 40 42 43 45 46 47 48 53 54 55 58 60 61 62 63 64 65 67 68 69 73 74 77 79 80 82 84 85 86 87 88 89 90 91 92 94 95 96 97 98 99 100 101 103 
84 0 1 3 4 5 6 7 8 9 11 12 13 14 16 18 19 20 21 22 24 25 26 27 28 29 30 31 32 33 34 35 36 38 39 40 42 43 44 45 47 49 50 51 52 53 54 55 60 61 62 63 64 65 66 67 68 69 70 71 72 74 75 77 79 80 81 82 83 84 85 86 87 88 89 91 92 93 94 97 98 99 100 101 104 
80 0 1 2 3 4 6 8 9 12 14 15 17 18 19 20 21 22 24 25 26 27 28 29 31 32 33 35 36 37 38 39 40 41 42 43 44 45 46 50 51 52 53 54 56 57 58 60 61 62 63 64 65 66 67 68 69 70 71 72 73 74 75 78 79 80 84 86 87 88 91 92 93 95 96 97 98 101 102 103 104 
77 0 1 2 4 5 6 9 10 13 14 16 17 19 21 22 23 24 25 26 28 30 31 32 33 34 35 36 38 39 40 41 42 43 44 45 48 49 50 51 52 54 56 57 59 60 61 63 65 67 69 70 72 73 75 76 78 80 81 82 83 84 85 86 87 88 89 90 92 93 94 95 96 97 98 99 100 101 
76 2 3 5 6 7 8 10 11 12 14 16 17 18 19 22 23 25 26 27 28 29 30 31 32 35 36 37 40 42 43 44 45 46 47 51 53 54 55 56 57 59 60 63 64 66 67 69 70 71 73 74 75 76 77 78 79 81 83 84 85 86 87 89 90 91 92 95 96 97 98 99 100 101 102 103 104 
74 0 3 4 5 6 7 8 10 11 12 14 15 16 20 22 25 26 27 29 30 31 32 33 34 35 36 39 41 42 43 44 45 47 48 49 50 52 54 55 56 57 58 59 61 62 63 64 66 67 69 70 71 73 75 77 78 79 80 85 86 88 89 91 92 93 94 95 96 98 99 100 102 103 104 
87 0 2 3 4 5 6 7 8 9 10 11 12 13 14 15 16 17 18 19 21 22 24 25 26 27 28 35 36 37 38 39 40 42 43 45 46 47 48 49 50 51 52 54 56 57 58 59 60 61 62 63 64 65 66 67 69 70 71 72 73 74 75 76 78 80 81 82 83 84 85 86 87 88 89 90 91 92 93 96 97 98 99 100 101 102 103 104 
73 5 7 9 10 11 12 13 14 15 17 18 19 20 21 23 24 25 26 27 30 32 33 34 35 36 37 38 39 40 44 45 46 47 48 50 51 52 53 55 56 57 59 60 61 62 63 64 66 68 69 70 71 72 73 74 76 78 81 82 85 87 88 89 91 93 94 96 97 98 99 100 103 104 
