70:105
66 0 1 2 3 5 6 7 9 11 12 13 15 16 17 18 20 23 25 26 29 31 32 33 34 35 36 41 43 44 49 50 51 53 54 58 59 60 62 63 67 68 69 71 72 73 74 77 78 80 83 84 85 89 91 92 93 94 95 97 98 99 100 101 102 103 104 
50 2 4 7 10 15 18 20 23 24 27 29 31 34 35 38 39 41 42 43 44 45 46 48 53 54 56 61 62 64 65 67 68 69 70 74 76 77 79 80 86 87 89 91 93 94 95 97 98 100 104 
51 2 3 4 6 8 11 12 14 18 19 21 24 25 26 28 30 32 36 38 41 44 45 47 50 51 52 54 56 57 59 61 63 68 69 70 71 73 74 75 76 78 81 82 85 90 93 95 98 100 102 103 
59 0 1 2 4 5 6 7 9 10 12 13 16 17 18 19 22 26 27 29 30 31 37 38 40 41 43 44 45 46 48 49 50 51 52 53 56 58 59 60 62 64 67 71 73 75 76 80 84 85 86 87 88 90 92 93 94 97 102 104 
59 0 1 5 6 11 12 13 14 15 16 17 18 19 20 21 22 23 24 25 26 27 28 30 31 34 36 40 42 49 53 54 56 60 61 63 64 65 66 67 70 71 72 73 75 83 84 86 87 88 89 92 94 95 97 98 99 102 103 104 
63 0 2 8 9 11 13 14 17 20 22 23 24 26 27 28 30 31 32 33 34 35 36 37 39 40 41 42 44 46 47 48 49 51 52 53 55 56 57 58 59 60 64 65 67 68 69 77 78 80 81 82 83 85 88 89 90 94 95 96 98 99 100 102 
61 1 2 3 5 6 8 11 12 13 15 16 17 18 19 21 23 25 26 28 29 30 31 32 34 35 38 40 42 43 45 47 48 51 52 53 55 56 57 59 60 61 67 68 70 71 72 73 75 76 77 80 81 82 84 87 93 94 97 99 101 103 
48 0 4 6 7 13 14 15 18 19 20 23 25 26 29 30 31 33 35 36 41 42 43 44 48 49 52 56 58 60 62 63 66 71 73 75 76 78 81 82 84 87 89 90 93 97 98 99 101 
58 0 1 3 4 5 6 7 8 9 10 11 18 20 24 25 26 28 29 30 32 33 35 36 42 43 44 45 46 47 49 50 51 52 53 57 58 60 62 66 67 68 70 71 75 78 80 83 86 87 91 92 94 95 97 99 101 102 103 
45 1 3 5 7 12 18 22 24 25 30 32 33 34 36 38 39 45 47 48 50 52 53 58 60 62 67 68 70 72 75 76 77 79 82 83 84 85 87 89 91 92 93 97 101 103 
66 0 2 3 4 5 6 7 8 9 10 12 14 15 16 17 18 21 22 23 24 25 26 27 29 30 31 32 33 35 38 39 40 43 44 49 50 56 58 59 60 62 63 65 69 71 72 73 75 76 77 78 79 80 89 91 93 94 96 97 98 99 100 101 102 103 104 
56 2 3 4 8 10 11 12 13 16 18 19 20 21 23 24 26 27 28 31 32 33 34 35 37 38 39 42 43 49 50 52 55 57 59 62 66 67 68 70 72 76 81 85 86 89 90 91 93 94 95 96 99 100 101 102 103 
59 0 1 2 5 8 11 14 15 17 19 21 23 24 25 26 28 29 31 34 35 36 38 39 41 43 44 48 50 52 55 56 57 58 59 63 65 67 69 70 71 72 73 75 76 78 79 80 81 82 83 84 87 88 94 95 98 102 103 104 
46 0 2 5 7 8 9 11 12 13 16 17 22 24 26 27 28 30 31 32 33 35 39 45 47 49 51 52 53 56 57 59 60 61 62 66 70 74 77 82 85 88 92 94 99 103 104 
47 0 2 5 6 7 8 9 11 12 13 16 17 19 22 23 24 25 28 30 34 35 38 40 41 43 48 52 54 56 62 67 68 69 71 72 80 81 82 84 85 86 88 89 90 92 96 97 
56 0 2 3 4 6 8 9 10 11 16 19 20 21 22 26 27 29 30 31 33 34 38 42 43 49 50 53 54 56 57 58 59 60 61 62 63 64 67 68 69 72 73 74 76 80 82 83 87 88 90 96 99 100 102 103 104 
47 2 4 6 8 9 15 16 17 18 25 31 34 37 40 41 42 43 44 45 47 48 51 52 54 55 61 62 63 64 65 66 68 70 74 78 79 80 84 87 89 91 93 96 98 100 103 104 
54 1 2 3 4 7 8 9 11 13 15 16 17 18 19 22 24 25 26 30 31 35 36 37 40 43 48 49 52 53 55 58 59 60 63 64 67 71 72 76 79 82 84 85 86 88 89 90 92 95 96 99 100 103 104 
58 0 1 3 4 5 15 17 18 20 23 24 25 26 30 31 32 34 35 36 37 38 41 43 46 47 48 50 51 52 54 55 56 58 59 61 62 64 66 67 71 76 78 79 81 84 85 86 87 89 90 92 94 95 96 101 102 103 104 
61 1 2 4 5 6 7 8 9 11 12 15 16 17 21 22 26 27 28 30 33 34 35 41 44 46 47 48 50 51 53 56 57 59 62 64 65 67 69 70 74 77 78 79 80 81 82 85 87 89 90 91 92 94 95 96 97 98 99 101 103 104 
61 2 3 5 6 7 9 14 16 19 20 21 22 23 25 26 28 29 30 32 34 35 37 40 41 43 44 45 46 48 49 51 52 53 60 61 62 65 69 70 71 74 75 77 78 80 81 82 84 85 86 88 89 90 91 92 96 98 99 100 102 104 
60 1 2 4 5 6 7 8 9 11 12 13 14 22 23 24 25 26 29 30 31 33 34 36 37 38 40 42 44 48 49 51 52 53 54 56 58 60 62 65 66 67 70 72 73 75 77 78 79 81 83 84 87 89 90 91 93 95 96 97 99 
54 1 3 4 5 6 7 9 10 16 19 20 26 27 29 30 32 36 38 39 40 44 48 49 52 54 58 60 61 62 64 65 66 67 68 71 72 74 76 78 79 80 81 82 84 85 86 88 90 91 97 98 100 103 104 
46 1 6 8 12 17 18 20 21 22 24 25 27 29 30 32 33 36 39 41 43 44 47 49 54 57 58 60 65 69 73 76 83 84 85 86 87 88 90 92 94 97 98 100 101 102 103 
64 1 4 5 6 10 11 12 13 14 16 18 20 23 24 25 27 29 30 32 34 36 37 38 39 40 42 44 45 48 50 51 52 53 54 56 57 60 61 63 66 67 68 70 71 72 74 75 76 79 80 81 82 83 84 86 92 93 94 98 100 101 102 103 104 
59 0 2 3 4 5 6 10 13 16 19 20 22 25 27 30 31 34 35 40 41 44 45 47 49 51 52 53 56 57 58 59 60 61 62 66 68 71 72 73 74 76 78 79 80 81 82 83 84 86 88 89 93 94 97 98 100 101 102 104 
56 0 1 3 4 8 11 12 13 14 15 16 20 21 22 25 26 28 30 32 34 36 38 44 46 49 50 53 55 58 59 60 61 62 63 64 65 68 70 71 77 78 79 80 82 86 88 89 94 96 97 98 99 100 101 102 104 
53 0 3 4 5 6 9 11 12 16 18 19 21 22 24 25 30 33 36 37 42 44 46 47 48 50 51 54 55 57 58 59 61 62 64 65 66 69 71 77 78 79 82 84 85 87 89 91 92 96 97 98 101 103 
48 1 7 8 9 12 13 14 15 20 21 25 26 31 32 33 34 36 38 39 40 41 44 48 50 53 56 57 60 61 62 63 64 66 74 75 77 78 80 88 89 91 92 93 97 98 99 101 102 
57 2 5 7 8 11 14 16 18 19 20 21 22 23 25 26 27 31 32 33 34 35 36 38 41 47 51 52 54 55 56 58 60 61 64 67 69 70 74 75 77 79 80 81 82 83 84 88 90 93 96 97 98 99 101 102 103 104 
56 4 5 11 12 13 15 18 19 20 21 22 26 27 30 31 32 33 36 37 39 40 44 48 50 52 54 56 59 60 62 64 65 68 69 71 72 73 74 75 77 78 79 80 81 83 87 89 90 91 92 94 95 100 101 102 103 
54 0 1 2 3 5 6 8 9 11 12 13 15 16 22 24 25 28 29 30 34 35 36 38 39 40 42 43 45 47 49 52 53 54 55 56 57 58 60 64 73 75 76 80 81 83 86 87 92 93 95 96 97 100 102 
57 0 1 2 3 6 7 8 9 10 11 13 15 18 19 20 25 30 31 32 34 35 37 38 41 42 43 44 46 47 53 54 55 57 58 59 61 64 65 69 71 74 75 78 79 81 83 84 85 88 90 92 93 95 96 101 103 104 
57 0 1 3 9 10 11 13 14 17 20 21 22 24 26 27 31 33 34 36 37 38 39 40 42 47 48 49 50 51 53 54 56 57 58 59 60 62 67 70 75 76 77 82 84 85 86 87 89 92 95 96 97 98 99 100 101 104 
55 5 7 8 9 13 14 15 17 18 19 21 27 29 30 31 32 34 36 37 38 40 42 43 46 51 52 59 60 61 62 63 66 67 69 71 72 74 75 76 80 82 83 85 86 87 90 91 92 94 95 96 98 100 102 103 
53 0 6 7 9 13 16 20 22 29 30 31 32 34 37 38 39 41 42 43 44 47 49 50 52 53 54 55 56 57 59 62 65 68 71 73 74 75 76 80 82 83 86 87 88 89 90 91 92 93 94 96 100 103 
52 0 3 4 6 8 11 12 15 18 19 21 23 27 28 29 30 33 39 41 42 44 48 49 50 51 55 56 57 61 62 64 69 70 71 73 79 80 82 84 86 88 89 90 91 92 95 97 98 99 101 103 104 
50 2 7 8 9 11 13 14 19 21 22 23 24 25 28 30 33 34 35 36 37 39 41 42 43 48 50 53 54 55 64 66 67 71 72 75 76 80 81 83 84 88 89 91 92 93 95 96 99 101 103 
55 0 1 2 4 5 6 7 10 12 13 14 16 17 19 20 21 23 27 28 29 30 32 34 35 42 43 44 45 54 56 57 58 59 60 61 62 67 68 69 70 71 72 73 74 77 78 79 81 82 87 94 96 97 103 104 
52 1 4 5 10 11 12 15 16 18 20 23 25 26 29 32 38 39 40 44 45 46 49 50 51 52 54 56 58 61 63 65 66 70 71 74 75 76 77 79 80 82 84 86 87 88 90 91 96 99 100 102 103 
45 0 1 5 6 7 8 11 13 19 21 23 24 28 34 35 37 39 41 45 46 47 49 50 53 59 61 64 66 70 72 76 77 79 80 81 84 86 87 88 90 91 93 95 101 104 
54 0 2 3 4 5 6 11 12 13 19 23 27 30 32 34 37 38 40 41 43 46 47 48 49 50 53 54 56 57 60 63 64 66 67 68 69 72 74 77 78 79 80 82 83 84 85 89 90 93 94 95 97 99 100 
56 2 3 5 6 8 9 13 14 15 18 20 21 23 24 25 26 29 30 31 33 34 35 38 40 42 43 44 46 47 49 50 56 57 60 62 64 67 73 75 77 78 79 80 81 82 84 87 90 92 93 94 96 97 100 103 104 
61 0 1 3 4 5 8 10 11 12 13 18 19 20 21 22 24 25 31 32 34 36 37 42 43 44 45 46 53 54 55 56 57 58 59 60 61 62 63 64 66 67 70 71 72 73 74 76 78 79 80 81 82 83 84 91 96 98 99 100 102 104 
49 1 2 3 7 9 10 13 14 15 16 18 20 22 24 25 26 29 30 31 35 36 38 39 43 44 45 47 50 52 54 56 62 64 65 66 67 69 72 73 76 77 81 82 83 86 94 97 98 102 
64 0 1 2 3 4 6 7 10 12 14 16 18 19 21 22 23 24 27 28 29 30 31 33 35 37 38 42 48 49 50 51 53 54 55 56 58 59 60 61 62 63 64 65 66 68 71 72 73 79 80 81 82 84 87 89 92 93 94 96 99 100 101 102 104 
57 0 1 3 4 5 6 7 8 9 11 12 13 15 21 22 23 24 25 27 29 31 34 35 38 40 41 42 43 44 51 52 55 56 58 61 65 67 69 72 73 74 75 78 79 80 81 83 87 88 89 90 91 92 93 96 99 103 
54 0 3 9 11 13 16 19 21 22 23 24 25 26 28 29 33 36 37 40 41 42 44 48 49 54 55 56 57 58 62 63 64 66 67 68 70 71 73 74 75 76 79 80 82 83 86 89 91 92 95 98 100 102 103 
56 0 3 5 6 7 9 11 14 15 16 17 18 19 20 21 22 23 25 26 28 30 33 35 39 40 41 42 44 47 48 49 51 53 54 56 58 59 60 61 66 67 70 72 75 81 83 84 85 89 91 94 95 96 97 100 103 
58 0 1 2 5 7 9 12 13 15 16 20 22 23 24 25 27 30 31 32 34 38 40 41 43 44 45 46 47 48 50 51 55 57 60 61 62 63 64 65 66 67 68 69 71 73 78 81 84 86 89 91 92 94 96 97 101 102 103 
41 1 4 5 6 8 9 18 20 24 26 31 32 33 37 38 41 43 44 45 47 48 51 54 56 61 66 67 68 72 76 79 80 81 83 87 91 96 97 99 102 104 
51 0 1 2 4 6 7 9 10 13 14 17 21 23 25 32 33 34 35 37 40 42 43 45 46 50 53 58 59 60 61 64 65 67 69 71 72 73 75 78 79 80 88 89 90 92 93 94 95 96 97 100 
59 0 2 3 5 6 7 8 9 10 11 14 17 18 20 22 23 24 30 31 32 34 35 39 41 42 51 52 53 54 56 57 58 62 63 64 66 67 68 69 70 72 74 75 77 78 81 83 84 85 87 88 90 91 94 95 96 98 99 103 
56 0 1 2 4 6 7 8 9 10 11 12 15 16 20 23 24 25 30 31 32 34 35 37 41 42 43 45 46 47 48 57 60 61 62 65 67 70 71 74 76 79 80 81 83 84 85 86 90 91 92 93 95 96 101 102 103 
51 3 5 7 10 11 12 14 15 17 18 20 21 22 23 24 25 27 28 31 34 35 42 43 44 45 46 47 48 50 53 55 56 57 58 60 63 65 69 75 77 78 79 81 88 91 97 98 99 100 102 103 
51 0 1 2 3 6 10 11 12 13 14 15 16 20 21 22 26 27 29 30 31 33 35 38 43 45 46 48 49 52 54 55 56 57 59 63 65 68 69 73 78 80 81 82 85 87 89 91 93 101 102 103 
59 0 2 3 4 5 6 7 8 10 12 13 14 19 20 23 24 25 29 32 34 38 39 40 41 45 46 49 51 53 54 55 57 58 59 62 63 65 67 71 72 73 74 78 79 81 83 84 85 88 90 91 92 93 94 97 98 102 103 104 
53 0 4 5 6 7 12 14 16 18 19 20 22 23 24 25 26 27 29 30 32 33 34 35 45 49 50 51 54 55 58 59 62 63 68 70 72 73 75 76 79 82 87 88 91 92 93 94 95 99 100 101 102 104 
51 0 4 7 9 11 13 14 16 21 22 24 27 32 33 36 37 38 40 41 42 43 48 50 54 56 57 58 59 60 61 62 63 66 68 74 75 77 78 85 87 88 89 90 91 92 93 95 96 97 98 102 
61 0 1 2 3 4 5 6 7 9 14 16 17 18 20 22 23 26 27 30 31 32 35 37 39 40 42 45 49 54 55 56 59 60 62 64 65 67 68 70 71 72 73 74 75 76 77 78 80 83 84 85 86 89 91 92 93 95 96 100 102 104 
50 0 3 8 11 14 15 16 17 18 19 23 24 29 30 32 34 35 40 42 43 44 45 46 50 51 52 55 56 57 58 61 63 64 66 69 72 73 74 79 80 82 83 84 88 91 92 94 99 100 102 
54 0 1 2 5 6 12 15 19 20 21 24 29 30 31 33 34 37 38 39 41 43 46 48 51 52 53 54 56 58 59 60 61 62 63 65 72 76 77 78 80 81 82 85 86 88 89 93 96 97 98 99 100 101 103 
53 1 3 6 11 12 13 15 16 17 18 19 23 26 30 32 33 37 40 41 42 43 46 49 52 57 60 61 62 63 64 65 67 68 70 71 73 74 75 78 79 80 81 83 86 87 93 94 95 96 98 99 102 103 
55 3 6 7 13 15 16 18 19 21 22 26 27 28 32 33 35 36 37 38 39 40 41 42 44 46 47 48 49 53 55 58 60 61 66 67 71 75 76 80 81 84 85 86 87 88 89 90 91 94 96 99 100 102 103 104 
57 0 1 3 5 7 8 9 11 14 15 16 20 21 22 24 26 27 28 29 30 33 37 42 43 46 48 49 53 54 55 57 58 59 63 65 67 69 70 71 72 73 76 77 78 80 82 84 85 87 90 91 93 95 96 97 99 101 
48 0 1 5 7 8 12 15 17 21 22 24 25 26 27 28 29 32 33 34 38 40 45 46 47 48 50 52 53 55 57 59 60 61 67 69 70 72 76 78 81 85 86 92 96 97 98 100 104 
53 0 1 3 4 5 8 10 11 13 16 20 24 26 30 31 32 34 36 38 39 40 43 44 46 47 51 56 57 59 60 62 63 65 66 68 70 72 74 77 79 80 81 82 84 85 87 88 89 91 92 96 100 102 
54 0 1 2 4 7 8 10 11 12 17 19 21 25 26 29 30 31 36 37 38 43 45 47 49 54 55 58 59 60 64 65 66 68 70 71 72 73 74 75 78 79 80 81 85 86 89 90 95 97 98 99 101 102 103 
66 0 1 2 3 5 9 13 14 15 16 17 18 20 21 22 23 24 25 26 29 30 31 33 34 35 36 38 40 41 44 48 50 51 52 54 56 57 58 63 65 67 68 69 70 71 72 74 75 77 80 81 82 86 87 88 91 92 94 95 96 97 98 99 100 103 104 
59 0 3 7 8 9 10 13 14 15 16 17 18 20 25 29 32 34 35 36 38 39 40 41 42 44 45 46 47 48 49 50 52 53 54 55 56 57 61 62 67 68 69 70 72 79 80 81 82 83 84 86 87 90 92 96 97 98 102 104 
