70:105
27 0 1 4 5 6 15 17 25 28 35 46 49 51 59 60 65 68 70 73 75 80 84 86 92 94 95 97 
26 0 2 14 19 24 26 32 40 46 47 48 53 55 59 66 68 71 72 74 77 81 85 95 96 97 99 
26 4 5 9 12 17 18 19 22 23 32 42 44 48 51 54 56 62 65 75 84 86 87 90 92 100 104 
30 0 8 10 22 24 26 30 37 46 50 51 54 56 57 60 63 67 72 73 75 76 82 83 84 86 87 93 94 95 100 
24 8 9 12 17 20 39 41 48 50 54 57 59 61 62 63 64 71 75 77 82 85 89 98 101 
31 4 5 7 13 18 19 23 26 28 33 38 40 45 52 61 63 64 65 66 69 70 79 80 81 82 83 85 89 92 95 102 
26 3 6 7 9 13 15 18 22 29 33 41 44 50 53 57 66 76 77 80 85 90 92 96 98 99 104 
26 2 9 14 19 20 26 34 35 47 48 49 54 56 57 58 60 62 67 68 75 77 79 80 84 96 104 
30 2 3 5 6 9 10 11 16 19 24 28 30 31 33 34 39 43 44 47 49 54 68 77 78 80 86 87 90 92 98 
26 0 3 8 12 13 14 16 17 20 29 33 34 48 51 61 67 68 70 85 86 87 92 94 96 99 103 
38 0 2 4 8 9 11 12 14 15 16 20 23 30 33 42 44 45 46 51 52 54 60 65 67 69 70 73 78 79 80 81 86 87 90 94 97 100 103 
33 0 1 2 4 6 11 13 16 18 26 27 28 31 33 34 37 39 45 53 59 60 64 73 75 76 78 79 88 91 93 99 101 103 
24 1 6 7 9 16 18 24 25 31 35 37 38 39 43 57 61 67 73 74 83 85 86 97 98 
28 3 14 15 19 25 26 30 41 42 44 48 49 57 62 67 68 69 71 72 76 78 79 89 95 97 99 100 102 
28 3 10 14 19 22 25 28 29 31 33 38 40 41 42 47 49 58 60 65 66 70 73 81 86 87 89 95 100 
27 0 1 5 16 17 24 33 37 38 39 48 53 57 58 64 65 66 73 76 77 79 81 83 85 87 98 100 
26 0 6 7 14 16 21 22 29 37 41 46 47 54 61 64 70 71 76 88 89 92 94 95 97 98 101 
32 6 7 12 16 25 27 29 35 37 38 39 43 44 45 47 49 51 53 56 57 60 69 77 80 83 85 88 92 93 97 102 103 
21 5 10 13 15 17 22 28 29 32 35 45 48 54 55 57 60 63 64 79 83 94 
23 0 9 11 20 22 24 27 28 32 36 44 48 49 50 55 56 61 68 71 82 86 91 103 
23 0 3 4 5 11 15 24 32 35 36 49 51 58 59 62 65 74 79 82 91 97 98 101 
25 6 7 13 14 23 25 31 32 35 38 40 41 45 47 55 63 70 76 77 82 84 90 98 101 104 
24 2 12 15 21 24 28 40 42 43 44 45 47 51 55 72 77 81 87 88 89 95 97 98 100 
24 11 12 14 18 22 27 31 33 36 41 43 44 45 50 51 53 63 66 77 86 88 95 96 99 
18 8 9 15 19 22 25 28 35 41 48 49 55 64 69 81 88 89 97 
29 1 8 9 13 17 18 24 26 30 36 39 44 45 48 52 55 62 64 67 68 70 78 84 85 89 91 98 103 104 
23 7 13 19 20 25 26 43 45 49 54 55 67 70 71 72 77 78 80 85 87 96 100 103 
28 0 3 6 13 20 24 32 38 39 41 47 52 54 55 60 61 62 63 67 69 72 74 79 81 90 96 98 99 
30 2 4 5 7 10 14 20 21 28 29 31 36 37 39 40 53 62 63 68 71 74 75 80 82 83 88 90 92 97 100 
29 3 15 19 20 24 29 31 33 34 35 41 42 46 53 54 56 61 67 68 69 71 77 79 81 83 85 86 96 97 
26 4 5 9 11 12 13 16 21 25 27 31 32 35 41 44 45 48 52 66 67 71 73 74 76 82 87 
32 5 8 9 15 19 33 35 36 37 41 42 43 46 47 49 51 55 58 63 66 70 73 76 80 84 86 88 89 90 95 100 101 
30 0 1 3 9 11 12 14 15 21 23 24 26 27 34 39 47 50 59 61 63 72 74 75 76 77 78 79 86 98 100 
20 10 17 19 20 27 29 35 38 46 57 60 64 69 70 73 82 86 97 101 104 
24 0 5 7 15 28 32 38 39 45 47 48 53 55 62 65 67 71 73 76 78 80 95 98 100 
26 0 5 6 7 17 18 21 29 31 35 38 41 42 43 47 58 59 62 65 70 73 77 81 86 87 100 
28 1 8 23 26 28 29 32 34 40 41 51 54 55 62 64 68 69 72 74 81 84 88 89 94 96 98 101 104 
30 10 15 16 19 26 31 33 36 37 48 51 53 55 59 63 65 67 68 76 81 83 91 92 94 95 98 99 100 101 104 
22 2 7 15 18 22 25 28 35 43 47 48 66 70 72 74 76 79 80 89 95 98 101 
26 3 5 6 9 20 25 26 42 46 50 55 57 58 62 66 67 68 72 78 80 84 87 91 95 98 101 
22 3 10 13 14 16 18 21 22 24 27 30 38 48 51 60 61 70 71 76 95 99 102 
29 8 11 13 17 18 30 43 47 49 53 54 60 61 62 65 67 68 75 78 79 83 88 91 93 95 98 100 102 104 
19 5 6 11 14 22 23 29 37 38 39 42 55 57 62 79 83 86 101 104 
27 0 1 6 7 8 15 21 26 39 43 45 47 52 59 61 66 73 75 77 78 80 81 83 89 92 96 99 
31 1 4 11 19 22 26 30 32 35 39 42 54 57 58 60 63 68 70 72 73 74 75 80 83 87 88 91 95 96 98 101 
21 2 20 24 26 27 34 37 40 49 52 55 56 62 63 69 85 87 88 93 95 100 
30 1 4 5 6 12 14 15 28 39 40 42 45 47 52 55 62 66 70 74 75 78 83 88 90 92 93 99 100 102 104 
24 3 4 5 8 9 10 20 22 26 27 30 49 50 62 64 67 69 76 77 80 81 82 83 97 
28 2 10 12 15 16 19 20 29 37 38 39 43 46 47 50 51 57 59 60 64 74 85 86 87 88 90 91 97 
26 1 2 3 6 15 24 27 28 29 34 36 37 38 45 53 58 66 67 71 72 82 88 93 98 100 101 
24 1 9 15 22 25 28 30 32 33 38 42 48 52 61 64 68 72 74 83 86 87 95 103 104 
22 5 17 23 28 29 31 33 37 39 49 55 61 76 78 83 85 86 91 98 102 103 104 
34 3 5 14 21 22 24 25 27 30 31 34 44 45 46 55 58 59 62 63 68 74 75 77 78 80 83 86 89 91 94 95 96 99 101 
28 1 2 3 4 5 18 19 21 22 23 31 35 45 49 52 53 62 68 71 72 78 81 84 89 94 99 101 102 
22 6 11 12 21 23 38 44 48 50 55 60 62 72 75 76 79 81 85 92 98 99 102 
26 8 11 18 19 26 33 37 41 42 43 47 48 50 59 61 67 68 70 76 79 82 84 98 99 101 102 
31 8 12 16 19 20 22 26 27 31 32 33 36 37 39 50 51 60 61 62 63 66 68 74 75 76 77 81 86 88 92 98 
19 5 8 10 13 15 18 26 28 36 37 42 49 51 62 71 78 82 95 101 
30 3 4 9 12 13 17 25 26 31 33 34 37 39 46 50 56 57 58 62 64 65 73 78 81 82 85 88 89 91 96 
24 1 4 5 9 15 16 23 25 26 34 36 42 51 55 58 62 68 79 81 82 89 93 94 98 
19 23 25 30 38 43 44 45 46 52 55 64 68 72 76 80 81 93 94 102 
27 1 5 10 16 21 23 30 31 38 45 46 47 49 53 58 59 62 63 65 70 74 75 77 80 97 99 100 
26 6 12 16 17 24 26 27 31 32 35 36 37 41 47 48 50 64 68 73 79 84 89 92 96 99 103 
24 4 10 11 16 20 21 26 29 35 37 41 51 55 56 58 62 68 74 77 83 91 92 100 104 
26 12 19 20 24 25 30 32 33 34 35 38 39 42 46 51 57 70 74 80 85 86 92 97 99 100 104 
27 0 1 9 13 14 19 24 29 30 37 39 42 47 49 57 67 70 75 77 79 80 85 93 97 102 103 104 
25 3 6 12 13 15 17 21 29 33 35 50 54 57 61 62 64 67 75 76 79 83 88 94 97 103 
44 1 5 6 7 8 12 13 14 21 25 26 27 28 29 31 32 36 39 41 42 44 45 49 54 55 56 57 58 61 65 66 67 70 71 72 75 77 79 81 84 92 95 98 102 
26 2 13 14 17 23 27 33 39 40 47 51 53 57 65 69 70 74 79 80 82 83 87 90 91 96 104 
19 21 26 34 36 44 45 46 47 55 56 59 63 75 77 84 87 93 94 102 
