70:70
31 6 7 10 11 14 15 16 17 27 29 31 32 34 36 37 38 39 49 51 52 53 54 55 56 57 58 61 62 65 67 69 
35 0 2 4 7 9 10 11 13 15 17 18 19 20 22 23 25 27 32 36 39 41 45 47 48 49 50 57 58 59 60 62 63 64 65 66 
34 2 3 5 7 8 9 14 15 16 17 19 20 24 25 26 29 31 37 39 41 43 47 50 51 53 54 56 57 60 61 62 63 65 68 
31 1 2 4 5 6 8 9 13 16 18 23 24 26 27 28 31 33 37 40 41 44 45 47 48 56 59 60 63 64 65 68 
39 2 3 6 8 9 11 12 13 15 16 20 21 23 24 26 27 30 31 33 36 38 39 40 42 44 45 47 49 51 54 55 58 59 63 64 65 67 68 69 
30 3 4 6 9 10 12 13 16 17 18 22 24 26 27 29 30 32 33 35 38 47 48 53 60 61 62 63 64 67 69 
41 1 4 5 6 9 11 12 13 14 15 16 17 18 19 21 22 23 25 26 28 31 32 36 37 41 43 45 46 48 49 51 54 56 59 60 61 62 64 65 66 67 
30 1 2 9 10 13 15 20 22 24 25 28 30 31 32 36 39 40 44 45 47 49 52 54 57 58 59 62 63 64 69 
44 2 3 4 5 6 8 9 10 11 13 15 17 18 20 21 23 24 26 27 30 31 32 37 38 39 40 42 43 45 47 48 49 50 52 53 54 56 60 61 62 64 66 67 68 
29 0 2 4 5 9 12 13 15 16 19 21 27 30 31 39 42 44 45 46 47 48 49 52 53 55 57 60 63 68 
36 0 1 2 3 4 5 9 16 18 21 23 25 26 30 32 33 34 35 37 38 40 42 43 45 51 52 53 58 59 60 62 63 64 67 68 69 
39 1 2 3 6 7 9 10 11 12 15 16 17 18 22 24 27 30 31 32 33 34 37 38 40 41 42 44 46 47 48 49 50 56 60 62 64 65 66 67 
31 1 4 5 7 8 9 10 13 14 16 18 20 23 24 29 30 33 36 41 42 43 48 49 50 51 53 56 57 63 65 69 
39 0 1 5 6 9 11 13 14 15 16 17 18 20 23 25 26 28 30 31 32 36 37 38 40 41 42 45 46 47 49 51 52 53 54 55 62 65 68 69 
40 0 1 2 4 7 12 13 14 16 18 19 22 24 28 30 32 33 34 37 40 42 43 47 48 49 50 53 55 56 57 58 59 60 61 62 64 65 66 67 69 
38 2 3 4 7 8 9 10 11 18 20 23 24 28 30 32 33 34 35 36 38 39 41 44 46 48 49 53 54 55 56 58 59 60 61 62 65 66 67 
37 2 4 5 6 8 9 10 12 13 15 16 17 18 21 23 24 26 27 28 29 34 35 37 41 43 44 46 47 49 60 63 64 65 66 67 68 69 
33 0 1 2 4 9 12 16 19 23 25 26 27 30 31 32 34 36 38 39 41 42 43 45 47 49 52 57 58 60 61 64 66 68 
42 1 2 3 4 5 6 7 8 9 10 14 16 17 18 19 20 24 25 29 33 35 36 37 38 39 42 44 46 48 50 51 53 54 55 56 57 58 59 63 66 67 68 
36 2 5 8 9 11 13 14 15 21 25 27 31 34 35 36 38 39 40 41 43 46 47 48 51 52 53 57 59 60 61 62 64 65 66 68 69 
35 0 2 8 9 12 16 18 19 21 23 24 25 26 27 28 31 32 34 37 40 41 43 46 47 48 49 51 52 53 54 55 61 62 64 69 
37 1 2 4 5 6 13 15 18 19 20 22 23 25 26 27 28 30 31 35 37 38 41 42 44 45 47 50 51 55 56 58 59 64 65 66 67 69 
31 0 1 2 3 5 8 13 18 20 24 26 28 31 32 36 37 41 42 44 45 46 47 49 52 56 57 58 60 63 65 69 
39 1 3 4 5 6 7 8 11 13 17 19 22 23 24 29 30 31 33 34 36 37 38 39 40 42 43 45 48 50 53 56 61 62 63 64 65 66 67 69 
40 1 2 3 5 6 7 9 10 14 16 17 18 19 20 21 22 23 25 30 31 33 34 35 39 41 42 45 47 49 50 52 53 57 59 60 61 65 66 67 69 
42 1 2 4 5 6 9 13 14 16 18 19 20 21 22 24 26 32 33 34 35 38 39 44 45 46 47 49 50 51 52 53 54 56 57 58 59 61 64 65 66 68 69 
33 2 5 10 12 14 15 16 17 18 19 21 22 23 24 27 33 35 37 39 40 41 43 45 46 47 51 53 56 57 58 63 65 67 
28 4 9 10 13 15 19 23 24 26 28 30 34 37 38 40 42 45 46 51 52 55 56 58 61 64 65 66 68 
35 5 12 13 14 20 22 23 24 25 26 27 28 30 32 36 39 40 43 46 48 50 51 52 54 56 59 60 61 62 63 64 65 66 67 69 
29 0 4 8 12 13 18 20 23 24 25 28 29 32 34 38 41 44 45 48 51 53 56 57 58 60 61 62 66 67 
37 0 1 3 4 5 6 8 9 13 14 15 16 18 19 20 22 23 24 25 26 28 31 34 35 40 42 47 48 50 51 52 58 59 61 62 67 69 
34 0 1 6 9 11 13 19 21 22 23 26 27 28 32 34 39 40 41 44 46 48 50 51 52 53 54 56 60 62 63 64 65 66 68 
38 0 1 2 5 6 7 8 10 11 13 15 17 21 22 23 25 28 31 36 37 38 39 41 43 46 49 50 52 56 57 59 60 61 62 64 65 67 68 
36 0 1 2 7 8 9 10 12 13 18 21 23 24 29 30 31 32 34 36 38 40 41 43 45 46 49 50 53 54 62 63 65 66 67 68 69 
32 1 5 8 10 11 12 15 17 18 19 20 22 23 28 35 37 38 39 41 43 44 45 47 50 52 54 55 60 65 66 68 69 
28 1 3 6 7 10 11 13 14 18 23 25 29 30 31 35 37 44 45 46 50 54 55 56 58 60 61 62 64 
39 0 2 3 5 6 7 9 11 14 15 17 18 20 21 22 25 26 28 29 30 32 33 37 40 43 44 45 46 47 50 53 54 55 59 60 61 64 66 69 
30 3 4 5 8 9 10 12 16 19 22 24 26 31 34 36 37 39 40 42 44 46 47 50 56 61 64 65 67 68 69 
32 1 7 8 9 12 13 14 16 17 21 22 23 24 25 26 29 31 37 41 43 47 48 50 53 54 55 59 60 64 65 66 69 
34 0 2 3 4 5 8 10 11 13 16 17 18 19 21 23 24 28 33 36 38 40 43 44 48 49 53 54 55 56 62 63 65 67 69 
33 1 2 4 5 6 7 9 12 13 14 15 17 18 19 22 23 24 28 30 31 33 35 37 41 42 43 47 57 59 61 62 65 66 
40 0 2 6 7 8 9 10 11 13 14 15 20 22 23 24 26 27 28 30 33 35 36 37 39 40 41 43 44 46 47 48 49 51 53 55 57 59 60 62 67 
38 1 3 4 9 10 14 15 16 18 20 21 22 23 25 26 28 29 34 36 39 42 43 45 48 49 50 54 56 57 59 61 62 63 65 66 67 68 69 
36 4 6 7 9 10 12 15 16 20 21 22 23 25 27 28 35 36 38 40 43 45 46 47 48 50 51 52 53 55 56 57 60 61 62 63 67 
31 3 7 10 14 18 20 21 22 25 27 28 29 30 31 34 37 39 40 42 43 44 47 48 50 52 53 54 56 65 66 67 
38 5 6 7 8 10 11 12 13 17 18 21 22 25 27 29 30 31 32 34 38 39 40 41 45 46 47 50 54 57 59 60 61 63 64 66 67 68 69 
33 0 3 4 5 7 9 14 16 17 19 21 23 26 30 31 32 33 34 35 39 40 42 44 52 54 56 57 59 61 62 63 67 69 
33 5 6 9 14 15 18 21 22 24 29 30 32 33 34 36 39 40 41 42 43 44 45 46 47 49 51 54 55 61 62 63 64 68 
36 0 1 3 5 8 10 12 15 18 20 21 22 23 24 26 27 29 34 35 38 40 41 42 43 44 45 49 51 52 53 59 62 64 65 66 69 
29 0 1 7 11 13 15 17 22 25 28 30 31 35 36 40 41 42 43 44 46 47 48 49 54 56 57 58 59 64 
28 0 4 5 6 7 8 12 16 17 18 19 25 26 30 31 33 37 38 44 48 54 55 56 57 60 61 64 69 
44 1 2 3 4 6 8 9 10 11 13 14 15 16 17 20 23 25 28 29 33 34 37 40 41 42 43 44 45 46 47 48 49 50 51 53 54 56 57 59 60 62 63 65 68 
32 1 5 8 12 14 17 21 22 25 27 29 30 31 35 36 38 39 41 42 44 45 50 55 57 59 61 63 64 66 67 68 69 
28 6 7 12 16 17 18 24 25 26 28 29 34 35 36 37 40 41 43 45 46 54 57 58 61 62 63 68 69 
33 1 3 7 8 9 11 14 15 16 18 23 24 26 27 28 32 33 34 38 39 41 49 50 52 53 54 55 57 59 61 62 65 69 
33 0 2 4 7 9 10 11 12 15 16 17 18 20 21 22 23 25 29 32 33 36 37 41 42 51 52 57 61 62 65 66 68 69 
27 2 4 5 6 9 11 14 19 20 28 29 30 34 35 38 39 40 41 43 44 50 53 55 58 61 63 67 
30 1 2 3 4 5 6 7 10 11 15 17 20 22 23 24 25 26 31 32 36 37 39 41 42 43 48 52 55 56 58 
36 1 3 5 6 13 14 15 16 17 18 20 25 27 28 29 31 34 38 40 41 42 44 46 48 49 50 51 52 54 55 56 59 64 65 66 69 
33 1 3 4 6 7 8 9 11 13 14 16 17 22 23 24 26 27 29 31 32 33 35 38 39 41 44 48 49 50 54 59 62 69 
33 2 3 4 5 6 10 11 14 18 22 23 26 27 28 31 32 36 39 43 44 45 47 49 52 54 56 57 58 60 64 65 68 69 
39 1 3 4 5 6 7 8 9 10 12 14 15 16 19 20 21 23 25 26 27 33 34 35 36 37 38 42 44 46 48 52 55 56 57 61 62 64 65 69 
34 4 9 11 14 15 17 18 20 21 25 28 32 36 37 39 40 41 42 44 46 47 48 49 51 52 53 55 56 58 62 63 64 66 68 
33 2 3 4 5 6 7 8 9 13 14 16 19 20 22 23 26 27 29 34 35 36 37 39 41 42 46 48 49 50 56 57 59 68 
37 0 2 4 6 12 15 17 18 19 20 21 23 28 29 30 34 35 38 39 40 42 43 47 49 51 52 54 55 56 57 59 60 61 62 63 64 65 
36 1 2 3 5 7 8 11 12 16 20 21 22 23 24 25 28 30 35 36 41 44 45 46 47 48 49 50 51 52 53 57 61 64 65 67 68 
36 5 6 8 9 11 13 17 18 20 27 28 29 30 31 34 35 37 38 39 41 42 43 44 46 47 48 49 50 51 52 58 59 61 64 66 67 
26 0 1 5 10 12 13 15 20 22 25 26 27 28 29 31 34 48 54 55 56 58 59 60 61 66 69 
38 0 1 3 4 9 11 13 14 15 17 18 19 20 21 22 23 26 27 30 31 33 34 36 37 40 43 45 46 47 48 49 55 59 61 63 64 66 68 
41 0 1 2 3 5 6 10 11 14 16 19 20 21 24 25 32 33 36 37 39 41 42 43 45 47 48 49 51 52 53 56 58 60 61 62 63 64 65 66 67 68 
