70:70
21 3 4 5 6 13 18 21 23 24 25 36 38 40 42 43 48 53 57 59 61 67 
15 2 6 7 8 11 16 31 40 41 53 54 55 61 63 68 
14 0 2 4 14 20 25 28 29 31 38 44 47 48 51 
25 1 4 5 6 8 9 13 14 15 16 19 20 21 24 25 30 33 36 40 48 49 51 52 55 67 
19 6 8 11 21 24 25 26 28 32 35 39 41 42 53 54 56 61 63 65 
14 2 8 9 14 16 18 21 24 25 37 38 53 61 67 
21 1 6 9 10 14 19 22 26 27 29 32 34 35 36 46 47 49 50 54 61 69 
19 0 5 16 17 21 23 25 26 27 32 33 37 40 42 44 48 50 55 69 
18 0 8 11 14 15 19 33 34 39 43 48 49 57 61 62 64 65 67 
15 0 4 8 15 18 32 35 48 51 52 54 56 57 61 69 
22 5 7 9 12 14 15 17 18 22 28 32 33 36 38 46 47 50 54 58 59 66 68 
19 2 10 11 12 13 18 30 31 32 33 40 42 43 51 52 53 54 59 64 
21 3 5 7 11 18 19 23 26 27 41 45 46 47 48 51 53 54 55 56 61 68 
16 9 10 12 17 22 30 31 36 43 44 49 54 56 58 64 67 
20 7 9 11 17 21 26 32 34 39 40 42 44 49 52 55 59 62 65 66 67 
19 0 1 2 3 6 7 18 22 27 33 42 43 48 52 55 58 59 61 69 
20 1 5 6 9 11 12 14 22 24 28 33 34 37 41 42 45 51 57 58 67 
20 5 6 7 11 13 15 17 20 29 30 32 41 43 44 48 56 58 62 68 69 
20 0 2 8 11 12 21 22 29 37 39 43 45 50 53 55 56 63 65 66 68 
18 1 3 6 9 14 15 16 17 25 27 32 33 43 46 49 50 56 63 
19 0 1 4 6 15 16 18 19 20 26 28 31 38 47 48 51 53 67 69 
24 1 7 11 12 13 14 22 28 29 31 32 33 37 40 43 49 51 55 57 61 64 65 67 69 
19 6 13 15 18 19 20 22 23 33 34 35 39 47 50 52 53 55 60 68 
23 1 2 7 12 13 14 24 26 28 34 35 39 40 41 42 44 45 52 53 55 58 64 69 
16 4 8 10 12 13 20 31 33 35 45 47 52 54 63 67 68 
16 0 10 11 16 18 29 33 34 35 48 50 54 55 56 57 58 
19 16 19 32 33 34 36 41 45 47 50 51 53 57 60 61 62 65 66 68 
16 1 7 13 14 17 19 27 31 36 43 49 51 53 59 63 68 
22 6 9 12 22 23 24 33 35 37 40 41 42 49 52 53 55 57 61 62 64 65 69 
18 3 8 11 14 17 23 26 33 41 45 46 48 51 52 53 54 55 56 
17 4 7 11 15 16 19 21 28 29 34 52 56 57 61 63 65 67 
21 0 3 8 9 10 11 13 16 17 21 24 27 30 34 39 49 52 53 64 67 69 
17 9 13 19 31 32 33 38 41 44 45 46 49 51 54 56 62 66 
17 1 9 12 15 16 22 24 28 32 34 36 40 41 43 49 54 56 
14 4 6 11 12 16 17 18 21 23 26 28 38 40 66 
13 0 2 9 11 17 21 22 25 38 52 54 58 61 
18 0 3 9 14 20 26 28 30 35 37 39 40 46 47 49 50 54 62 
17 0 4 7 10 12 15 20 27 32 43 45 50 53 55 58 60 69 
23 5 6 7 10 11 12 14 15 17 21 23 25 26 31 32 34 37 44 46 48 49 52 57 
20 3 6 9 16 17 24 26 29 31 33 34 38 39 44 46 47 49 57 60 68 
19 6 12 15 18 27 28 31 33 37 39 41 43 45 47 50 56 57 65 69 
22 1 2 8 10 11 17 19 26 31 34 37 42 46 48 49 53 59 61 62 65 66 68 
18 0 2 3 6 7 9 10 16 24 31 32 33 35 50 51 57 66 68 
16 6 7 9 17 18 23 29 35 37 39 40 41 42 53 64 69 
11 1 7 12 19 20 37 41 55 57 67 69 
16 0 1 2 7 23 27 32 45 48 50 53 57 58 60 63 66 
20 1 3 5 10 24 26 27 30 34 38 39 44 49 50 52 55 60 62 66 69 
17 7 10 12 18 21 22 23 28 33 44 48 49 51 54 55 64 69 
23 0 1 2 5 6 9 12 13 18 21 22 25 26 29 31 35 46 47 57 60 64 65 67 
22 0 6 10 12 17 18 21 23 25 32 37 39 42 44 50 51 52 53 54 61 62 69 
19 5 6 11 14 19 20 23 24 26 43 46 47 55 56 58 61 62 65 68 
15 2 3 6 18 24 26 29 31 34 37 41 45 49 59 62 
18 1 2 11 13 15 16 25 29 38 39 40 45 52 54 56 58 60 66 
18 0 4 12 14 17 27 29 31 33 38 41 46 48 50 57 58 60 65 
20 1 3 7 8 9 11 25 26 28 39 41 45 50 51 52 56 57 63 64 67 
20 5 8 9 12 14 15 16 18 26 28 30 35 39 41 43 47 54 55 67 69 
15 0 6 7 16 18 24 26 31 38 46 57 63 66 68 69 
14 6 8 22 23 28 30 40 44 48 50 54 56 60 69 
19 3 10 11 13 19 20 24 25 26 28 37 40 44 45 51 58 59 63 64 
19 7 10 14 15 17 20 24 25 26 28 34 40 42 44 49 52 55 61 66 
17 4 10 17 24 27 29 30 31 41 42 46 50 51 52 55 57 67 
16 4 10 13 14 18 23 27 34 42 44 45 48 52 53 56 63 
17 0 3 6 9 14 16 17 20 26 32 39 41 42 45 47 52 56 
22 2 5 6 11 19 22 24 31 34 35 37 38 42 44 46 49 60 61 62 65 66 69 
31 1 6 8 13 19 21 22 24 26 27 28 30 35 37 38 42 44 46 48 49 52 55 58 60 61 62 65 66 67 68 69 
18 4 5 7 10 11 15 20 28 37 40 46 49 54 56 59 64 65 69 
21 0 2 8 17 20 25 26 31 36 38 40 44 46 51 52 54 57 58 59 66 69 
17 10 13 24 28 29 33 37 42 45 46 49 50 55 56 62 63 68 
21 3 4 5 6 13 14 15 16 17 21 22 24 28 31 36 40 51 56 60 66 69 
15 11 12 27 30 37 38 39 40 43 46 53 59 62 63 69 
