70:70
21 8 10 13 14 18 19 23 26 29 30 32 36 37 39 43 46 52 57 60 62 63 
17 10 13 14 16 25 34 38 41 44 48 49 50 55 57 61 65 67 
17 1 5 12 14 18 24 25 28 29 35 37 39 47 59 60 61 62 
21 3 5 6 7 8 11 12 13 19 20 22 23 30 34 37 40 43 52 55 63 64 
17 0 4 7 12 14 25 26 33 37 47 54 57 60 61 62 64 68 
25 0 1 2 4 10 13 18 19 21 24 29 32 34 41 43 44 45 49 53 54 57 60 62 63 65 
18 1 3 4 7 10 17 19 20 22 27 29 36 45 46 52 62 64 67 
26 0 4 8 9 13 22 24 25 29 30 34 37 40 41 47 48 49 50 51 53 58 60 61 62 67 69 
21 6 14 18 20 24 27 29 30 36 38 43 44 47 54 55 58 59 60 61 66 69 
16 2 11 14 18 21 24 27 28 34 40 47 48 55 56 62 65 
20 2 3 10 11 13 16 18 22 39 40 41 44 48 52 53 57 60 64 65 67 
19 8 9 11 17 22 23 26 27 33 39 42 44 50 57 59 61 63 65 67 
12 1 6 14 20 21 26 36 43 52 56 61 63 
19 8 9 11 15 17 19 23 24 25 33 36 41 49 51 53 55 59 63 69 
19 0 2 8 9 17 22 27 30 34 36 39 41 47 51 55 58 60 63 66 
19 5 9 11 12 13 14 15 16 19 20 21 25 30 38 46 49 52 61 65 
22 0 5 18 20 21 23 25 27 29 31 33 36 38 39 42 47 52 60 62 65 66 69 
15 1 2 14 17 19 20 23 31 34 45 49 52 56 57 61 
17 0 3 5 6 10 13 14 17 22 25 26 36 46 55 57 63 66 
21 3 5 13 14 15 16 18 22 23 24 27 31 34 37 39 42 43 53 59 62 66 
16 2 16 17 24 25 27 29 30 31 33 41 47 49 53 57 62 
17 1 6 13 14 15 18 22 27 35 41 50 52 53 56 63 64 66 
15 0 1 5 11 12 18 22 23 28 32 45 61 62 67 69 
15 4 9 11 16 20 25 29 31 39 42 48 50 52 57 64 
19 1 3 8 10 11 12 18 19 20 27 40 53 54 55 56 57 63 66 68 
21 6 7 12 14 17 19 20 21 22 24 25 26 29 31 40 44 49 50 54 57 66 
15 6 11 13 17 18 28 35 46 47 53 55 63 64 65 69 
20 1 5 8 9 17 18 21 42 47 49 52 53 56 57 58 59 63 64 66 68 
19 2 7 10 14 17 20 21 26 32 33 43 45 48 54 55 57 61 64 68 
23 2 5 10 11 12 14 15 19 22 29 33 34 36 38 41 42 45 51 58 61 64 65 67 
25 0 1 3 8 9 12 19 20 22 23 24 25 26 32 37 40 46 52 56 58 61 62 65 68 69 
15 3 9 18 25 31 32 44 45 49 51 57 59 62 63 68 
13 1 5 12 14 16 26 40 42 43 48 53 56 58 
21 3 8 14 17 19 31 32 33 35 38 39 42 44 45 47 51 52 53 59 66 69 
15 5 15 19 21 24 27 30 36 41 43 46 47 54 59 63 
24 3 5 7 15 16 17 20 21 23 24 27 31 34 35 38 44 49 50 51 52 53 61 67 69 
19 1 2 6 9 16 20 21 26 31 33 39 43 44 47 55 57 62 64 69 
14 1 7 21 25 26 27 38 39 43 45 51 61 64 68 
21 2 3 7 9 12 19 21 27 36 37 39 40 41 45 47 49 55 57 58 62 69 
23 3 5 6 9 15 18 19 20 21 23 26 31 33 34 35 37 40 46 49 55 61 63 68 
15 8 9 23 24 26 29 30 36 38 49 57 60 65 66 67 
14 1 6 14 26 27 34 40 41 49 59 61 63 67 69 
19 2 6 8 12 13 14 17 18 20 25 28 38 42 45 46 48 58 62 64 
19 0 1 3 6 7 8 15 17 21 29 33 34 35 45 53 55 57 68 69 
24 0 7 9 12 16 21 23 30 33 34 35 38 40 45 46 51 52 53 54 55 59 61 64 67 
19 3 4 5 9 12 21 23 29 35 37 40 44 52 55 56 57 63 65 68 
23 0 1 2 3 5 7 10 14 15 17 20 27 28 35 36 40 49 53 54 61 64 67 69 
19 11 13 17 19 20 26 32 33 41 46 47 50 51 56 58 60 63 65 68 
19 3 4 7 21 24 25 26 29 30 31 32 34 35 36 41 47 55 59 66 
11 1 12 21 24 27 34 37 38 56 57 58 
18 3 6 12 24 26 27 30 35 40 42 43 44 46 49 51 56 66 69 
13 8 15 19 26 32 36 37 39 42 55 56 58 61 
26 1 4 10 11 14 15 17 20 21 28 29 33 38 43 44 46 49 51 55 56 59 60 62 65 66 68 
14 4 6 9 12 17 19 37 38 40 50 54 61 62 68 
18 1 3 10 17 18 19 20 22 26 38 40 45 46 60 61 62 64 65 
15 6 8 14 19 20 22 25 35 42 49 51 56 58 59 68 
15 1 2 11 12 14 24 25 28 30 34 37 39 40 44 62 
20 3 11 15 16 18 22 25 29 33 40 43 44 46 49 50 51 52 53 59 66 
18 0 2 10 13 15 24 26 32 33 39 43 46 48 50 53 58 61 62 
21 2 5 7 8 12 20 21 23 25 29 32 33 35 37 38 41 47 54 61 65 69 
23 0 1 2 4 6 7 14 23 24 25 27 30 35 36 38 39 45 47 49 57 62 64 66 
16 12 13 14 28 33 34 35 36 39 40 43 47 56 59 65 66 
11 2 6 10 32 45 53 54 55 56 62 67 
14 3 4 5 6 7 10 26 32 39 47 49 51 55 60 
15 8 15 17 32 37 38 41 51 56 58 59 60 63 64 65 
18 1 8 16 23 24 26 28 31 35 37 41 44 46 48 56 57 64 69 
17 3 9 13 17 18 24 31 37 45 46 49 50 55 59 64 66 67 
18 1 3 5 11 16 23 24 30 38 41 44 45 47 50 57 58 59 61 
18 0 7 13 15 17 20 24 25 30 31 38 43 44 45 48 55 68 69 
22 2 5 8 12 13 14 16 21 25 30 32 33 38 40 42 46 53 54 56 66 67 68 
