70:35
22 1 2 7 8 9 13 14 15 16 17 18 20 21 22 23 25 26 28 29 31 32 34 
14 0 5 6 13 14 18 20 22 24 27 30 31 32 34 
18 0 2 3 4 7 9 10 12 17 20 21 22 23 24 25 26 29 33 
19 0 1 3 5 6 7 8 9 10 11 13 14 17 18 19 21 26 31 34 
18 3 4 5 6 7 8 10 12 15 17 19 20 23 24 25 26 27 28 
13 2 3 6 9 11 13 15 16 17 18 23 25 26 
17 1 2 3 4 6 7 9 13 14 15 16 19 22 25 26 30 34 
20 0 1 2 3 4 6 8 10 11 13 18 21 23 24 25 28 30 31 32 33 
20 0 1 3 4 5 6 7 9 10 12 14 17 24 25 28 29 30 31 32 34 
18 0 1 2 4 7 8 10 11 15 16 17 18 21 23 24 28 33 34 
22 0 1 2 3 4 5 6 7 8 9 11 12 13 15 18 19 20 21 22 24 30 34 
19 0 1 3 4 8 9 10 13 15 16 18 19 20 21 26 29 32 33 34 
18 2 3 5 7 8 10 11 12 15 18 22 23 24 25 27 30 33 34 
12 1 11 14 15 16 20 21 23 24 25 28 32 
20 4 5 7 8 9 10 11 13 14 15 17 20 21 24 25 27 31 32 33 34 
14 0 6 7 10 12 13 15 17 19 22 27 29 30 31 
20 2 3 4 6 7 10 12 13 14 17 22 24 25 26 27 28 29 31 33 34 
14 0 4 5 9 10 12 16 17 18 19 20 27 30 32 
19 1 2 4 5 8 9 10 11 13 14 15 17 19 22 24 26 27 31 32 
12 0 1 5 6 7 11 12 19 26 27 29 30 
15 0 3 12 13 16 17 18 20 22 23 24 25 26 27 31 
15 1 3 4 5 6 7 8 13 16 21 23 27 31 32 33 
17 0 1 6 7 8 10 15 18 20 23 24 26 29 30 31 32 33 
12 0 2 3 10 11 16 17 21 24 28 31 32 
17 0 5 6 7 11 12 13 16 17 18 20 21 22 23 25 27 33 
20 0 2 4 6 14 16 17 18 19 20 21 22 23 24 25 26 27 29 31 32 
12 0 2 3 7 9 11 12 14 18 19 21 22 
20 0 2 4 6 8 9 10 12 15 16 18 19 24 26 27 28 29 30 32 34 
15 3 5 8 9 15 16 19 20 21 22 27 28 32 33 34 
16 1 6 7 10 17 18 21 22 24 25 26 28 30 31 32 34 
15 2 7 10 13 15 17 20 22 23 24 26 29 31 33 34 
18 0 2 4 5 7 9 10 12 13 17 19 24 26 29 30 31 32 34 
14 4 5 7 8 9 13 16 17 21 23 24 25 29 31 
14 0 3 6 14 15 18 19 21 23 27 28 30 31 32 
19 2 6 7 8 9 10 13 17 18 19 20 21 22 23 24 26 28 29 32 
19 6 9 10 12 13 16 17 18 21 22 23 24 25 26 27 29 31 33 34 
19 1 2 3 4 6 8 11 12 14 16 17 20 21 23 27 29 30 31 34 
15 5 6 7 10 12 19 22 24 26 27 28 31 32 33 34 
17 0 2 3 5 7 9 11 12 14 15 19 21 23 25 27 30 31 
19 0 2 3 4 6 11 12 13 14 16 17 19 20 21 23 26 27 28 33 
14 0 2 8 11 12 13 15 16 18 24 30 32 33 34 
17 1 7 9 10 11 12 13 14 15 18 23 24 25 27 29 30 33 
20 0 1 2 4 5 7 10 13 16 18 19 20 22 23 24 27 28 32 33 34 
15 0 3 8 13 15 16 20 21 22 23 25 26 27 33 34 
15 0 4 6 11 12 13 17 18 22 23 24 25 29 30 32 
16 0 2 3 8 9 10 11 14 18 20 21 28 30 31 33 34 
17 0 1 2 4 6 7 8 9 11 14 18 20 21 24 26 28 30 
18 0 1 5 6 7 11 13 15 16 19 20 21 22 23 25 27 29 31 
18 6 7 8 9 14 15 16 19 20 22 24 25 27 28 29 30 32 33 
16 4 5 6 8 9 10 11 12 13 14 19 20 21 25 27 28 
13 1 5 6 7 8 10 12 16 24 25 28 31 32 
20 2 3 6 8 9 10 12 13 15 17 21 24 25 26 27 30 31 32 33 34 
18 1 5 6 8 9 10 12 15 16 21 23 25 26 27 28 31 32 33 
17 1 3 5 6 9 10 12 18 22 24 25 27 28 30 31 32 33 
18 0 1 4 7 8 14 16 17 19 20 21 22 23 24 28 30 33 34 
21 0 1 2 3 4 7 8 9 10 15 18 19 20 21 25 27 28 29 31 32 34 
16 0 3 5 8 9 12 13 14 15 17 21 22 23 24 29 34 
20 1 2 4 5 7 10 13 15 16 17 19 20 21 22 25 28 29 31 32 34 
13 1 8 9 14 15 17 18 20 22 24 27 33 34 
18 2 4 5 6 8 11 13 14 16 18 19 20 26 29 31 32 33 34 
12 3 6 8 11 12 15 18 20 24 25 31 33 
16 0 1 5 8 9 10 12 16 19 22 23 24 25 26 30 34 
18 0 1 3 5 7 10 12 14 15 16 17 20 22 23 25 26 28 29 
19 0 1 2 5 7 8 9 14 16 17 18 19 20 21 22 24 28 31 33 
21 0 1 2 6 7 9 11 12 13 14 15 19 20 21 22 23 24 28 29 30 34 
19 0 1 5 7 8 9 11 13 14 15 16 17 18 19 22 23 27 28 29 
17 2 4 5 8 11 12 13 14 18 19 23 24 26 29 30 31 34 
11 1 4 6 7 9 12 15 16 18 26 34 
20 1 3 4 5 6 7 8 10 12 15 20 23 25 26 27 28 31 32 33 34 
14 1 7 10 11 13 14 15 21 22 23 24 27 28 29 
