70:105
28 9 13 14 17 18 19 21 25 26 30 32 34 44 48 54 56 57 60 64 66 74 78 82 85 89 90 96 102 
31 0 3 9 14 23 25 27 32 36 37 40 41 49 50 54 59 60 61 65 66 68 73 76 77 80 86 87 88 93 95 103 
18 0 3 8 9 12 13 20 23 32 35 36 37 40 46 60 69 77 95 
25 2 8 13 14 16 21 22 23 25 31 37 38 40 57 64 71 72 73 76 83 84 85 87 94 104 
25 0 9 11 13 15 32 38 45 50 51 58 60 61 63 67 79 82 86 87 88 91 96 98 102 104 
25 0 1 7 9 12 22 29 33 35 37 40 43 45 47 54 58 65 68 73 75 77 78 86 97 102 
19 2 5 6 7 10 11 32 34 39 53 59 63 80 81 82 84 91 93 95 
29 2 4 7 10 20 21 22 23 32 34 43 48 50 53 58 62 63 65 70 71 72 76 77 90 93 99 100 101 102 
19 2 4 18 19 26 34 48 58 60 62 66 70 72 73 78 86 89 92 96 
46 0 2 3 4 8 11 17 19 20 23 24 30 31 33 34 38 39 41 42 47 51 54 56 59 60 61 62 64 67 68 70 71 76 79 80 82 84 85 86 87 89 90 92 95 98 102 
35 1 2 4 5 6 16 17 24 26 31 34 35 37 39 45 48 49 55 56 60 61 67 70 72 76 78 79 84 85 87 97 98 101 102 104 
33 1 2 4 8 9 11 15 17 19 29 33 34 38 45 47 54 58 62 64 65 70 72 74 79 80 83 85 91 94 98 100 101 102 
23 0 6 9 14 23 27 35 45 46 50 51 56 59 60 62 64 72 75 76 82 86 91 99 
24 22 25 26 29 31 37 38 43 44 47 54 56 62 67 75 76 78 80 81 84 87 88 90 96 
21 2 3 9 13 23 29 35 37 38 40 47 49 51 54 58 62 84 94 98 101 103 
29 3 7 8 9 10 11 13 22 26 27 32 39 41 42 43 45 47 52 58 62 63 67 68 70 78 82 95 98 103 
33 1 4 9 13 14 17 18 21 22 26 29 31 32 33 35 36 38 39 43 50 55 56 58 64 67 68 77 91 97 100 101 102 104 
24 6 10 11 13 20 21 22 27 30 37 38 43 45 46 51 57 64 70 82 83 96 97 99 104 
28 1 2 4 7 8 15 16 17 23 27 42 44 63 66 68 69 70 73 74 75 77 82 84 86 91 93 95 102 
23 6 7 8 10 13 18 21 28 29 33 39 42 50 52 55 69 71 76 80 84 91 94 95 
25 4 8 13 15 26 32 33 48 50 54 55 57 59 61 62 63 72 74 77 88 94 100 102 103 104 
29 0 3 6 7 11 13 14 15 17 25 28 29 32 36 40 47 50 51 52 54 57 60 63 71 72 85 88 98 101 
31 3 19 20 21 22 30 31 34 36 37 38 40 41 44 48 49 57 59 64 66 67 69 74 82 88 92 94 95 96 97 101 
31 5 7 9 10 11 15 18 20 22 23 29 32 36 37 40 45 50 51 52 53 60 62 63 70 78 85 88 91 95 97 102 
22 1 6 8 29 30 32 38 39 44 47 48 49 51 53 58 61 73 79 82 85 92 95 
15 4 6 17 19 22 27 28 30 39 42 60 64 77 95 96 
21 11 17 19 22 28 29 38 41 42 50 53 54 56 59 61 62 71 76 94 99 102 
24 0 2 4 5 10 14 23 32 38 40 41 44 48 61 62 63 68 71 81 83 84 93 94 101 
31 1 2 5 7 9 10 11 18 25 26 28 33 34 39 40 42 45 46 56 58 60 61 66 80 81 84 88 91 97 101 104 
35 2 6 9 11 13 14 20 21 23 25 30 33 34 36 44 45 49 50 55 59 61 64 68 70 73 76 77 80 82 85 91 93 94 98 99 
18 0 7 9 34 38 45 47 60 64 66 67 69 79 84 86 93 94 103 
21 5 6 10 16 18 19 21 23 41 42 51 56 59 63 66 68 69 72 81 90 104 
32 4 5 6 7 10 13 16 17 21 32 34 35 36 37 43 51 61 62 64 65 67 69 71 77 78 79 85 87 89 94 96 100 
26 3 7 8 14 18 23 24 29 33 38 39 46 51 52 55 59 61 64 65 67 70 75 85 94 101 103 
22 12 17 18 22 23 26 28 29 35 39 41 45 52 56 58 59 60 68 70 82 90 103 
22 8 11 12 27 31 32 37 41 49 50 51 53 58 61 70 71 78 81 85 90 91 94 
31 3 6 8 10 16 18 20 26 28 30 35 38 40 43 49 50 54 55 56 60 62 64 70 72 81 82 90 92 93 95 99 
27 1 2 4 7 8 13 15 18 22 24 28 40 41 48 49 53 57 61 63 70 71 78 81 84 86 95 103 
31 3 6 13 15 23 25 27 29 34 37 41 42 47 53 55 56 58 63 64 67 72 76 81 82 83 86 90 92 99 101 103 
26 2 3 14 21 34 36 41 42 43 49 52 58 67 69 70 73 78 85 89 91 93 94 96 97 100 102 
28 9 10 12 14 15 24 25 28 29 31 33 36 37 40 41 45 57 62 69 72 74 75 80 84 85 93 100 102 
21 2 4 14 15 29 31 34 39 50 56 74 75 80 83 86 91 92 98 101 102 103 
22 1 3 7 11 19 21 25 37 44 45 51 55 57 59 71 74 79 81 99 101 102 103 
30 0 4 5 12 13 22 24 25 28 38 39 42 43 48 50 53 56 57 58 60 65 72 78 81 83 89 92 96 101 104 
26 3 7 17 24 28 29 36 37 39 41 48 52 59 60 74 75 76 78 84 86 90 95 96 101 102 103 
33 0 5 7 10 13 14 16 18 22 23 27 29 31 37 39 43 44 50 51 52 53 58 64 73 80 83 85 86 92 95 96 99 100 
21 2 7 10 13 14 15 18 23 24 26 28 41 44 52 54 57 58 63 72 86 98 
33 0 2 3 4 10 15 16 18 24 28 29 32 35 37 50 54 58 60 61 63 64 65 68 70 75 81 84 86 89 98 99 102 104 
23 8 13 14 16 23 31 32 42 45 47 48 55 65 67 71 74 80 84 88 91 101 102 103 
21 11 21 23 25 29 35 36 40 48 53 58 62 64 68 82 86 90 95 96 99 100 
21 3 7 8 16 23 26 28 37 45 53 62 70 77 78 83 84 88 89 92 94 102 
33 5 8 22 23 26 27 30 31 32 37 41 43 45 47 51 56 60 62 63 69 72 79 86 87 88 90 91 93 94 95 97 100 103 
23 2 7 10 15 24 29 36 40 41 47 54 57 66 69 72 79 80 89 91 92 96 98 104 
24 7 11 16 17 23 29 30 37 39 45 46 49 62 63 65 71 72 73 86 88 90 93 96 100 
16 1 2 10 22 26 28 35 36 47 48 72 76 79 92 102 103 
18 3 9 32 36 43 50 60 63 65 70 74 82 83 87 89 92 94 100 
26 5 6 7 9 11 13 15 28 31 32 36 37 48 59 61 62 65 67 77 78 83 84 85 86 87 90 
27 7 8 10 14 18 19 27 31 32 33 37 42 43 55 58 64 71 74 76 83 84 86 87 91 96 98 100 
25 1 6 8 9 27 28 29 32 35 39 47 55 61 65 71 73 74 75 78 84 88 96 97 101 103 
18 2 8 10 18 26 35 38 41 42 51 52 66 68 69 72 92 102 103 
24 4 7 9 19 24 25 26 29 31 32 35 46 52 55 57 58 65 74 79 80 87 88 98 100 
24 0 4 5 8 9 18 20 33 34 41 52 58 60 66 67 76 78 85 87 92 94 99 100 101 
32 0 3 7 9 11 15 17 21 22 27 28 30 32 33 40 41 44 45 48 49 53 54 55 65 66 70 72 75 82 90 98 101 
31 5 7 9 12 14 21 23 24 27 28 33 36 40 42 43 45 48 49 50 52 55 58 67 69 72 78 79 81 85 88 93 
23 10 12 19 30 34 35 42 44 47 50 56 63 67 74 81 82 83 87 88 89 93 97 99 
27 5 8 17 18 24 28 35 37 41 43 45 47 51 54 57 58 67 69 70 81 82 84 91 98 100 101 102 
27 0 4 6 29 30 35 42 49 50 53 54 58 59 60 61 63 66 74 75 81 82 84 89 96 99 101 104 
16 1 5 7 10 14 18 21 39 53 56 58 63 78 90 99 104 
26 0 3 5 7 9 17 21 22 23 28 36 37 39 40 43 56 61 64 68 72 73 78 85 90 95 102 
25 1 5 7 9 11 12 16 23 24 35 45 52 53 55 58 59 62 63 64 71 72 82 90 91 93 
