70:35
17 0 1 6 8 9 10 11 12 13 17 18 19 21 23 28 29 33 
18 1 3 5 6 7 9 10 11 12 13 14 15 19 22 24 26 28 32 
15 0 2 3 4 10 11 13 16 17 18 22 25 26 28 34 
16 0 1 4 6 7 9 13 15 17 20 24 26 28 29 32 34 
18 0 1 6 10 11 13 15 16 17 18 19 23 24 26 28 30 32 34 
14 0 8 9 10 15 16 19 20 23 28 30 31 32 34 
19 1 2 3 7 8 9 10 11 12 16 18 19 20 22 23 26 27 29 34 
18 0 1 3 5 8 9 13 14 15 18 19 22 23 28 30 31 32 33 
14 1 2 4 6 7 10 14 18 19 21 22 24 30 34 
22 0 3 4 5 6 7 8 9 10 11 12 13 15 16 18 21 24 25 28 31 32 33 
17 4 5 7 8 10 14 17 18 19 21 22 23 26 27 28 29 32 
18 0 2 4 5 8 12 13 14 17 19 20 22 23 26 30 31 32 34 
22 1 2 3 4 6 7 8 10 12 14 15 18 19 22 23 27 28 29 30 32 33 34 
14 1 2 4 8 12 15 16 21 22 28 29 31 32 33 
21 0 4 5 10 11 13 17 18 19 22 24 25 26 27 28 29 30 31 32 33 34 
21 0 1 4 5 6 7 8 11 12 13 14 16 17 20 21 24 25 26 28 29 34 
14 1 5 12 13 18 19 22 23 26 27 28 29 32 34 
16 0 1 2 5 8 10 14 18 22 23 25 26 27 31 33 34 
17 1 2 3 4 5 7 9 10 11 13 16 18 19 20 22 24 34 
15 0 1 3 7 13 15 17 18 21 22 23 26 29 32 33 
14 1 7 9 10 12 13 17 20 24 25 26 27 28 30 
15 1 2 3 4 6 9 17 23 25 26 28 29 31 33 34 
16 2 3 7 13 14 15 16 17 18 19 20 22 23 28 30 32 
20 0 1 3 5 6 8 9 11 12 13 14 17 21 22 24 25 27 29 30 34 
21 1 2 3 4 5 6 7 9 11 14 18 20 21 23 26 27 29 30 31 32 34 
16 0 1 7 12 13 16 18 21 22 23 24 25 26 27 31 33 
18 1 3 4 5 8 9 11 14 15 16 18 19 23 24 27 29 30 31 
13 0 2 3 4 5 7 8 9 11 18 21 25 26 
19 0 1 4 5 9 13 14 16 17 18 19 21 22 24 25 26 27 29 31 
19 0 2 4 11 12 13 15 18 19 20 21 23 24 26 28 30 31 32 34 
11 1 6 7 9 12 14 18 20 24 29 34 
19 0 1 2 3 4 6 7 8 10 13 15 16 18 20 25 27 29 30 31 
15 3 4 5 11 15 18 20 21 22 26 28 30 31 33 34 
14 6 8 13 15 17 19 21 22 25 26 30 32 33 34 
18 2 5 6 8 9 12 14 15 16 19 20 23 25 26 27 28 30 32 
19 0 3 4 5 8 9 10 14 15 17 22 23 24 25 26 27 29 31 34 
20 0 1 5 7 9 11 12 15 20 22 23 24 25 26 27 28 31 32 33 34 
15 2 5 10 11 12 13 15 16 21 23 27 29 30 31 34 
16 0 2 3 6 8 13 15 16 18 19 22 26 30 31 33 34 
20 0 1 3 4 5 7 8 9 11 12 13 14 17 22 23 29 30 31 32 34 
18 2 5 6 7 8 11 14 16 20 21 22 23 24 26 27 28 31 34 
13 1 3 5 8 9 12 14 15 18 21 22 23 33 
16 0 2 3 9 12 14 15 18 20 21 25 27 31 32 33 34 
12 0 2 11 12 14 15 17 20 22 25 30 33 
17 0 1 2 4 7 8 9 10 11 19 20 21 26 28 30 31 34 
13 4 6 7 10 12 16 19 21 22 23 24 31 34 
15 2 3 4 7 8 13 14 16 18 19 20 22 24 25 29 
19 0 1 2 3 6 7 9 13 18 19 21 22 24 25 26 28 30 32 34 
19 2 3 4 6 7 8 9 11 12 13 15 16 18 24 27 28 30 32 34 
15 2 7 11 15 18 19 22 23 24 28 29 30 31 33 34 
9 3 5 8 10 12 22 28 31 34 
19 0 2 3 4 6 8 10 12 13 14 15 18 21 22 23 25 26 28 30 
17 1 3 7 8 9 10 11 12 13 17 18 19 23 28 29 31 33 
18 0 1 3 7 10 11 13 15 17 19 20 21 25 26 27 30 32 34 
20 3 4 6 9 10 12 14 15 18 20 21 22 24 27 28 29 30 31 33 34 
23 0 1 2 5 6 7 8 13 14 15 17 18 19 21 24 25 26 27 28 30 31 33 34 
21 0 2 4 5 6 7 9 10 14 15 16 17 19 20 21 24 25 29 31 32 33 
15 5 6 7 8 11 12 14 16 17 23 25 26 28 31 34 
18 0 4 5 6 7 10 14 16 17 18 20 22 23 24 25 27 33 34 
18 4 5 6 7 8 11 12 13 14 16 18 19 21 22 23 28 30 32 
16 1 3 4 5 6 7 9 11 12 19 22 23 26 28 30 31 
15 0 1 7 8 16 17 19 20 24 25 26 28 29 30 32 
20 0 2 5 6 12 13 15 16 17 19 21 23 26 27 28 29 30 31 33 34 
15 4 6 10 12 16 17 18 21 23 24 25 26 32 33 34 
17 4 5 6 7 10 11 12 13 14 16 17 19 23 29 30 32 34 
23 1 2 3 5 6 7 8 9 10 11 12 16 18 19 21 22 23 24 26 29 30 32 33 
14 0 3 5 7 9 10 11 16 18 19 22 27 29 31 
19 2 4 8 10 11 13 14 15 16 17 20 21 23 24 26 28 30 32 34 
15 1 2 3 4 6 10 13 16 18 20 22 24 28 29 30 
15 0 1 2 5 9 10 13 15 16 19 21 25 26 27 30 
