70:35
7 12 13 14 15 24 26 32 
9 1 10 13 15 24 25 26 27 31 
13 0 1 6 8 9 10 11 13 18 21 28 31 34 
7 13 16 17 26 30 31 32 
5 7 13 17 19 22 
8 4 7 11 12 19 29 30 33 
9 5 12 13 14 15 17 19 31 34 
12 0 4 6 12 13 15 17 19 20 22 28 30 
9 3 4 6 9 11 25 27 33 34 
6 2 9 12 19 31 33 
8 0 2 11 17 18 20 25 29 
14 2 5 10 13 16 17 18 19 21 22 23 25 29 32 
9 3 6 7 9 11 14 25 26 30 
8 4 5 11 15 18 26 28 32 
9 0 4 6 10 13 22 23 31 33 
8 4 9 13 14 17 25 30 32 
9 1 11 12 15 19 23 25 26 28 
6 5 18 20 21 23 30 
9 1 6 9 13 18 20 28 30 34 
9 6 8 9 13 19 21 22 23 29 
11 0 1 3 4 5 15 18 20 21 25 30 
12 0 1 5 7 8 13 18 24 27 28 30 34 
11 7 8 13 18 20 23 25 26 27 28 33 
8 0 8 9 15 20 23 27 33 
9 2 3 5 9 11 17 18 23 31 
11 0 2 5 11 12 21 22 24 25 26 34 
8 5 7 11 19 23 27 28 30 
7 1 10 14 15 24 27 33 
10 0 6 7 8 9 10 13 20 22 23 
8 1 4 8 12 14 20 25 27 
13 5 6 8 13 16 17 19 21 23 24 28 30 31 
6 5 8 24 27 29 34 
9 3 8 9 14 23 24 29 33 34 
6 4 9 17 18 20 26 
10 4 5 7 9 18 23 25 26 27 34 
9 6 11 13 15 17 21 26 27 31 
12 0 3 4 7 12 16 21 23 25 27 31 34 
14 1 3 7 13 16 18 19 21 24 25 26 28 31 34 
9 4 7 11 16 23 25 29 30 34 
7 4 6 13 17 21 24 28 
10 0 7 16 17 20 25 26 28 31 33 
8 9 10 11 15 20 26 29 31 
10 1 2 5 7 9 20 21 23 24 27 
8 2 5 7 12 14 16 22 28 
7 2 14 16 18 22 30 33 
6 5 13 27 29 32 33 
9 7 9 16 17 21 24 26 27 29 
14 4 10 11 13 18 19 20 22 23 27 28 30 31 34 
9 3 4 6 7 17 18 19 28 32 
12 0 1 2 4 6 9 11 12 16 18 22 26 
9 2 4 6 12 18 20 24 28 31 
8 3 6 8 12 19 26 27 29 
10 0 7 10 12 14 15 16 18 28 32 
10 1 2 4 11 15 16 22 27 28 34 
14 9 10 12 13 15 18 20 21 26 28 29 30 33 34 
9 3 6 9 10 14 17 22 28 33 
6 0 16 22 24 30 32 
12 1 3 7 10 15 16 21 22 23 30 32 33 
6 1 10 14 17 21 22 
9 0 2 4 12 13 16 22 26 29 
7 2 4 7 24 26 29 30 
9 3 14 16 18 20 21 26 27 32 
11 0 1 2 4 5 11 14 17 26 28 31 
9 3 12 13 14 18 20 22 26 31 
12 2 3 4 6 10 12 15 18 19 23 27 28 
9 2 4 9 10 19 20 22 23 29 
12 1 7 8 9 11 13 15 18 22 23 25 33 
10 0 2 5 7 11 13 14 22 26 32 
7 3 17 18 23 24 32 34 
15 4 6 8 10 11 13 14 20 21 22 24 26 27 30 33 
