70:70
19 0 3 10 14 16 17 20 21 25 26 27 36 40 49 52 58 61 62 65 
16 3 7 10 15 17 21 25 40 44 46 54 59 60 63 68 69 
16 3 11 17 27 30 31 32 37 39 40 45 48 49 54 56 65 
13 5 9 11 16 18 30 33 38 39 41 46 54 63 
21 3 4 6 7 9 13 17 19 21 24 25 29 42 46 53 54 56 64 65 67 69 
16 6 10 17 20 21 25 28 30 34 40 46 54 60 62 65 69 
16 5 8 27 30 33 36 41 42 48 49 54 58 60 61 62 64 
18 6 9 14 17 28 29 30 35 36 47 48 53 54 55 59 62 64 66 
22 3 6 9 11 14 16 21 27 30 31 32 34 36 44 45 53 58 60 61 63 67 68 
25 4 8 10 11 13 14 18 22 25 27 28 29 33 36 38 39 40 42 46 50 55 58 65 66 69 
18 3 4 7 13 16 17 23 26 31 37 38 45 51 54 55 57 65 68 
14 1 3 8 13 19 22 23 24 31 41 45 52 62 68 
13 5 21 22 26 29 37 42 44 46 48 53 61 69 
18 0 3 4 16 17 18 24 28 33 37 38 41 43 45 51 53 60 64 
15 3 10 18 21 25 30 35 36 40 42 45 53 56 59 60 
18 2 12 13 18 21 25 26 40 45 46 54 55 60 61 62 65 66 69 
7 13 37 43 48 60 67 69 
18 0 1 4 5 8 10 12 17 18 20 33 36 39 40 44 46 56 63 
22 0 4 5 9 13 14 17 18 22 23 26 30 37 40 42 45 48 51 52 53 54 55 
14 5 17 18 21 28 29 37 38 39 46 48 50 67 69 
20 1 10 11 12 15 19 25 29 32 36 37 42 44 45 51 60 62 63 64 67 
18 3 5 6 10 16 19 24 29 35 40 44 47 49 50 51 57 59 60 
20 4 5 8 20 21 29 30 33 36 46 47 49 52 53 54 55 61 63 64 67 
14 2 15 16 19 22 25 31 37 51 54 55 56 64 68 
15 2 10 11 17 18 23 24 31 41 43 50 59 60 62 68 
15 9 15 27 28 32 35 37 42 43 46 48 56 57 68 69 
16 0 2 3 14 19 21 32 43 47 50 54 58 60 62 63 67 
19 2 3 12 15 21 24 27 37 38 41 42 47 48 50 55 56 58 60 66 
14 4 11 18 21 23 27 32 46 51 54 57 61 65 68 
18 0 15 16 18 27 32 33 35 38 42 44 45 50 51 52 53 58 60 
18 4 8 11 12 14 17 18 21 25 29 30 31 35 41 44 48 58 64 
20 0 10 12 13 15 22 27 31 32 42 45 47 51 52 53 60 61 63 66 68 
16 0 7 12 16 20 21 24 27 28 37 44 45 57 60 66 69 
15 0 8 11 13 15 22 26 27 40 41 44 46 60 61 66 
17 2 5 8 10 12 17 21 29 32 36 37 39 51 58 60 65 68 
13 2 4 8 11 20 25 34 36 41 49 53 64 68 
21 3 12 14 16 18 25 27 31 32 35 36 40 43 44 47 51 55 57 58 65 68 
21 1 2 5 9 16 19 21 22 29 31 36 37 41 44 46 47 54 57 59 60 66 
18 2 5 14 21 22 26 34 35 37 38 42 45 51 55 57 63 64 66 
18 2 7 11 12 15 18 22 23 29 30 33 48 52 56 62 63 65 69 
24 0 2 3 4 9 10 11 13 14 17 18 32 34 37 40 41 42 45 47 51 52 53 60 64 
15 5 7 8 19 23 25 30 31 39 45 46 51 57 59 63 
14 3 8 14 15 23 27 28 30 33 37 38 46 47 53 
21 4 6 7 9 13 20 25 26 31 33 37 40 42 43 46 47 51 56 62 63 66 
12 1 6 8 21 22 28 34 35 37 54 58 66 
16 7 12 18 23 31 34 37 42 45 46 47 48 49 56 61 67 
15 3 10 12 14 17 24 28 34 36 49 54 58 64 67 69 
10 0 5 15 19 21 28 31 37 51 60 
17 9 11 12 18 21 26 27 28 31 39 45 50 53 54 59 65 69 
14 0 8 26 29 30 34 36 39 45 51 54 59 63 66 
22 1 3 4 10 11 12 15 16 21 23 24 26 27 30 34 49 52 53 59 60 62 64 
18 0 1 5 7 8 15 21 22 23 35 36 39 53 58 59 60 68 69 
20 5 12 20 22 23 31 34 35 39 45 46 47 48 51 54 57 58 62 65 67 
20 2 5 11 12 15 19 20 21 22 23 26 27 30 41 42 49 52 56 64 69 
17 7 8 10 13 14 17 20 31 33 41 47 49 56 57 58 60 64 
12 1 3 12 14 27 41 47 49 52 53 57 67 
19 2 4 8 12 20 21 25 28 29 30 33 36 37 42 44 45 50 57 67 
16 5 7 11 15 16 27 29 34 35 40 51 56 57 60 61 66 
17 0 2 3 7 8 9 12 19 25 32 39 46 57 61 65 67 69 
16 0 1 8 15 21 24 28 29 34 35 39 46 47 56 57 61 
22 1 2 4 7 13 19 22 31 36 37 40 41 44 46 51 53 55 56 57 65 68 69 
19 0 2 4 5 8 11 12 19 25 36 41 48 49 53 54 59 62 63 66 
19 4 6 13 16 18 29 30 36 37 42 44 46 47 49 55 56 62 63 66 
17 2 5 6 7 18 26 29 33 34 36 40 48 50 52 57 60 69 
16 3 10 11 16 20 26 28 35 41 51 52 55 56 59 64 67 
22 1 4 11 13 15 19 20 24 25 26 28 31 33 36 43 45 46 48 49 51 57 69 
15 1 3 14 16 19 31 33 35 40 41 42 48 53 54 69 
20 2 11 13 14 17 19 22 24 31 39 40 42 51 54 55 59 60 62 63 68 
23 3 4 5 9 11 12 13 15 16 18 33 37 40 42 44 48 50 52 54 56 60 65 68 
18 0 2 3 5 6 9 14 28 32 36 41 42 44 60 61 64 67 68 
