70:70
34 3 8 15 16 18 19 20 21 24 27 29 31 32 36 38 41 42 43 46 47 49 50 51 52 53 59 60 61 63 64 65 67 68 69 
39 0 2 3 5 6 7 12 13 14 16 18 20 21 22 25 26 29 33 34 37 38 39 40 42 43 44 45 46 47 48 49 50 51 55 56 57 60 64 68 
36 0 1 3 4 7 11 16 18 21 24 28 30 31 32 35 37 39 40 43 44 45 47 48 50 52 55 57 58 61 62 63 64 65 66 68 69 
38 0 1 4 5 6 7 8 9 10 12 14 22 23 26 27 30 33 35 36 40 42 43 44 47 50 51 52 53 55 56 58 60 62 63 64 65 68 69 
36 0 1 2 4 6 7 11 12 13 15 16 20 21 27 28 30 32 33 34 35 41 43 45 46 49 51 53 55 56 58 61 62 64 66 67 69 
30 2 3 7 9 10 17 18 19 21 22 23 24 26 29 33 35 36 38 39 40 46 53 54 55 57 59 60 66 67 68 
29 0 4 5 6 7 8 9 10 13 16 18 19 29 33 35 36 37 40 42 45 47 53 55 56 57 59 62 67 69 
41 1 3 6 8 9 13 14 15 16 17 19 20 21 25 26 28 29 31 32 34 35 36 37 38 39 40 43 46 47 48 49 50 54 56 58 59 60 64 66 68 69 
36 0 1 2 5 8 9 11 14 15 16 17 19 23 25 26 29 30 32 33 36 42 43 44 45 46 47 49 52 53 60 61 63 64 66 68 69 
39 1 2 4 5 6 10 11 12 13 15 16 18 19 20 21 22 23 27 28 29 30 32 36 38 39 40 42 44 45 46 47 48 49 50 56 57 61 62 66 
34 0 1 2 3 5 7 8 10 13 15 19 20 21 29 30 32 33 34 35 38 39 43 48 49 50 54 55 56 57 58 60 61 67 69 
34 0 3 6 8 9 13 14 15 18 22 23 24 25 26 27 30 31 32 33 35 36 40 42 43 44 46 48 51 52 53 59 61 65 68 
34 0 1 2 3 4 5 8 9 10 11 13 14 20 21 22 26 27 28 33 35 40 43 45 48 50 53 55 56 57 59 62 63 67 69 
39 0 1 3 8 10 14 15 16 18 20 21 22 23 25 26 27 30 32 33 34 35 39 41 42 43 48 49 51 52 53 54 56 57 58 60 61 64 67 68 
28 0 4 5 6 8 13 15 16 17 18 19 24 26 27 28 33 34 40 43 46 53 54 56 58 62 63 64 66 
35 2 4 5 6 7 8 9 10 14 15 18 20 21 24 29 30 34 36 37 38 39 41 42 48 49 50 52 57 58 59 60 63 65 66 69 
38 0 1 3 8 11 13 14 15 17 18 19 20 23 26 28 30 31 32 36 37 38 40 41 45 46 47 48 52 53 54 55 58 59 61 65 66 67 68 
32 1 4 6 10 11 20 21 28 29 32 36 38 39 40 41 44 45 48 49 50 51 52 53 55 56 58 59 63 64 65 68 69 
37 1 3 4 8 10 12 14 17 18 19 20 21 23 24 25 30 32 35 36 38 39 40 42 43 44 45 46 47 50 53 54 56 59 60 64 68 69 
37 0 3 5 7 8 9 11 12 15 16 18 19 20 22 24 25 32 34 35 38 40 41 42 43 47 52 55 56 57 58 59 62 63 65 66 67 68 
31 0 1 6 7 8 9 12 18 26 27 31 32 37 40 43 46 48 49 50 51 52 53 54 55 56 58 60 61 63 64 66 
33 1 5 6 10 11 13 19 22 24 25 26 27 28 30 32 34 36 38 40 42 48 51 52 55 56 58 59 61 62 64 67 68 69 
27 0 3 4 7 8 9 12 13 15 18 20 22 23 27 29 33 34 35 40 44 45 53 54 57 58 63 64 
32 2 3 5 9 12 13 16 17 20 26 28 29 30 31 32 33 37 38 42 43 44 45 48 50 52 54 55 56 63 64 67 69 
34 0 1 2 3 4 6 7 8 14 16 25 26 27 32 34 36 37 39 40 44 45 48 49 50 53 54 55 57 59 60 61 66 67 68 
39 2 3 7 14 16 18 20 21 22 25 27 28 29 30 34 35 37 39 42 44 45 46 47 48 51 52 54 55 56 57 58 59 60 61 62 63 65 68 69 
35 1 5 7 8 9 11 12 14 17 19 20 22 23 25 29 32 34 35 36 37 39 40 41 42 43 44 45 47 50 52 54 55 56 63 69 
34 3 4 7 9 11 12 13 15 16 18 19 21 23 26 27 28 30 31 35 37 46 47 49 51 53 55 56 57 59 60 65 66 67 69 
35 1 6 7 10 11 12 13 15 18 19 20 21 22 24 26 32 33 34 35 38 42 45 46 48 49 51 54 56 59 61 62 64 67 68 69 
32 0 8 10 11 12 15 17 19 21 24 25 26 27 28 29 30 32 34 38 42 44 47 48 52 53 55 56 58 60 61 64 66 
35 1 2 4 5 11 15 16 17 18 23 24 25 26 27 28 29 31 32 34 36 38 39 41 43 44 45 48 50 51 53 56 57 60 66 67 
35 0 5 6 12 13 14 20 21 22 23 25 26 30 32 33 35 36 37 39 41 42 45 47 51 53 54 55 58 59 61 62 66 67 68 69 
38 1 4 5 6 9 10 11 12 13 16 17 18 19 20 26 27 30 31 33 34 37 38 39 40 45 46 47 51 52 53 55 56 57 58 59 62 66 67 
33 1 3 4 5 7 9 10 11 13 15 21 22 23 25 27 30 32 35 36 37 43 44 45 48 49 53 55 56 59 64 66 67 68 
38 2 4 6 8 9 13 17 21 22 24 26 27 28 29 30 31 32 33 37 38 39 40 41 42 43 45 46 50 51 52 57 59 62 63 64 65 67 68 
31 1 2 5 9 11 13 14 17 20 28 29 34 35 37 38 43 45 47 48 52 53 54 55 56 60 61 62 64 67 68 69 
27 5 7 9 10 15 16 17 18 21 22 23 26 29 31 35 40 41 42 45 51 52 53 60 62 64 66 69 
31 5 8 11 12 19 20 23 26 27 29 30 31 34 36 37 38 44 45 46 47 49 50 51 53 54 61 62 65 66 67 69 
34 1 2 3 7 11 14 16 17 21 23 26 28 30 32 34 35 36 37 39 41 42 43 45 46 52 56 57 59 60 62 63 65 68 69 
39 1 2 3 4 5 9 12 14 16 19 20 21 23 24 25 28 29 30 31 32 33 34 36 37 38 39 42 45 46 49 52 54 56 57 60 61 64 65 66 
30 0 1 3 5 7 8 9 10 11 12 17 25 26 28 31 33 37 41 43 53 54 55 57 58 60 62 64 65 66 68 
34 1 2 3 4 5 6 7 11 13 16 18 19 21 22 23 24 25 26 28 34 37 42 45 46 47 50 52 57 58 59 63 66 67 69 
26 4 6 11 12 15 16 18 22 23 24 26 28 31 34 35 36 37 39 42 43 44 45 50 51 55 64 
24 2 3 4 6 7 8 12 14 15 17 19 24 25 27 37 38 40 45 47 48 51 58 60 67 
34 0 1 6 8 9 10 18 23 24 25 26 27 29 30 31 32 34 35 36 37 39 42 43 44 45 47 51 52 61 62 63 65 66 67 
43 1 3 4 5 6 7 8 11 12 13 16 19 20 21 22 25 28 29 31 33 34 35 36 38 39 40 41 42 46 48 49 52 53 54 55 56 57 59 61 64 65 67 69 
37 1 5 7 8 9 10 11 12 14 17 19 23 24 27 28 29 30 32 33 35 36 37 38 41 45 46 48 51 56 57 61 62 64 65 66 68 69 
32 0 1 3 6 8 11 13 16 17 19 21 22 23 24 26 27 33 34 35 36 38 39 40 42 43 44 53 55 56 57 61 69 
33 0 1 2 3 4 5 6 7 9 10 15 16 18 21 22 23 25 26 28 31 35 43 45 48 49 52 53 57 58 61 65 68 69 
33 0 1 3 6 7 8 11 17 19 21 22 25 29 31 32 34 36 38 40 42 47 49 53 54 55 56 57 58 59 60 61 63 67 
38 0 5 6 7 8 9 11 13 15 17 18 20 21 27 28 29 30 31 32 34 37 38 39 41 43 44 45 47 48 54 55 56 59 60 61 63 66 68 
39 0 4 5 6 8 9 13 14 15 19 20 24 27 28 29 31 32 33 34 35 36 37 38 39 42 43 44 46 49 50 52 53 55 57 60 61 62 64 69 
39 0 1 2 5 6 7 8 12 13 15 17 18 19 20 22 24 26 27 28 31 32 34 36 37 38 40 48 49 51 52 55 57 61 62 63 64 65 66 69 
39 1 2 3 5 7 11 12 14 15 16 18 21 22 23 28 29 30 32 33 34 35 37 39 41 43 45 46 48 51 52 54 56 57 58 61 65 66 67 68 
33 1 3 4 11 12 14 20 21 22 23 24 25 27 28 31 35 37 39 40 42 43 47 48 49 50 53 57 59 60 62 66 67 69 
41 1 3 4 5 7 8 10 11 15 17 21 22 24 25 26 27 29 30 31 32 33 35 37 39 40 42 45 46 49 50 51 52 55 57 59 60 61 64 65 66 67 
33 0 3 8 9 10 11 13 20 21 25 26 27 28 31 32 33 35 37 39 42 44 45 46 48 49 51 53 56 59 61 65 67 68 
36 1 6 7 9 10 11 12 13 15 18 19 20 25 26 30 31 33 34 41 42 43 44 50 51 52 54 55 56 57 59 61 64 65 66 67 69 
33 0 3 6 7 10 11 12 14 15 17 19 21 22 23 24 25 29 30 36 37 38 39 41 42 45 46 47 50 51 55 56 66 69 
36 0 1 2 4 5 7 8 12 14 15 16 21 23 24 25 27 28 29 34 38 39 41 44 45 47 48 49 50 56 57 58 62 63 65 66 68 
34 0 3 6 7 9 11 12 14 17 18 19 21 23 24 29 30 37 38 40 46 47 48 50 51 53 54 55 58 61 62 64 66 67 69 
34 1 2 6 7 8 9 10 11 12 16 19 20 23 24 26 30 32 34 38 41 42 43 44 46 48 52 53 56 59 61 62 65 67 69 
38 0 3 4 6 7 8 10 11 12 13 15 16 17 18 20 23 28 30 31 35 38 39 40 42 44 45 47 48 49 50 51 52 53 55 62 63 66 67 
28 0 1 11 12 13 14 15 16 23 24 27 30 31 39 40 42 43 51 52 55 56 59 60 61 62 64 65 69 
29 0 4 5 6 7 8 12 14 16 18 21 24 25 26 30 34 35 36 37 38 39 45 46 50 53 56 60 63 66 
36 0 2 3 7 9 13 14 15 16 17 18 19 20 22 23 25 27 28 31 33 35 36 37 38 40 41 43 47 48 49 50 60 62 64 66 67 
36 0 1 3 7 9 12 13 15 17 20 21 23 27 28 35 36 40 41 43 45 46 47 49 50 51 52 54 56 57 58 60 61 62 65 66 67 
38 2 6 7 8 9 10 11 12 13 14 16 18 19 20 21 22 25 27 28 29 31 33 34 37 38 39 40 41 42 45 46 50 51 56 57 61 67 68 
37 0 4 6 9 10 12 15 16 17 21 22 23 24 26 28 29 30 33 35 39 40 41 42 43 45 47 48 49 50 54 55 57 59 63 64 68 69 
38 0 1 2 3 5 6 12 15 17 19 20 21 22 23 25 27 28 29 31 36 38 41 42 46 47 48 51 52 53 59 61 62 64 65 66 67 68 69 
