70:70
21 5 11 14 22 28 30 32 37 38 39 41 42 45 46 51 55 58 59 61 67 68 
20 0 4 5 13 16 17 19 20 28 30 37 44 47 48 52 54 58 63 64 68 
23 7 9 14 23 24 25 26 29 31 32 34 36 37 40 44 50 51 53 54 56 59 62 66 
18 8 10 15 24 25 27 30 32 34 36 39 41 47 48 50 59 61 66 
24 2 3 9 11 13 15 20 21 25 26 27 30 32 33 35 43 45 46 48 51 53 59 65 69 
22 2 3 4 5 6 7 15 16 21 23 25 26 37 42 44 47 48 50 52 57 64 66 
18 1 4 7 9 26 32 35 38 39 41 44 45 48 53 56 58 59 64 
12 4 14 22 27 35 40 41 50 58 62 65 69 
16 2 3 8 11 12 17 23 24 26 40 46 52 53 59 64 69 
18 1 6 11 12 13 14 25 27 33 34 37 43 47 52 53 59 61 68 
12 0 10 13 14 15 22 38 41 42 56 57 68 
16 0 2 36 37 38 43 44 45 48 50 55 59 60 61 62 66 
19 2 4 5 6 9 15 26 30 32 33 35 36 38 39 42 43 51 56 60 
14 1 2 19 27 31 35 36 45 47 50 59 60 62 65 
20 2 3 4 6 10 15 17 19 20 25 27 31 39 40 42 52 59 64 66 68 
9 1 7 30 35 38 55 56 65 68 
19 0 14 20 22 24 26 36 38 39 48 51 53 54 55 59 64 66 67 69 
20 2 3 6 8 10 11 13 14 16 18 20 22 25 40 44 47 53 55 56 68 
16 2 3 4 5 12 20 21 22 31 34 38 41 45 46 57 60 
14 12 13 23 29 31 42 46 47 52 53 55 56 58 67 
13 2 4 9 13 25 26 32 42 47 51 54 56 60 
20 10 13 20 21 27 28 32 34 40 42 46 48 49 50 52 53 54 61 62 68 
21 0 1 6 13 17 21 26 27 29 32 36 37 45 47 48 49 53 55 58 61 69 
21 1 5 13 16 18 20 23 27 30 36 37 38 40 45 46 47 48 52 57 62 69 
25 0 2 4 5 8 17 25 26 30 31 33 36 37 38 39 40 41 45 46 48 53 56 57 59 62 
22 8 11 12 15 16 18 28 29 32 33 34 40 41 42 44 48 60 61 62 63 64 65 
19 4 8 11 16 17 22 24 25 28 33 36 37 39 45 54 56 58 59 69 
25 1 3 4 5 8 16 19 25 32 33 35 36 37 38 39 42 43 44 47 49 50 62 65 67 68 
21 1 2 4 9 17 23 24 26 27 31 33 37 38 40 43 48 55 57 58 61 64 
9 7 24 26 36 44 46 64 66 67 
12 3 7 10 17 20 28 29 42 53 55 61 67 
16 6 10 21 31 32 38 45 46 47 55 60 61 65 66 67 68 
27 4 5 7 9 11 13 15 18 20 21 22 28 30 31 33 36 38 43 48 50 51 53 55 56 60 67 69 
21 6 7 8 9 11 15 19 20 29 34 36 37 39 47 50 52 53 54 60 61 66 
19 1 2 6 11 14 17 19 20 22 24 26 30 39 41 42 43 44 61 66 
19 3 7 9 10 11 14 15 16 22 31 32 36 40 43 46 48 55 59 60 
21 0 7 15 19 23 24 25 27 28 34 35 38 48 49 52 55 61 62 65 67 69 
8 19 20 28 29 31 37 46 65 
21 7 9 13 14 16 21 22 24 29 37 40 41 45 46 48 50 51 53 61 62 69 
16 2 6 8 22 26 27 28 30 35 36 40 47 48 58 61 68 
22 0 1 7 10 16 17 18 19 23 25 30 33 44 52 53 56 57 59 61 62 64 66 
20 0 1 3 4 10 16 19 21 22 23 25 34 38 39 55 56 61 66 67 69 
12 0 5 7 24 27 31 41 48 59 60 62 63 
15 16 17 18 27 28 29 30 34 41 42 45 46 54 63 66 
21 4 6 7 11 13 14 15 19 20 25 26 32 41 45 50 59 60 63 64 68 69 
18 2 26 27 30 34 38 39 40 48 49 50 51 58 60 61 62 63 65 
19 2 7 10 17 18 21 24 31 32 34 40 42 46 47 51 60 63 67 68 
23 1 4 6 7 8 12 15 20 21 34 35 37 38 40 43 45 46 50 53 57 58 64 68 
19 1 3 4 5 6 8 10 11 13 17 26 27 37 41 42 49 54 55 63 
15 7 12 13 20 21 22 27 31 41 46 52 54 57 64 65 
17 0 4 6 10 14 19 20 24 28 30 32 41 47 50 54 55 69 
19 0 12 13 19 23 24 25 28 31 34 35 38 42 52 54 56 57 59 67 
14 2 7 11 14 17 19 20 32 39 46 47 53 66 69 
15 9 13 23 28 31 33 37 38 39 40 42 44 49 56 67 
23 1 4 11 15 16 17 23 28 32 34 38 41 47 50 51 52 54 55 56 59 63 67 68 
25 4 7 16 20 22 27 28 32 33 34 37 39 41 44 47 50 53 54 56 58 59 60 63 65 68 
27 2 3 4 5 7 12 13 16 19 24 28 37 38 39 43 44 45 47 49 50 52 53 55 57 60 61 65 
22 6 11 13 14 18 19 21 23 24 25 32 39 42 43 46 48 53 56 57 61 65 68 
19 0 7 8 14 15 21 22 27 34 35 47 48 50 53 54 55 58 60 69 
13 3 9 12 13 15 21 33 35 46 47 52 57 67 
24 0 1 2 4 6 7 8 10 13 15 16 30 33 36 38 40 41 44 47 56 59 61 62 64 
20 1 6 8 9 10 14 16 18 19 22 27 34 44 47 50 53 59 64 66 68 
21 2 5 9 13 17 19 23 26 27 28 34 38 39 43 49 51 53 55 62 66 69 
14 3 10 11 14 26 30 32 36 44 45 46 52 62 69 
18 0 1 6 11 15 22 24 26 31 34 36 37 40 53 54 60 63 64 
20 3 6 7 8 11 12 13 14 23 24 30 40 42 43 45 48 57 58 59 65 
17 6 8 9 15 18 32 33 35 36 42 55 59 60 61 64 65 69 
16 3 13 16 17 26 30 31 32 40 41 44 49 52 64 65 66 
15 3 4 15 17 25 27 31 35 42 46 48 49 59 67 69 
13 1 4 5 7 9 10 33 41 52 53 58 63 67 
