70:105
34 2 3 4 5 9 11 20 22 25 44 45 46 47 48 49 51 55 58 59 66 70 72 75 77 78 79 80 82 84 85 86 89 92 102 
29 0 3 4 9 14 20 22 33 37 39 44 46 48 51 52 53 54 58 64 66 69 71 78 81 84 85 87 88 103 
25 8 12 17 19 27 30 39 40 45 47 48 50 52 55 56 58 59 61 72 77 80 94 98 101 102 
30 2 3 4 8 12 14 16 18 19 23 46 48 56 57 61 62 71 72 76 79 80 83 84 90 93 97 98 99 102 104 
25 8 14 15 21 24 33 34 40 50 56 61 63 67 68 74 75 76 80 85 91 92 93 94 102 103 
36 0 1 2 3 6 8 11 15 16 18 24 31 34 36 39 42 48 49 50 51 64 66 67 70 71 73 79 82 86 88 91 92 95 97 98 101 
33 2 5 6 7 11 13 15 16 18 21 22 32 34 36 37 50 54 56 57 61 67 69 79 82 83 84 85 86 87 90 96 97 103 
30 6 7 9 10 11 18 19 20 23 33 36 42 50 51 52 54 60 62 64 66 67 70 73 78 85 90 93 99 103 104 
22 14 15 20 28 31 33 34 35 38 39 44 58 68 73 78 79 80 84 91 92 98 102 
19 4 15 18 23 37 49 51 53 54 61 64 71 72 74 77 80 89 99 102 
18 7 8 9 13 15 19 30 31 42 53 54 65 73 80 86 94 97 100 
35 1 7 8 12 14 17 21 22 28 29 31 35 37 40 42 43 46 50 56 59 60 61 62 67 74 76 83 84 87 89 90 94 95 98 100 
27 0 4 5 6 10 12 13 17 20 30 39 40 42 47 49 54 58 61 75 76 80 81 82 85 94 99 102 
27 1 3 9 10 11 14 21 22 30 33 35 37 47 55 56 62 65 66 68 72 86 88 90 93 102 103 104 
29 2 3 7 13 14 16 21 23 25 26 28 32 37 39 42 43 49 52 55 57 61 65 66 68 72 76 84 94 100 
19 3 11 19 29 30 31 32 34 40 50 51 52 60 63 64 66 67 97 104 
20 0 2 4 11 18 40 48 54 55 57 60 61 79 83 85 92 95 96 100 104 
28 2 7 12 15 16 17 24 27 28 30 37 40 41 45 62 64 66 68 71 72 73 76 77 94 100 101 103 104 
23 0 2 3 4 6 24 27 29 30 31 36 41 45 47 65 67 73 75 77 81 83 91 99 
19 17 19 21 25 27 34 40 55 63 65 66 78 81 88 90 93 96 100 104 
25 5 9 11 13 14 15 23 26 28 36 37 41 46 50 55 62 63 66 67 71 75 76 83 85 96 
28 10 12 13 15 19 22 24 26 30 32 37 38 39 41 42 43 44 46 51 61 62 64 81 83 88 93 94 98 
23 0 3 5 14 15 23 26 47 48 57 66 70 71 72 76 77 79 86 88 92 100 103 104 
26 17 23 26 34 37 41 42 47 49 51 56 60 61 62 64 65 68 76 78 83 92 94 96 97 101 103 
18 1 4 6 9 25 28 31 43 48 52 53 61 64 65 70 76 77 101 
26 1 7 11 12 16 17 18 23 36 37 39 42 43 52 58 59 61 65 69 75 84 85 94 96 98 100 
35 0 3 5 10 11 14 15 18 25 27 28 31 32 33 37 39 44 53 55 58 60 61 63 64 65 72 77 78 79 82 89 92 97 100 102 
22 3 14 19 20 27 35 36 39 40 44 46 50 54 55 65 71 75 79 93 98 99 104 
21 11 17 18 22 34 36 38 47 53 57 59 63 67 72 82 86 87 93 95 97 103 
28 6 8 9 16 17 24 27 36 37 40 41 42 50 52 57 61 66 74 79 83 90 92 94 97 98 99 101 104 
24 4 16 17 19 34 41 42 44 47 53 58 62 64 65 70 79 81 82 83 84 87 91 94 99 
24 0 5 8 12 22 24 25 27 37 42 47 49 54 57 64 69 75 76 79 84 93 98 103 104 
28 0 1 2 14 16 19 24 25 33 37 38 39 40 44 47 48 53 56 59 62 68 71 79 80 85 94 95 100 
24 2 4 6 11 15 16 21 30 38 48 51 65 67 79 81 82 84 88 89 90 91 95 100 101 
21 1 7 9 12 20 25 26 30 31 34 40 43 60 73 78 79 82 83 87 89 98 
25 4 10 29 32 33 35 36 38 39 46 47 49 51 57 61 64 65 68 72 73 74 79 82 91 101 
25 2 9 15 19 22 26 37 38 39 42 43 50 54 60 64 65 70 73 76 77 81 86 88 96 102 
22 3 4 15 16 17 21 22 23 26 35 40 41 46 58 62 65 71 87 95 98 100 103 
15 2 8 22 36 39 44 48 52 57 60 66 68 72 78 89 
27 2 6 16 18 21 23 28 29 39 44 47 48 50 55 56 57 59 60 69 74 79 85 88 92 94 100 102 
30 1 4 15 20 23 25 26 27 28 34 36 44 49 52 53 55 56 61 65 68 76 81 88 89 90 92 98 99 101 103 
26 0 4 11 14 19 22 23 24 27 37 45 46 56 59 60 62 67 72 76 78 79 80 91 94 96 104 
27 4 8 13 24 25 26 29 34 42 43 53 54 55 56 61 62 65 66 68 73 76 87 92 96 97 101 104 
30 0 5 6 15 16 18 19 21 29 33 34 35 42 43 44 54 58 60 61 70 72 73 74 76 82 84 88 89 93 103 
31 8 10 12 15 21 23 26 28 29 31 35 36 39 43 45 46 48 50 56 58 60 65 67 76 77 79 90 92 95 98 100 
27 0 3 7 23 25 26 29 30 38 40 43 44 49 58 59 60 61 71 74 78 84 87 92 96 99 101 102 
36 1 4 8 9 12 14 15 16 18 19 21 30 32 35 42 43 45 46 50 57 60 63 68 69 71 74 77 83 87 92 97 99 100 101 102 103 
31 0 11 19 24 25 26 28 30 35 39 47 48 50 51 53 54 56 58 61 63 66 67 70 72 80 87 88 93 97 103 104 
26 4 9 17 20 25 39 43 48 49 51 52 60 62 63 65 72 74 76 81 83 85 90 91 94 97 103 
24 5 10 12 24 25 34 38 39 41 43 47 48 52 59 64 68 70 73 87 88 95 97 98 101 
20 1 9 10 18 28 32 38 42 47 56 59 64 67 72 73 84 85 87 90 91 
34 2 3 9 13 16 21 23 27 31 35 38 41 42 44 47 48 56 57 63 64 65 70 73 77 82 86 88 92 93 97 98 99 102 103 
24 2 7 8 11 14 22 32 51 56 67 70 71 72 74 75 80 81 83 85 87 88 89 99 102 
29 0 6 9 16 20 21 22 25 29 30 44 45 47 49 55 56 60 61 62 67 69 71 77 78 80 82 93 97 99 
29 3 6 7 8 13 16 19 22 26 27 33 36 41 44 47 52 59 66 67 68 73 77 81 87 89 93 94 100 104 
23 9 10 14 19 27 32 38 42 45 46 50 51 52 56 61 74 77 86 88 93 94 98 102 
26 2 11 14 15 31 32 33 38 40 41 47 54 55 60 66 68 69 71 75 76 78 83 86 93 100 104 
25 8 11 18 20 22 23 33 34 35 45 49 50 53 57 58 60 67 79 81 83 84 94 95 100 103 
26 0 6 12 17 20 23 28 31 46 50 56 59 65 68 72 80 83 84 87 89 90 94 95 97 98 102 
16 2 4 14 23 34 41 52 55 59 60 67 76 82 83 86 89 
26 1 4 9 10 12 19 28 32 36 38 41 49 54 58 62 64 70 71 78 82 84 85 91 100 103 104 
30 3 12 14 16 17 18 21 30 38 39 44 47 49 50 51 52 54 56 57 65 66 67 69 71 73 75 87 94 96 98 
29 2 3 7 10 13 21 24 26 28 30 32 38 41 42 43 48 49 54 56 62 63 65 66 71 87 92 95 102 104 
29 4 6 7 9 10 11 13 14 18 21 22 25 26 33 39 43 46 47 51 61 64 66 68 72 74 91 97 101 103 
26 7 9 11 16 28 35 38 41 48 52 64 69 71 72 73 77 80 81 82 87 88 90 92 97 100 102 
24 1 5 7 8 21 34 39 49 51 59 60 61 64 66 77 78 80 86 88 89 91 93 99 101 
27 4 5 9 11 13 19 21 23 25 28 30 34 43 49 50 52 53 56 58 59 61 63 79 88 97 99 103 
29 2 4 6 11 12 13 14 16 18 28 33 34 45 46 49 56 59 68 77 80 81 82 86 88 90 98 102 103 104 
29 0 1 3 5 8 9 12 14 21 22 24 30 37 38 39 40 42 43 45 50 56 57 63 81 88 89 96 98 100 
30 5 7 13 17 20 21 24 29 30 32 35 37 38 39 43 44 45 48 50 57 60 65 68 72 73 76 83 87 94 103 
