70:35
11 0 2 3 12 14 16 18 20 24 25 27 
8 8 14 19 23 26 27 29 31 
3 0 17 18 
4 3 10 27 34 
7 1 6 8 13 26 31 34 
9 0 7 9 16 18 25 26 31 32 
7 7 8 12 17 19 22 32 
7 1 9 12 14 15 31 33 
9 0 4 6 16 21 25 27 31 33 
9 2 6 10 19 22 25 26 33 34 
14 0 3 4 5 6 10 16 20 21 23 26 29 31 34 
13 0 2 3 5 6 7 12 25 28 31 32 33 34 
10 1 4 6 11 19 22 23 30 32 34 
11 0 2 6 9 21 27 28 29 31 32 34 
6 7 8 10 12 26 31 
7 5 8 11 13 24 27 30 
15 1 2 4 7 10 15 16 21 23 24 26 29 30 32 34 
9 1 7 12 13 15 20 22 29 33 
7 2 3 5 19 21 22 26 
8 2 6 13 19 23 24 29 34 
10 2 3 8 11 12 14 19 30 31 34 
12 4 5 7 9 10 12 16 18 22 24 27 32 
13 1 2 5 7 13 15 16 19 22 24 30 31 33 
7 6 10 14 16 20 29 31 
3 5 10 18 
8 5 10 11 14 16 18 20 26 
5 6 8 20 22 27 
10 5 6 8 12 18 19 20 21 26 32 
11 3 4 6 8 10 11 13 14 17 21 24 
7 3 6 19 31 32 33 34 
7 7 13 19 21 22 27 30 
11 0 3 4 13 14 17 20 21 23 29 34 
6 11 13 22 23 25 29 
11 0 1 3 8 9 14 15 16 17 18 19 
9 0 7 8 10 13 15 16 23 33 
6 4 14 20 22 23 31 
7 4 5 8 9 18 28 29 
5 0 10 16 19 29 
7 7 9 11 20 24 26 33 
12 1 2 6 9 11 14 16 18 25 29 32 34 
12 1 2 5 7 10 18 19 22 25 28 31 33 
9 4 8 13 17 24 26 27 31 33 
9 9 11 16 20 23 24 27 29 30 
8 0 5 7 19 22 24 25 32 
7 2 15 16 18 24 30 33 
3 4 18 21 
8 3 10 12 13 18 26 27 31 
7 5 13 19 21 22 28 29 
11 2 4 5 7 14 17 19 21 26 27 34 
6 8 13 14 21 29 34 
11 2 6 8 12 16 20 24 26 28 32 34 
6 0 1 4 7 16 25 
8 1 6 12 14 20 27 29 34 
8 2 3 4 5 8 21 25 32 
11 0 2 8 10 11 15 17 20 21 32 34 
5 2 18 23 25 28 
8 6 12 13 15 25 26 28 34 
7 7 8 9 11 23 27 29 
11 8 12 13 14 17 21 22 23 25 33 34 
11 0 7 10 14 16 21 26 27 28 29 34 
8 4 12 13 16 21 28 32 34 
8 3 7 9 13 18 19 28 33 
7 20 21 24 26 28 29 30 
9 7 8 9 12 13 14 23 31 34 
11 0 3 9 11 15 18 20 21 22 27 30 
7 1 7 8 27 28 29 32 
9 2 3 13 14 22 24 25 29 30 
7 0 3 5 21 25 30 33 
7 0 1 5 14 17 22 33 
6 1 3 7 8 22 30 
