70:70
60 0 1 3 4 5 6 7 8 9 10 11 12 13 14 15 16 17 18 19 21 22 23 24 25 26 27 29 30 31 32 33 35 36 37 39 41 42 43 44 45 46 47 48 49 51 52 53 54 56 57 58 59 61 62 63 64 65 66 67 69 
52 0 1 2 3 4 5 7 8 9 10 11 12 14 15 17 18 19 20 21 22 23 24 25 26 27 28 29 30 31 32 34 35 36 37 38 41 45 49 50 51 54 55 56 59 60 61 62 63 64 65 66 69 
54 0 1 2 3 4 5 6 7 9 11 12 13 14 15 16 17 18 19 20 22 23 24 25 26 28 29 34 35 37 38 40 41 42 43 44 45 46 47 48 49 50 54 55 56 57 58 59 62 63 65 66 67 68 69 
52 0 1 2 3 4 5 6 7 8 9 10 11 12 13 17 18 21 22 23 24 25 26 27 28 31 32 34 38 39 40 41 42 43 44 45 46 47 48 50 51 52 55 56 57 59 60 62 64 65 66 67 68 
51 0 1 3 4 5 6 7 9 10 11 14 15 16 17 18 19 20 21 22 23 24 26 28 29 31 33 34 35 36 37 38 39 41 42 44 45 46 48 50 52 53 54 55 56 57 58 62 64 65 66 69 
50 0 2 3 4 5 6 7 8 9 10 11 12 13 15 16 17 18 21 23 24 25 27 28 30 31 33 34 35 37 39 40 42 43 44 45 46 49 52 54 56 57 58 59 60 62 64 66 67 68 69 
49 0 1 2 3 5 7 8 9 10 11 12 13 15 16 17 20 21 23 25 27 28 29 30 31 33 34 35 37 38 39 41 42 43 46 48 49 51 52 53 54 56 57 58 60 62 63 64 67 68 
55 0 1 2 3 4 5 6 7 8 9 10 11 13 15 16 17 18 20 22 23 24 26 27 28 29 30 31 32 34 36 38 39 40 41 42 45 46 47 49 50 51 52 53 57 58 59 60 61 62 63 64 65 66 67 68 
54 1 2 3 4 6 7 8 9 10 11 12 13 14 15 16 17 18 22 23 24 25 26 27 28 29 30 31 33 34 35 36 37 38 39 40 41 42 43 44 46 48 50 51 56 57 58 59 60 61 62 63 65 66 67 
52 0 2 3 4 5 6 8 9 10 11 12 13 14 15 16 17 20 22 23 24 25 27 28 29 30 31 32 33 37 39 40 41 42 43 44 45 46 47 48 49 50 51 52 55 56 57 58 59 60 61 62 65 
53 0 1 2 3 4 5 6 9 10 11 13 14 16 17 18 20 22 23 25 27 28 30 31 32 35 36 37 38 39 40 42 43 44 45 47 49 50 51 52 53 54 55 56 59 60 61 62 64 65 66 67 68 69 
47 1 2 3 5 7 8 9 10 13 14 16 19 21 22 23 24 27 28 29 30 31 36 38 39 40 41 42 43 45 46 47 48 49 50 51 55 56 59 60 61 62 63 64 65 67 68 69 
49 0 1 3 4 6 7 8 10 11 12 13 14 15 16 17 18 19 20 21 22 23 24 25 27 28 31 32 34 35 36 38 39 43 44 46 48 51 52 53 54 57 58 60 61 62 66 67 68 69 
49 0 1 2 4 5 7 9 10 11 12 15 16 17 18 20 21 24 26 27 28 29 31 33 34 35 36 37 39 40 41 43 44 45 46 48 49 50 51 52 53 56 57 58 59 62 63 64 66 69 
53 0 1 2 4 5 6 7 8 10 13 14 16 18 19 20 21 22 23 24 26 27 30 32 34 35 36 37 38 39 41 42 44 45 47 48 49 50 51 52 53 54 55 56 57 59 60 61 62 63 64 66 67 69 
42 0 2 3 5 8 10 11 12 14 16 17 18 19 20 23 24 26 28 29 30 31 36 37 38 39 40 43 44 46 47 48 51 52 53 55 56 59 61 64 67 68 69 
56 1 2 3 4 5 6 7 8 9 10 11 13 15 16 17 18 19 21 24 27 28 29 30 31 32 33 35 36 37 38 39 40 41 42 43 45 46 47 48 49 50 51 52 54 55 57 58 59 60 61 62 64 66 67 68 69 
53 0 2 3 4 5 6 7 12 15 16 17 18 19 20 21 22 23 24 25 26 27 30 31 33 35 36 38 39 40 41 42 43 44 45 46 47 48 49 51 52 53 55 56 57 59 60 61 62 63 64 65 66 68 
57 0 1 3 4 5 6 7 8 9 10 11 12 13 14 15 16 18 19 20 21 22 23 24 25 26 27 28 29 30 31 32 33 34 36 38 39 40 41 43 44 47 48 49 51 52 54 56 57 58 59 60 61 62 65 67 68 69 
51 0 1 2 3 5 6 7 10 11 13 14 15 16 18 19 20 21 22 23 24 25 26 27 28 29 30 31 32 33 34 35 38 42 43 44 47 48 49 51 52 53 55 56 58 60 61 63 65 66 68 69 
54 0 1 4 5 8 9 10 11 12 13 14 15 17 18 19 20 21 22 23 24 25 27 28 29 30 32 33 36 37 38 39 40 43 44 45 46 48 49 50 53 54 55 56 57 58 59 60 61 62 63 64 65 66 69 
51 0 1 2 3 4 5 8 9 11 12 13 14 15 17 18 19 20 21 22 24 25 27 29 31 32 33 34 36 38 39 40 41 44 45 46 47 48 49 50 52 53 54 55 56 57 59 60 64 66 67 69 
50 1 4 5 8 9 10 11 13 15 16 17 18 19 20 21 23 25 26 27 32 33 34 35 37 38 39 40 41 43 45 46 47 49 50 51 52 53 54 55 56 57 59 60 61 63 64 65 66 67 68 
51 0 2 3 4 5 7 8 10 11 12 13 14 15 19 21 22 23 24 26 27 28 29 30 31 32 33 34 35 37 38 39 40 41 42 43 45 46 48 49 50 52 54 56 59 60 62 63 64 65 67 69 
56 0 1 2 3 4 5 6 8 9 10 12 13 16 17 19 20 21 22 23 24 25 26 27 29 30 31 32 33 34 36 38 39 40 43 44 45 46 47 48 49 51 52 53 54 55 56 57 59 60 61 63 64 65 66 67 68 
56 0 1 2 3 4 6 7 8 9 10 11 12 13 14 16 17 19 20 21 22 23 24 25 28 30 31 32 33 34 35 36 37 39 40 41 42 43 44 45 46 48 49 51 52 53 55 56 57 58 60 61 62 63 65 66 68 
57 0 2 3 4 5 6 7 8 9 10 11 13 14 15 16 17 18 19 20 21 22 23 24 25 26 27 28 30 31 33 34 35 37 38 39 40 42 43 44 45 47 48 49 51 53 54 56 57 58 59 60 61 62 63 65 68 69 
55 0 1 2 3 4 5 6 7 9 10 12 13 14 15 16 17 18 19 20 21 23 27 28 30 32 33 34 35 36 37 40 41 43 44 46 47 48 49 50 51 53 54 56 57 58 59 60 61 62 64 65 66 67 68 69 
54 0 1 2 5 6 8 9 10 11 12 13 14 18 19 20 21 23 25 27 28 29 30 31 32 34 35 36 37 38 39 40 41 42 43 44 45 46 47 48 51 52 53 54 57 58 59 60 61 62 63 64 66 67 69 
51 0 1 3 4 5 8 9 12 13 14 15 17 19 20 21 22 24 26 27 28 29 30 31 32 33 34 35 36 38 41 42 43 44 45 48 49 51 53 54 55 56 57 58 60 62 63 64 65 66 68 69 
55 0 1 2 3 5 6 8 9 10 11 12 13 15 16 17 18 19 21 22 23 24 25 26 28 29 30 33 34 37 38 39 41 42 44 45 46 47 48 49 50 51 52 53 56 57 59 60 62 63 64 65 66 67 68 69 
52 0 1 2 3 4 5 6 7 8 11 12 13 14 15 16 18 20 23 24 25 26 27 29 30 31 33 37 38 39 40 41 42 44 45 46 49 51 52 54 56 57 58 59 60 61 63 64 65 66 67 68 69 
52 1 2 3 4 6 7 8 9 11 12 13 14 16 17 18 19 21 22 23 24 26 28 29 30 31 33 34 35 36 37 38 39 41 43 44 45 46 47 52 53 54 55 56 58 59 60 63 64 65 66 67 69 
53 0 2 3 4 6 8 9 11 12 13 14 17 19 20 21 24 25 26 27 28 29 30 32 34 35 37 38 39 40 41 42 43 44 45 46 47 48 49 50 52 53 54 55 57 59 60 61 62 63 64 66 67 69 
56 0 1 3 5 6 7 8 9 10 11 12 13 14 15 16 17 19 20 21 22 25 27 28 29 30 32 33 34 35 36 38 39 40 41 42 43 44 45 47 48 49 50 53 55 56 57 58 59 60 61 62 63 65 66 67 68 
56 0 1 2 4 5 6 7 8 9 10 11 12 15 16 18 19 20 22 23 24 25 26 28 29 31 32 33 34 35 36 37 38 39 40 41 42 43 44 47 48 49 50 52 53 54 57 58 59 60 61 62 63 64 66 67 68 
51 0 1 2 3 4 5 6 10 11 15 19 20 25 26 27 28 30 31 32 33 34 35 36 37 38 39 40 41 42 43 44 45 46 47 48 49 51 54 55 56 57 58 59 61 62 63 65 66 67 68 69 
47 2 3 4 6 7 8 9 10 11 12 13 15 17 18 19 20 21 22 23 25 26 27 30 31 33 34 36 37 38 39 40 43 44 46 47 50 51 52 54 55 56 58 61 62 64 67 69 
49 0 1 2 3 4 5 7 8 10 11 12 13 14 15 17 18 19 20 21 22 23 25 27 28 31 32 35 36 37 39 40 41 42 44 45 47 48 49 51 52 56 58 61 62 63 64 65 67 69 
57 1 2 4 5 6 7 8 9 10 11 12 13 14 15 17 18 19 20 24 25 26 28 29 30 31 32 33 34 35 36 38 39 40 41 42 44 45 46 47 48 49 50 51 52 53 55 56 57 58 60 61 62 63 65 67 68 69 
53 0 2 3 6 7 8 9 10 12 13 14 15 17 18 19 20 21 23 26 28 29 30 32 33 34 35 36 37 38 39 42 43 44 45 46 47 48 49 50 51 52 54 55 57 58 59 60 61 64 65 66 67 69 
44 2 5 6 7 11 13 15 16 17 18 19 21 23 24 25 27 30 32 33 35 36 38 40 41 43 44 48 49 50 51 52 53 54 55 56 58 59 61 62 63 64 65 67 69 
57 0 1 3 4 5 6 7 8 9 10 11 12 13 14 15 16 18 19 20 22 23 24 25 26 27 29 30 31 32 33 34 35 36 38 39 40 41 42 43 45 46 47 48 50 51 52 53 54 56 59 60 61 62 63 65 66 69 
54 0 1 2 3 6 7 8 9 10 13 14 16 17 18 19 20 21 22 23 25 26 27 28 30 31 32 33 34 35 36 37 40 41 42 43 44 45 46 48 49 52 53 55 56 57 58 59 62 63 64 66 67 68 69 
54 0 1 2 4 6 7 9 10 12 14 15 16 17 18 19 21 22 23 25 26 27 28 29 30 31 33 34 35 36 38 39 40 41 42 43 44 45 46 47 48 49 51 53 54 55 56 59 60 61 62 63 65 66 67 
57 0 1 3 6 7 8 9 11 12 13 14 15 16 17 18 19 20 22 24 25 27 28 30 31 32 33 34 35 36 37 38 39 40 42 43 44 45 46 48 50 51 52 53 54 55 56 57 58 59 60 61 64 65 66 67 68 69 
50 1 2 3 6 7 9 11 12 13 14 15 16 17 19 20 21 22 23 24 25 26 27 28 29 32 33 34 35 36 40 42 43 44 45 46 47 48 49 50 51 52 55 56 59 60 61 62 66 68 69 
54 1 2 6 7 8 10 11 12 13 14 15 18 20 21 22 24 25 26 27 28 29 31 32 33 34 35 36 37 38 39 40 41 44 45 46 47 51 52 53 54 55 56 57 58 59 61 62 63 64 65 66 67 68 69 
52 2 5 7 8 10 11 12 13 15 16 17 20 22 23 24 25 27 28 29 30 31 32 33 34 35 37 38 39 40 43 44 45 46 47 48 49 51 52 53 54 57 58 59 60 61 62 64 65 66 67 68 69 
53 0 4 5 6 7 8 9 10 11 12 13 14 15 16 17 18 19 20 21 24 25 26 27 28 29 30 31 33 34 35 38 39 40 43 44 45 46 47 48 51 52 54 55 56 57 58 59 61 64 65 67 68 69 
53 0 1 2 4 5 6 7 8 10 11 13 16 17 18 19 20 21 22 23 24 26 28 29 30 31 34 35 36 37 38 39 40 43 44 46 47 48 50 51 52 54 55 56 58 59 60 61 62 63 64 66 68 69 
53 0 2 3 4 6 8 9 10 11 15 16 17 18 19 20 21 23 24 25 26 28 29 30 31 32 33 34 35 36 37 39 40 41 42 43 44 45 49 50 51 52 54 55 56 58 59 60 63 64 66 67 68 69 
53 0 2 3 4 5 6 7 9 10 11 12 13 16 20 21 22 23 24 26 27 29 30 31 32 33 34 36 37 38 39 42 43 44 45 47 48 50 51 52 53 54 55 56 57 61 62 63 64 65 66 67 68 69 
54 0 1 2 3 4 5 6 7 8 10 11 12 13 15 16 18 19 21 23 24 25 26 27 29 30 31 32 34 36 37 38 39 41 42 43 44 45 47 48 49 50 52 53 54 55 56 58 59 60 63 65 66 67 69 
49 0 4 5 8 10 11 13 15 16 17 18 19 20 21 22 23 25 27 28 29 30 31 32 33 35 36 37 38 40 41 42 43 44 45 46 47 48 50 51 52 53 59 60 61 62 64 65 66 67 
55 0 1 2 3 6 7 8 10 12 13 14 15 16 17 18 19 20 23 24 25 26 27 29 31 32 33 35 36 37 39 40 41 42 43 44 45 49 50 51 52 53 54 55 56 58 59 61 62 63 64 65 66 67 68 69 
53 0 1 2 3 4 5 6 7 9 10 11 13 14 15 16 17 18 20 21 22 24 25 26 27 28 29 30 33 34 35 36 37 38 40 41 43 44 45 48 49 51 52 53 54 55 56 57 58 59 62 65 66 67 
45 1 2 4 6 8 9 10 11 13 14 16 17 18 20 24 26 29 30 32 35 36 38 39 40 41 43 45 46 47 48 49 50 51 52 53 55 56 57 59 60 61 63 64 65 68 
48 0 1 2 3 4 5 6 8 9 10 11 12 14 15 16 21 22 24 26 27 30 31 33 34 35 36 37 38 40 42 45 46 48 49 51 52 53 54 55 56 58 59 62 65 66 67 68 69 
44 2 5 6 7 8 9 11 14 15 16 18 19 20 26 27 30 31 32 33 34 35 36 40 41 43 44 45 46 48 49 50 51 52 54 55 56 58 59 60 62 63 64 65 68 
56 0 1 2 3 4 5 9 10 11 12 16 17 18 19 20 21 22 23 24 25 26 27 28 30 31 32 33 34 35 36 37 38 39 41 42 43 44 45 48 49 50 51 52 54 56 57 58 59 60 61 62 63 64 65 67 68 
53 0 1 2 3 6 7 8 9 10 13 15 16 17 18 22 23 24 26 27 30 31 32 33 34 35 36 37 38 41 43 46 47 48 50 51 52 53 54 55 56 57 58 59 60 61 62 63 64 65 66 67 68 69 
52 0 1 2 3 5 6 7 11 12 13 14 15 17 19 20 21 23 24 25 26 28 30 31 32 33 34 35 36 38 39 41 42 46 47 48 49 52 54 55 57 58 59 60 61 62 63 64 65 66 67 68 69 
48 1 3 5 6 7 8 9 10 11 12 13 15 16 18 19 20 21 25 26 27 28 29 30 32 34 35 36 37 38 42 43 45 46 49 50 51 53 54 55 57 58 60 61 62 63 64 66 68 
52 1 2 4 5 8 10 11 12 15 16 18 19 21 22 23 24 26 27 28 29 30 31 32 34 35 36 37 39 40 42 43 45 46 47 49 52 53 54 55 56 57 58 60 61 62 63 64 65 66 67 68 69 
53 1 2 3 4 5 6 8 9 10 11 12 13 14 15 17 18 20 21 22 23 25 27 28 29 31 32 33 34 36 37 39 41 43 44 46 47 48 49 50 51 52 53 54 56 57 58 59 60 61 62 67 68 69 
56 0 1 2 3 4 5 6 7 8 9 11 12 14 15 17 18 19 21 22 23 25 26 29 30 31 32 33 35 37 38 39 40 41 42 44 45 46 47 48 49 50 51 52 55 56 57 58 59 62 63 64 65 66 67 68 69 
48 0 1 2 3 4 5 7 8 9 12 13 16 17 18 19 20 22 23 25 27 29 30 31 32 33 35 36 39 40 42 43 44 46 48 49 50 51 52 55 56 59 60 64 65 66 67 68 69 
55 0 2 3 4 6 7 8 9 10 13 16 17 18 19 20 21 22 23 25 26 27 29 30 31 32 33 34 37 38 39 40 41 42 43 44 45 47 48 49 51 52 53 54 55 56 57 59 60 61 63 64 66 67 68 69 
49 1 2 3 4 5 6 7 10 14 15 16 17 18 19 21 22 26 28 29 30 31 34 35 36 37 38 40 41 42 43 44 45 47 48 49 50 51 54 56 57 58 59 61 62 63 65 66 68 69 
