70:35
9 0 1 4 5 7 14 17 28 32 
9 0 4 8 14 18 20 24 29 31 
6 3 4 19 23 28 30 
9 3 7 8 14 16 19 25 33 34 
8 0 6 8 11 17 23 25 31 
10 0 1 5 10 15 16 19 28 30 34 
5 3 17 18 21 22 
10 2 11 12 13 16 23 26 30 33 34 
7 0 11 24 26 29 32 34 
7 5 11 12 14 23 31 34 
11 4 5 8 12 16 19 20 24 25 31 33 
5 0 14 19 24 30 
7 1 2 4 9 14 20 28 
11 0 1 4 6 9 11 19 24 25 28 31 
9 14 17 20 21 23 28 29 30 31 
8 2 3 4 15 20 21 22 24 
12 2 4 11 12 13 16 18 20 30 31 32 33 
2 3 14 
11 0 1 4 5 6 7 10 17 25 27 33 
10 5 8 10 17 18 21 25 27 31 33 
10 0 5 6 7 12 15 16 24 26 28 
12 0 1 4 8 11 13 18 19 22 23 28 30 
8 8 9 17 18 22 27 30 34 
7 2 7 8 9 19 20 29 
11 2 4 6 7 10 12 15 18 23 24 28 
10 1 4 9 13 14 22 26 27 29 30 
9 2 5 17 21 22 24 30 31 34 
8 6 9 16 19 21 23 32 33 
8 4 6 7 11 17 21 30 31 
7 4 5 9 16 21 28 29 
8 7 12 15 23 24 25 32 34 
10 1 4 13 18 21 24 25 27 30 32 
9 0 3 5 8 13 19 21 26 30 
12 0 2 6 7 8 11 13 15 16 24 30 33 
14 0 1 3 4 5 7 8 10 11 13 22 23 25 30 
7 1 6 9 10 16 20 25 
13 0 7 8 9 10 12 19 21 26 27 28 31 33 
14 0 2 3 5 6 7 10 12 18 26 28 29 31 34 
8 7 8 9 18 20 23 30 31 
6 18 24 25 27 29 34 
8 7 9 10 12 15 19 22 25 
9 0 10 15 16 18 20 25 27 31 
8 5 8 9 12 17 22 29 34 
10 3 6 7 14 19 20 21 22 24 30 
14 0 3 4 5 7 8 10 17 20 26 27 31 32 34 
16 2 7 10 11 12 13 16 19 20 21 24 25 26 27 32 34 
13 3 5 6 8 9 16 21 27 28 29 31 33 34 
5 1 2 10 16 26 
11 1 4 9 12 16 18 22 23 28 30 33 
11 2 5 7 9 10 11 14 19 21 23 24 
12 4 7 8 10 14 17 20 22 26 32 33 34 
10 0 4 8 11 12 17 21 26 32 34 
7 3 5 8 12 19 27 31 
6 4 6 12 13 17 26 
10 6 8 9 14 19 21 25 26 28 31 
11 0 6 7 8 10 20 21 24 26 27 34 
10 2 5 10 11 16 17 21 27 28 29 
13 0 4 6 7 9 10 11 12 19 21 23 28 34 
7 9 10 17 18 28 30 34 
7 0 3 5 16 22 25 32 
8 3 8 13 15 17 27 32 34 
1 14 
5 9 13 21 27 28 
13 2 3 5 7 16 18 20 22 23 25 26 31 34 
12 3 4 8 15 19 22 24 27 28 29 31 34 
8 5 7 13 14 16 23 28 30 
14 0 1 2 3 9 11 12 13 14 22 27 28 31 34 
10 2 6 9 12 15 17 19 27 30 31 
13 4 5 7 8 9 11 13 17 19 20 23 27 28 
13 2 4 5 7 12 15 18 19 25 27 30 31 32 
