70:35
16 1 2 3 6 8 10 13 14 18 19 20 24 28 29 30 32 
18 1 6 7 8 9 11 13 14 15 16 17 19 22 23 25 27 31 34 
18 0 1 2 6 7 10 12 14 15 16 20 22 23 24 26 29 32 33 
15 0 3 4 9 10 11 12 18 19 20 21 28 29 31 33 
22 0 1 2 3 6 7 13 14 15 16 17 18 19 20 21 23 24 29 31 32 33 34 
12 0 3 6 7 9 13 14 17 25 30 32 34 
17 1 2 3 10 12 14 15 17 18 19 20 21 25 26 30 31 32 
22 0 1 2 3 4 5 6 8 10 12 13 16 17 19 21 22 25 26 27 28 32 33 
21 0 1 2 7 8 11 12 14 17 20 21 23 25 26 27 28 29 31 32 33 34 
13 1 11 13 14 15 16 17 18 24 27 28 31 33 
20 0 3 4 6 8 9 15 18 19 21 22 23 24 25 27 28 30 32 33 34 
20 2 3 4 6 7 8 9 10 14 15 16 17 22 23 24 28 29 31 32 33 
20 0 3 4 8 9 10 13 14 15 16 18 19 21 22 25 28 30 32 33 34 
14 0 3 4 5 6 11 15 18 19 24 26 29 31 32 
16 0 5 8 9 10 12 13 14 19 21 23 24 26 27 31 34 
16 0 1 4 5 8 14 15 16 22 24 25 27 29 30 32 33 
15 1 2 5 8 9 10 11 14 16 19 22 23 25 26 30 
16 2 3 7 10 11 14 15 17 18 22 23 26 29 30 33 34 
15 1 3 5 8 12 13 15 19 20 23 26 27 28 30 31 
21 0 1 2 3 4 6 7 8 9 10 12 14 15 16 17 19 21 22 27 31 34 
16 0 3 6 7 9 11 12 16 17 18 19 21 22 29 30 34 
14 8 9 14 15 17 18 19 22 27 29 31 32 33 34 
23 1 3 4 5 7 8 9 10 11 13 14 15 16 17 21 23 25 26 28 29 30 32 34 
14 1 4 5 6 7 8 14 17 18 19 22 28 29 33 
16 5 7 8 10 12 14 16 20 21 23 24 25 27 29 31 34 
22 0 1 3 4 7 9 13 14 18 20 21 22 23 25 26 27 28 29 30 31 32 33 
14 2 3 7 8 11 13 14 15 19 21 22 24 26 30 
20 0 2 4 5 6 7 10 11 13 14 18 19 24 25 27 30 31 32 33 34 
17 0 7 8 9 10 15 17 19 21 22 23 25 26 27 30 31 32 
19 0 1 3 6 7 8 9 10 11 12 14 15 17 20 23 25 28 30 32 
20 2 3 7 9 10 11 13 16 18 20 21 22 23 25 26 28 29 30 31 34 
19 1 5 7 8 9 10 12 14 15 16 17 18 19 20 21 26 31 32 34 
16 1 2 3 4 5 6 7 9 10 14 15 17 29 30 32 33 
16 1 2 4 5 9 12 13 16 17 21 22 24 25 31 32 34 
18 0 3 5 7 8 11 13 15 16 17 20 21 26 27 30 31 33 34 
16 0 1 4 6 7 10 13 18 19 20 26 29 30 32 33 34 
12 3 4 7 8 10 14 16 24 25 27 31 33 
15 0 2 4 5 7 10 13 17 18 19 24 26 27 30 31 
20 5 6 7 9 10 11 13 16 17 19 20 24 25 26 27 28 30 31 32 33 
16 0 1 2 4 5 9 10 12 16 17 18 19 22 23 28 34 
15 0 5 6 10 11 12 14 15 20 22 23 27 32 33 34 
21 0 1 3 5 9 10 12 15 16 17 18 19 20 21 22 23 24 27 28 29 33 
13 2 4 7 12 14 19 22 24 26 29 30 31 33 
17 0 3 7 11 13 14 15 17 20 24 25 26 27 28 30 31 33 
20 0 5 6 7 8 9 12 14 16 17 19 20 22 24 25 26 27 29 32 33 
19 2 3 4 5 10 11 13 14 17 18 19 20 21 24 28 29 31 32 34 
18 0 1 3 6 7 8 10 11 12 13 18 19 21 22 24 25 28 29 
21 0 1 2 8 9 10 11 13 15 16 18 19 20 25 26 27 29 30 31 32 33 
14 1 4 6 10 11 15 16 17 18 22 23 24 32 33 
21 1 3 4 5 6 7 8 9 11 12 14 15 17 19 21 23 24 27 29 31 32 
15 5 7 11 14 15 16 18 19 22 23 25 26 27 31 34 
14 0 2 3 5 13 15 16 18 26 28 29 30 32 34 
16 2 3 4 6 7 8 9 11 15 16 17 18 19 26 31 32 
11 1 4 10 17 18 19 20 21 27 29 33 
21 1 2 5 6 7 10 12 14 16 17 18 19 20 21 23 24 26 28 30 31 34 
14 2 3 6 8 10 12 14 15 19 23 24 25 31 33 
16 0 3 4 6 7 11 13 15 23 25 26 27 29 31 32 34 
21 0 1 3 4 5 7 8 10 11 12 15 16 18 20 21 22 23 25 28 29 30 
16 0 1 3 4 6 8 9 10 12 15 18 19 25 30 33 34 
19 0 1 4 6 8 9 10 13 15 17 20 22 25 26 27 28 31 33 34 
23 1 2 4 5 7 8 9 11 13 14 15 16 17 19 21 22 23 24 27 28 29 31 32 
14 4 11 12 14 15 16 17 18 20 21 22 26 28 33 
23 0 5 6 8 11 12 13 16 17 18 19 21 22 23 24 25 27 28 29 31 32 33 34 
19 2 4 5 6 9 10 13 14 16 17 18 20 21 23 24 26 31 32 33 
17 2 3 6 7 10 11 13 14 18 20 22 23 24 28 29 32 33 
15 1 2 6 7 11 12 13 14 17 18 22 30 32 33 34 
22 1 3 4 5 8 9 10 11 13 14 15 17 22 25 27 28 29 30 31 32 33 34 
21 1 2 3 4 6 8 9 12 14 17 18 19 21 22 24 25 26 29 31 32 33 
18 0 3 4 5 10 11 13 14 19 21 22 23 25 26 27 31 32 34 
14 4 8 9 10 15 17 19 21 22 23 28 29 31 32 
