70:35
22 0 1 2 5 6 9 10 11 12 13 14 16 18 22 23 24 25 27 28 31 32 33 
13 2 3 5 8 10 15 18 19 23 24 29 31 34 
24 0 2 3 6 7 9 10 11 13 14 15 16 17 19 20 21 22 24 25 26 27 29 31 34 
20 0 2 4 5 6 7 8 9 13 14 20 22 23 25 26 29 30 31 33 34 
15 0 2 3 4 6 8 9 10 12 13 22 23 25 29 34 
17 0 3 5 8 9 10 13 14 17 19 21 23 24 26 30 31 32 
20 0 2 6 9 11 12 14 15 16 17 18 20 23 27 28 29 31 32 33 34 
15 2 3 4 6 9 13 15 22 26 27 29 30 32 33 34 
18 2 3 4 6 7 8 9 10 11 13 14 19 20 24 25 30 31 34 
23 0 1 2 3 4 5 6 7 8 9 10 12 13 17 18 19 20 23 24 26 27 28 31 
14 1 2 3 7 11 12 15 16 19 21 23 30 32 33 
16 1 2 3 7 8 10 11 15 17 19 21 26 27 28 30 33 
17 0 1 4 5 8 11 17 19 20 21 22 25 27 29 30 31 33 
16 0 6 8 9 13 15 16 17 23 24 25 27 30 32 33 34 
13 0 3 12 14 15 16 19 20 27 28 31 33 34 
16 0 1 2 3 5 9 20 21 22 24 25 27 29 31 32 33 
18 0 1 2 8 9 10 11 12 16 17 18 19 20 21 24 27 31 33 
17 1 2 3 4 9 14 16 18 21 23 24 25 26 27 28 29 34 
22 0 1 4 5 6 7 9 10 12 14 15 17 18 20 21 23 24 25 27 31 32 33 
21 1 2 4 5 6 7 10 11 12 13 14 15 16 18 20 23 25 29 30 31 34 
19 0 1 2 3 4 5 6 7 12 13 17 18 24 25 28 30 31 33 34 
22 1 2 3 6 8 9 10 12 14 15 18 19 20 21 22 23 24 26 27 29 31 33 
18 1 3 4 5 8 11 14 16 17 18 19 21 22 23 27 31 32 33 
23 0 3 5 6 8 13 14 15 16 17 18 19 20 22 24 25 26 28 30 31 32 33 34 
15 2 5 6 7 13 14 17 18 19 21 23 24 27 30 34 
18 0 6 8 10 11 12 13 14 15 18 19 22 24 25 26 27 29 34 
15 1 3 5 6 7 8 13 17 18 21 24 29 30 31 32 
20 0 2 3 4 8 9 10 11 14 15 16 18 19 21 24 28 29 30 31 32 
18 0 1 3 6 9 10 12 13 14 18 21 22 23 24 28 29 30 33 
13 2 4 5 7 11 13 15 16 27 29 30 31 33 
19 0 1 4 7 8 9 10 12 15 17 19 20 22 24 25 28 29 32 34 
23 1 2 3 5 6 10 12 14 15 16 17 18 19 21 22 23 24 25 26 30 31 32 34 
19 2 7 11 13 14 15 18 19 20 21 22 23 25 28 29 30 31 33 34 
13 1 4 7 9 13 18 22 25 27 28 30 32 33 
19 0 1 3 9 10 11 13 16 17 20 21 22 25 26 27 28 29 30 31 
19 0 4 5 6 7 8 10 13 15 17 19 22 24 27 28 30 31 32 34 
14 0 5 9 10 13 14 15 17 18 20 25 26 27 33 
10 1 3 10 16 18 23 24 31 32 33 
16 0 2 5 6 7 8 10 13 17 20 23 24 25 27 33 34 
21 1 2 4 5 6 9 12 13 14 15 16 21 23 26 27 28 29 31 32 33 34 
19 1 2 4 6 8 11 12 14 17 18 20 23 24 25 27 28 30 31 32 
16 0 2 3 6 7 10 12 14 15 20 24 26 30 31 32 34 
18 0 2 3 4 5 7 9 10 13 14 16 17 18 23 28 30 31 32 
15 1 7 11 12 14 15 17 18 24 25 26 28 30 31 32 
19 3 4 5 7 12 15 16 19 21 22 23 24 25 27 28 30 31 32 34 
13 1 4 5 6 9 10 13 18 20 21 22 32 34 
15 0 1 5 6 9 11 12 13 16 19 27 29 31 33 34 
17 1 3 4 9 10 13 17 18 19 21 24 25 26 27 30 32 34 
15 3 5 6 9 10 11 12 13 16 19 20 21 23 24 31 
15 3 5 12 13 14 15 16 23 24 25 26 28 30 33 34 
17 0 6 7 11 12 13 14 15 19 20 21 22 23 26 27 28 33 
20 0 3 6 8 9 10 11 12 14 15 18 20 21 22 25 26 27 29 31 32 
20 3 5 6 7 8 9 11 12 13 18 19 20 21 24 26 27 28 30 32 34 
17 0 3 4 6 7 9 10 14 15 16 22 23 25 29 32 33 34 
21 0 1 2 11 12 13 14 15 16 18 21 22 23 24 26 28 29 30 31 32 34 
14 0 2 3 6 9 14 16 23 27 28 30 32 33 34 
15 1 2 6 11 12 13 18 19 20 21 22 23 28 31 32 
17 4 6 7 10 11 12 14 16 19 20 22 24 25 27 28 29 32 
18 0 1 3 5 10 14 15 16 17 18 19 20 21 23 26 28 30 31 
17 1 2 3 4 10 13 14 17 18 19 20 21 22 24 25 30 31 
16 3 4 5 8 9 10 11 14 15 18 19 20 25 26 28 34 
14 5 9 10 13 14 15 19 20 21 23 24 26 27 28 
13 0 3 7 9 13 15 17 22 28 29 30 32 34 
23 2 4 5 6 7 8 10 11 12 13 14 15 16 18 20 21 24 25 26 27 28 30 32 
20 3 6 7 8 10 11 16 18 19 20 21 22 24 25 26 27 28 31 32 34 
19 0 1 3 4 5 8 13 14 15 18 20 21 23 25 27 29 30 31 33 
16 1 2 6 7 11 13 14 15 16 19 21 25 26 29 30 34 
13 0 5 6 9 11 16 19 22 23 24 28 30 32 
20 1 3 4 5 6 7 9 12 14 15 16 20 21 23 25 28 29 30 31 33 
15 1 2 4 5 9 11 16 17 18 20 21 22 27 28 32 
