70:35
7 0 3 4 13 16 21 26 
7 1 3 4 14 17 27 31 
8 2 4 6 9 16 28 30 33 
11 1 3 5 7 10 11 15 29 31 32 33 
8 2 7 15 19 25 28 30 32 
9 0 1 3 11 12 15 18 30 32 
10 4 5 7 8 9 13 18 24 32 34 
14 0 4 6 9 10 11 13 15 18 19 20 23 26 34 
11 10 12 13 15 16 18 23 24 30 32 34 
10 1 12 13 21 24 25 28 29 30 31 
6 4 16 20 21 23 30 
13 7 9 11 12 14 16 17 18 19 23 26 27 30 
9 0 2 5 8 9 14 23 24 26 
10 1 2 3 11 18 21 22 29 30 34 
10 2 6 9 12 13 26 27 28 30 33 
11 1 5 6 8 11 13 14 20 23 25 30 
15 1 2 4 6 7 8 10 12 18 19 20 25 27 30 34 
6 4 7 15 27 29 32 
12 0 4 9 10 14 22 24 25 26 27 28 32 
10 0 1 7 8 10 12 17 24 26 30 
9 1 4 10 13 15 20 21 29 34 
8 3 4 6 9 20 21 27 28 
9 4 9 14 17 18 21 26 29 33 
8 11 12 18 24 26 29 30 32 
7 4 9 19 21 26 31 34 
12 1 3 7 8 14 17 19 21 27 29 30 32 
9 1 4 5 9 10 18 22 31 33 
10 1 2 10 17 22 24 26 28 29 30 
15 2 3 5 6 9 10 11 15 19 22 23 25 26 30 31 
9 0 4 8 11 16 19 25 30 34 
9 3 4 6 11 13 22 28 31 33 
14 4 5 7 9 10 14 16 18 19 20 22 29 30 32 
7 16 20 21 24 26 30 31 
10 8 14 17 20 21 22 25 27 32 33 
8 5 14 16 20 25 26 29 31 
10 1 5 6 11 17 19 23 27 31 33 
13 6 7 11 15 16 17 19 20 22 23 29 30 34 
8 4 6 7 8 15 24 28 29 
8 0 3 13 16 21 22 25 34 
9 0 2 6 9 11 13 20 30 31 
12 1 5 11 13 14 17 19 21 24 27 29 30 
8 0 1 2 3 15 21 24 32 
11 6 7 9 14 17 23 25 27 28 32 34 
7 1 3 10 11 13 15 32 
7 12 13 14 19 23 32 34 
9 1 6 7 11 13 23 30 32 34 
8 1 2 3 22 23 25 26 31 
11 1 3 5 8 10 12 14 18 21 22 30 
10 0 1 4 6 16 22 24 25 31 34 
10 2 4 8 9 12 15 17 22 28 32 
11 0 2 5 6 7 13 26 28 29 31 33 
9 0 1 6 7 10 14 22 25 34 
7 0 7 10 17 26 33 34 
6 9 10 11 18 20 21 
12 0 4 8 11 14 16 17 18 28 29 30 31 
6 3 4 7 23 27 31 
8 3 5 9 14 16 26 30 31 
13 1 2 3 5 7 10 12 14 16 18 20 23 27 
9 2 5 8 16 18 19 24 28 34 
6 8 9 13 18 20 21 
6 1 2 4 24 25 31 
14 2 4 6 9 10 17 18 20 22 23 24 27 31 33 
10 4 6 15 18 23 24 26 27 28 29 
5 7 11 12 17 32 
4 3 9 13 24 
6 2 8 16 18 20 22 
7 8 10 13 15 18 28 30 
9 5 7 10 12 14 16 19 25 27 
13 0 2 4 7 9 10 17 18 19 21 24 30 33 
7 1 10 12 13 15 24 33 
