70:35
11 0 2 5 7 9 13 15 21 22 30 33 
11 7 13 14 15 17 19 24 25 28 32 33 
7 1 2 7 8 10 20 25 
11 1 2 11 15 17 19 25 26 30 31 32 
14 2 4 5 7 9 18 19 20 21 22 25 28 29 34 
7 3 4 8 12 17 29 31 
6 0 2 8 19 27 29 
7 0 7 9 26 27 28 31 
10 0 3 6 8 14 15 17 19 21 26 
6 4 10 11 13 15 21 
5 2 18 21 22 34 
7 0 9 19 20 21 25 32 
11 0 1 6 9 11 13 16 18 19 21 27 
9 16 17 18 19 24 26 30 31 32 
12 2 4 7 10 13 17 20 26 28 29 33 34 
4 0 5 10 14 
9 5 9 15 17 21 23 27 29 30 
9 0 7 9 10 12 13 17 18 32 
8 1 5 8 9 14 16 25 28 
10 0 4 12 14 15 19 20 21 24 32 
9 0 1 3 4 11 17 20 23 27 
9 1 15 16 18 20 23 28 30 34 
7 2 8 15 18 22 23 29 
10 0 2 7 12 14 19 20 28 31 33 
13 5 6 11 13 14 19 23 25 26 28 29 32 33 
6 1 6 17 26 29 33 
7 2 7 8 9 13 18 20 
9 1 4 7 9 11 12 16 17 29 
8 7 16 23 24 25 30 31 34 
13 7 8 9 11 12 14 16 19 22 23 24 26 28 
10 7 9 10 12 19 22 26 27 28 29 
10 7 10 14 16 19 20 22 25 26 33 
14 0 3 7 9 10 11 12 17 19 22 26 29 33 34 
7 1 11 12 15 19 26 31 
9 0 1 12 14 17 19 21 29 32 
9 0 3 5 7 10 13 14 16 22 
13 0 3 5 6 13 15 16 17 24 28 31 32 33 
6 0 16 18 19 26 30 
8 3 7 11 23 24 25 26 31 
8 0 5 6 11 22 28 30 31 
8 1 3 5 7 16 23 25 31 
8 1 2 6 14 15 16 24 27 
16 1 2 8 9 10 11 12 17 18 20 21 26 27 30 32 33 
6 2 14 17 18 21 31 
10 4 6 7 10 11 20 25 27 30 31 
10 1 8 11 12 13 18 21 30 31 33 
13 5 9 10 11 13 14 15 17 18 24 26 28 29 
9 7 10 14 15 21 22 23 28 34 
10 0 1 13 14 19 21 26 27 30 31 
7 6 12 18 19 20 22 29 
8 5 8 9 17 23 28 32 33 
10 1 2 6 12 15 16 19 22 28 34 
11 2 6 14 15 16 19 21 24 29 31 32 
6 0 7 14 21 23 25 
4 1 21 30 33 
9 2 3 4 6 10 12 13 15 28 
7 3 7 12 20 21 23 28 
9 2 6 7 12 15 26 27 31 33 
5 3 12 15 17 22 
9 1 5 6 8 9 19 21 24 34 
8 2 5 13 17 19 20 32 34 
8 6 7 10 13 19 21 33 34 
15 1 7 8 12 14 18 20 22 25 26 27 28 29 30 32 
13 1 2 3 5 7 8 10 18 21 25 26 31 34 
14 0 3 7 13 15 16 18 19 20 22 23 27 32 33 
11 2 7 8 12 15 17 18 24 26 29 34 
13 6 8 11 12 17 19 21 22 23 29 30 33 34 
14 1 4 8 9 14 16 17 19 21 27 29 31 32 34 
4 17 22 25 32 
8 3 5 9 16 17 18 29 31 
