70:105
48 0 3 7 8 12 13 16 18 19 20 22 24 26 27 29 31 33 34 36 38 39 42 43 44 47 49 50 51 56 57 59 62 64 65 67 68 74 77 80 87 90 92 94 95 98 99 102 103 
51 0 2 3 5 6 9 10 11 13 14 15 18 19 22 25 26 28 31 32 36 37 38 40 42 45 46 47 52 55 56 57 58 59 69 70 73 77 78 79 81 82 83 90 92 93 94 95 97 99 101 103 
57 1 2 10 12 13 15 17 22 23 24 27 28 29 30 31 32 33 35 41 42 43 45 46 47 48 51 52 53 54 58 59 60 61 62 64 65 67 68 69 72 73 78 79 81 82 83 84 87 88 90 92 94 95 96 99 101 103 
57 0 1 2 3 4 5 6 9 11 12 13 15 16 17 18 19 20 21 22 24 25 27 28 29 30 35 40 43 45 46 47 49 50 53 58 62 64 65 67 68 69 73 75 77 78 79 82 83 85 86 89 93 94 95 98 100 104 
48 0 1 2 5 6 7 10 15 16 17 18 22 28 32 36 45 46 50 51 52 53 54 56 57 60 61 63 64 65 68 69 70 72 73 76 80 81 82 83 86 92 95 98 99 100 101 102 103 
42 1 8 9 10 12 13 15 16 18 23 25 27 28 31 32 35 40 41 48 49 52 53 54 56 58 61 67 70 72 73 74 77 81 90 91 93 94 96 97 98 100 103 
54 0 1 2 3 4 6 7 12 14 16 19 20 24 25 28 29 30 31 32 33 35 36 44 45 51 52 55 59 61 62 63 64 65 68 72 73 74 76 77 78 79 81 83 86 88 89 92 93 94 96 98 100 102 104 
57 1 4 5 7 11 13 14 15 16 17 18 19 20 23 24 26 27 30 32 33 35 36 37 42 47 49 51 52 54 55 56 58 59 65 66 71 72 73 75 79 81 85 86 87 88 89 90 91 92 93 94 95 96 97 98 100 102 
53 0 1 2 7 9 10 12 13 14 16 17 19 20 21 24 29 31 33 35 36 37 38 39 41 42 45 48 50 51 53 56 59 60 61 62 66 67 68 70 73 76 78 80 82 83 84 85 87 89 91 99 102 103 
50 0 2 4 6 7 9 12 13 21 22 25 26 28 30 31 34 36 37 38 39 41 42 44 47 49 51 52 53 55 56 61 62 63 67 68 69 70 72 73 76 77 80 89 91 93 94 95 97 101 104 
49 5 6 7 8 11 15 17 21 26 27 28 29 30 31 32 33 37 39 40 41 42 44 45 46 51 52 53 55 57 58 59 62 65 66 72 75 76 78 86 89 91 92 93 96 97 100 101 103 104 
42 0 2 3 4 5 12 13 14 15 16 19 24 27 29 30 34 37 41 42 45 46 48 50 53 56 57 61 67 69 73 75 81 83 84 85 87 90 91 96 102 103 104 
53 1 4 5 8 9 10 11 12 14 19 21 22 23 24 25 27 29 30 34 35 36 37 39 40 41 45 47 49 50 51 58 59 61 64 65 67 71 75 77 82 83 84 87 88 90 91 92 93 95 99 101 102 103 
55 3 4 5 7 8 11 19 21 26 27 28 31 34 35 36 38 40 43 44 45 47 48 50 51 53 55 56 58 59 61 62 63 64 65 66 67 69 71 72 74 77 79 81 82 83 84 85 87 89 90 96 97 99 102 104 
54 1 2 3 4 5 7 9 10 12 15 16 17 18 20 23 25 28 31 34 35 36 37 38 40 44 45 46 49 52 53 55 56 60 61 62 63 64 66 71 72 73 78 79 81 82 86 87 92 93 97 98 99 102 104 
52 4 5 6 7 8 9 11 12 15 18 24 26 28 29 30 31 32 33 35 37 42 43 44 45 46 47 50 51 52 54 56 63 64 68 69 70 71 74 75 78 79 80 81 86 87 88 89 90 91 94 100 103 
51 0 1 2 3 6 9 13 16 17 19 24 26 27 29 31 32 33 34 35 39 40 43 47 48 50 51 53 58 60 61 64 65 70 72 73 75 76 78 79 82 83 85 86 88 89 91 94 99 100 102 104 
52 0 1 2 3 7 8 9 15 16 17 20 21 22 23 28 29 30 35 36 38 41 42 45 49 51 55 57 58 62 63 64 65 66 70 72 74 76 77 80 81 82 84 86 92 93 95 96 97 99 100 101 103 
54 0 1 2 3 5 7 8 10 11 12 13 14 16 18 19 21 24 26 29 34 35 39 41 42 44 45 50 51 52 54 56 57 58 59 63 65 67 68 69 70 72 77 83 84 85 88 89 91 94 97 98 100 101 104 
51 0 3 4 5 6 8 9 10 11 12 15 18 19 20 23 27 30 33 34 35 36 37 38 41 44 48 49 54 55 57 59 63 65 67 68 71 76 78 81 82 85 86 87 88 91 92 93 95 97 101 102 
51 0 1 2 9 11 12 16 17 18 22 23 24 25 26 30 32 34 36 37 39 40 41 44 45 48 50 51 52 56 58 64 65 68 69 72 73 74 75 78 79 82 83 84 91 93 96 97 98 101 102 104 
66 0 1 3 4 8 10 11 12 13 15 16 17 18 19 20 21 24 25 26 29 32 34 39 40 42 44 45 46 47 48 49 52 53 54 57 58 59 60 61 62 64 65 66 67 68 69 70 71 73 74 75 76 77 78 83 84 88 89 90 94 95 96 98 99 101 104 
51 0 4 6 8 9 10 11 12 14 16 18 19 20 22 28 29 31 32 35 37 38 41 42 44 47 49 55 56 62 63 64 65 66 68 71 73 74 78 79 83 84 86 88 89 91 93 95 96 97 98 103 
45 3 6 9 10 11 17 18 26 28 31 32 33 35 40 42 47 48 50 55 57 59 62 65 66 68 69 70 71 72 73 74 76 78 79 81 82 83 84 89 91 92 93 94 102 104 
58 0 2 3 4 6 7 9 15 16 17 18 21 22 23 25 26 27 28 29 34 36 37 38 39 40 41 43 45 47 48 51 52 53 54 56 57 58 62 63 64 66 71 74 75 76 78 81 84 85 88 90 91 92 94 99 100 102 104 
52 1 4 5 11 12 14 16 17 18 19 21 27 28 30 31 35 36 39 40 42 43 46 48 53 54 55 56 57 58 60 63 64 66 68 69 72 76 77 78 79 81 82 83 87 92 93 94 96 97 98 99 101 
50 1 3 5 8 9 12 16 18 21 23 25 28 31 32 34 37 39 41 44 47 49 50 51 52 53 55 56 58 60 63 64 65 66 72 74 77 79 80 81 84 86 88 89 90 91 93 95 98 99 100 
54 0 1 4 5 8 12 15 17 18 19 21 22 23 24 27 28 30 32 33 34 35 36 37 38 39 40 43 44 47 48 52 54 56 57 58 61 63 64 65 68 72 74 78 83 87 88 89 91 92 94 98 99 101 104 
45 0 5 9 10 14 16 17 18 21 26 29 37 40 41 43 46 47 48 50 51 56 60 64 65 67 68 69 70 75 77 78 79 81 82 84 86 87 89 90 97 98 99 101 102 103 
59 3 4 7 12 14 15 16 17 19 22 23 26 27 29 32 35 36 39 40 41 42 43 44 51 52 53 54 55 57 58 59 61 63 64 65 66 68 69 71 72 73 78 79 80 81 84 86 87 88 89 90 91 93 97 98 100 101 102 104 
64 0 1 2 5 6 7 14 15 16 18 20 21 22 23 25 26 28 29 30 33 34 35 37 39 40 41 42 44 45 46 47 49 50 51 52 53 54 59 61 63 67 68 69 71 72 74 76 77 79 81 82 84 87 88 90 91 92 94 97 98 100 101 102 104 
55 1 4 7 8 12 15 17 18 21 22 25 26 28 29 30 31 34 36 38 39 40 41 42 44 45 47 48 49 52 53 54 56 63 64 66 70 72 73 74 75 76 77 80 82 87 88 89 91 92 94 99 100 101 102 104 
48 5 6 7 9 11 15 19 21 24 25 26 27 28 33 34 35 38 39 41 43 45 49 52 60 61 62 67 68 69 71 72 75 77 80 81 85 86 88 90 91 94 95 97 99 100 102 103 104 
58 1 6 7 10 11 12 14 16 19 20 21 23 27 28 29 31 33 34 36 37 40 41 42 43 45 47 48 50 51 53 56 57 58 59 60 62 64 65 66 69 70 72 75 78 79 82 83 86 88 89 90 92 93 94 98 100 102 104 
55 0 2 3 4 5 8 9 10 11 12 13 16 17 18 22 25 28 29 34 39 43 44 45 47 48 49 53 54 56 57 58 60 62 63 66 67 68 71 73 76 77 78 79 82 83 85 87 88 93 94 95 97 99 100 102 
55 3 5 8 9 14 16 17 20 21 22 23 24 25 29 30 32 33 34 37 39 40 41 43 45 46 47 48 49 52 54 55 56 58 59 60 62 63 65 66 71 76 79 80 81 82 83 84 85 89 90 93 97 98 101 103 
65 0 3 5 6 10 12 14 15 17 18 19 20 22 23 24 27 28 29 30 32 35 36 40 41 45 46 48 49 50 51 53 55 58 59 60 61 63 64 65 66 67 68 69 70 71 72 74 75 77 78 79 80 83 85 86 88 89 90 91 96 97 98 100 102 104 
51 0 1 2 3 6 7 8 10 15 16 19 20 23 25 27 28 31 33 34 35 38 39 41 43 44 47 48 52 53 55 56 58 59 60 61 63 65 66 71 72 78 80 83 86 87 88 92 93 96 99 104 
53 1 2 3 4 8 11 12 14 15 16 18 20 21 22 23 25 28 29 31 37 39 40 41 42 43 44 46 48 50 52 53 55 59 60 62 67 72 73 74 75 79 80 81 84 87 89 90 93 95 96 100 101 102 
56 1 2 3 6 7 11 14 18 19 22 23 24 25 29 30 31 32 34 35 36 38 41 42 43 45 48 49 50 53 54 56 60 61 62 63 65 67 69 70 71 72 74 75 77 78 79 80 81 93 94 96 98 99 100 101 103 
55 0 3 6 9 10 11 12 13 14 16 19 21 24 28 29 31 32 33 36 40 42 43 44 45 46 48 53 55 56 58 60 63 64 65 66 68 70 74 76 77 78 79 81 82 86 87 88 89 92 96 97 98 102 103 104 
52 0 1 2 7 11 15 19 20 21 22 23 24 26 27 28 30 31 34 36 39 40 42 43 45 47 49 51 52 53 59 61 64 66 68 69 73 75 76 77 79 80 81 84 85 87 88 92 93 94 95 99 103 
46 2 4 5 6 8 9 10 11 13 19 20 22 25 26 27 28 33 35 37 40 43 44 47 48 49 51 55 56 57 59 60 62 65 67 68 76 77 78 80 86 89 90 91 95 99 100 
58 0 2 8 10 12 13 15 16 17 19 21 22 24 25 27 28 29 32 34 35 36 37 41 43 46 49 50 53 54 60 63 64 65 66 67 68 69 71 73 74 75 78 81 82 83 84 85 86 88 89 91 93 94 98 99 100 101 102 
54 3 5 6 8 10 13 19 20 23 26 28 30 32 34 35 36 37 38 39 41 44 45 47 48 49 50 51 53 56 58 59 60 62 65 68 69 71 76 78 79 85 86 87 88 89 90 91 92 93 98 99 100 101 102 
42 0 5 7 8 9 10 12 13 18 19 28 29 34 36 37 38 39 40 53 54 55 56 57 58 62 66 71 72 74 77 79 81 83 85 87 88 91 95 96 97 99 102 
57 0 2 3 4 6 8 10 11 12 15 16 17 18 19 21 22 23 24 25 27 30 31 32 33 37 38 39 43 44 45 51 52 53 57 58 59 60 61 65 66 68 73 74 75 79 83 85 87 92 93 94 96 98 99 102 103 104 
48 4 5 6 9 11 12 15 16 18 19 20 23 28 29 31 35 37 38 44 46 49 52 53 55 56 58 69 70 71 73 74 75 76 80 82 83 84 85 90 92 93 94 95 97 100 101 102 104 
45 1 3 5 6 8 12 14 18 19 20 21 22 23 24 26 27 28 33 36 37 42 44 46 47 50 58 64 65 69 70 71 74 75 78 79 80 82 84 89 90 95 96 97 99 101 
49 17 22 23 24 28 30 31 32 33 35 40 42 44 47 48 49 50 54 55 56 59 60 61 64 65 67 68 70 71 72 73 74 76 77 79 80 82 83 84 85 87 88 92 94 97 99 100 102 104 
52 1 5 6 9 11 13 14 16 20 21 24 27 28 29 30 31 33 35 36 37 38 39 40 41 42 43 44 46 48 54 55 56 58 60 66 67 69 70 71 72 76 78 81 82 83 92 95 96 99 100 101 103 
57 0 3 4 7 9 10 14 17 18 19 21 23 26 27 31 34 36 37 38 39 41 42 44 45 46 47 48 49 50 53 54 56 60 61 64 65 69 70 71 72 73 74 76 81 82 84 86 87 88 91 92 94 98 100 101 102 103 
61 0 1 5 7 9 10 11 13 14 16 18 20 23 24 25 26 28 30 34 36 37 41 42 43 46 49 52 53 54 55 59 60 61 62 63 65 66 67 69 70 71 72 73 74 76 77 81 85 86 89 92 94 95 96 97 98 99 100 101 102 103 
43 1 2 13 17 20 22 24 25 28 29 30 32 33 36 39 40 41 45 49 50 51 52 55 56 59 61 62 65 70 71 72 73 77 78 79 83 84 87 88 91 93 94 98 
53 2 3 5 6 7 8 9 11 13 14 15 16 18 22 24 25 26 28 29 30 33 34 37 38 40 41 43 44 45 50 52 54 55 56 58 59 61 62 64 65 66 68 77 83 90 92 93 94 96 100 101 102 104 
53 3 6 8 9 10 11 12 13 15 17 18 22 26 29 32 38 39 41 42 43 45 46 47 49 50 51 52 53 54 56 57 60 62 65 66 67 69 75 79 80 84 85 86 87 88 89 90 92 94 97 98 99 103 
53 2 4 6 7 12 14 15 16 20 21 22 30 31 32 33 34 36 37 41 42 44 45 46 47 48 52 53 57 58 59 63 64 67 69 70 74 76 78 79 81 82 84 85 87 88 89 91 94 96 98 99 100 101 
49 0 3 5 10 12 16 20 21 22 23 25 26 28 29 32 33 37 39 41 43 49 55 57 58 59 60 61 63 64 65 66 67 69 73 74 75 76 78 80 83 84 85 87 89 92 93 94 100 101 
64 4 6 7 8 9 10 12 14 15 17 18 19 20 23 24 26 28 33 34 35 36 38 39 45 47 48 49 50 53 55 57 58 60 63 65 66 67 69 70 73 74 75 76 77 78 80 82 83 85 86 87 88 89 90 92 93 95 96 97 98 99 100 101 103 
47 0 2 4 6 10 11 15 17 19 20 23 27 31 34 37 41 45 46 52 53 54 55 56 58 62 63 65 66 67 69 70 72 74 76 83 85 86 87 89 90 92 93 94 98 99 101 104 
61 0 2 3 4 5 6 7 8 9 11 12 13 14 16 17 19 20 22 23 24 25 28 32 33 40 42 46 49 50 51 52 53 54 57 58 59 63 64 65 66 68 71 75 77 78 79 80 84 85 86 87 89 90 91 92 96 98 99 102 103 104 
59 0 2 3 4 5 7 8 9 10 13 14 18 19 20 22 24 26 30 31 32 33 34 35 38 39 40 44 48 50 51 54 56 59 60 62 63 64 65 68 69 71 72 75 76 77 78 80 82 83 84 85 89 91 92 94 95 96 97 104 
55 1 3 4 6 7 9 10 11 12 14 17 18 21 22 23 24 27 28 29 30 31 33 34 38 39 40 41 43 44 46 49 51 56 57 61 63 64 66 67 68 69 73 77 80 82 84 87 89 90 91 94 95 98 99 103 
54 1 4 5 6 8 9 12 13 18 19 20 21 22 23 27 29 30 31 33 34 36 40 41 42 43 45 47 48 49 53 55 59 61 64 66 67 72 73 75 76 81 82 83 86 88 89 91 92 95 97 98 99 100 101 
52 2 3 4 9 10 17 19 20 23 24 25 29 31 32 34 35 36 37 38 39 40 47 49 52 54 57 58 59 60 65 67 68 69 70 73 75 77 80 81 82 84 86 89 90 91 92 93 95 96 98 100 102 
55 1 2 3 6 7 8 10 11 13 14 15 20 22 23 24 26 28 31 32 33 34 35 36 38 39 40 43 44 48 53 57 59 60 61 62 63 64 65 66 67 71 72 73 76 81 83 84 86 87 90 95 97 101 102 103 
48 0 2 3 4 5 10 11 16 24 28 30 35 38 39 40 43 44 46 48 51 53 55 56 57 59 60 61 63 66 67 68 72 74 76 77 78 80 84 86 87 88 91 92 94 95 96 100 101 
56 1 2 3 6 8 9 10 12 13 14 15 16 17 18 22 24 26 28 30 31 32 34 35 36 41 43 44 48 49 50 51 53 57 58 59 62 63 64 66 68 69 71 72 77 78 79 80 81 82 85 88 91 93 94 97 102 
52 1 2 5 6 12 13 14 15 17 19 20 26 27 29 33 34 35 37 38 39 40 42 45 51 55 56 57 59 60 65 67 69 73 78 79 80 81 82 84 85 86 87 88 92 94 95 97 99 100 101 102 103 
55 0 2 4 6 7 10 11 12 17 18 19 21 22 23 26 27 28 29 31 32 33 35 41 42 43 44 48 50 52 53 55 57 58 59 61 62 63 65 66 70 72 75 76 78 79 81 82 85 86 87 89 91 94 95 101 
