70:70
13 0 14 18 21 24 26 27 33 35 40 47 50 61 
20 0 5 7 15 16 20 21 22 24 37 39 41 49 52 55 56 58 60 64 69 
19 1 2 7 8 10 18 21 24 33 35 40 45 50 52 56 58 61 64 69 
15 11 20 27 29 30 36 38 39 47 53 59 61 65 66 67 
26 0 2 10 11 16 17 19 20 21 22 24 28 37 39 40 41 42 46 52 53 56 57 59 63 65 68 
13 4 6 8 14 17 20 35 47 56 59 65 67 68 
21 0 8 14 15 17 21 26 28 29 31 35 38 42 43 45 46 52 53 59 62 65 
24 1 14 15 17 20 21 23 25 26 28 37 40 41 42 45 48 49 51 53 56 60 61 63 69 
16 2 4 6 10 16 18 20 22 26 27 30 36 38 41 42 46 
20 4 9 11 12 14 16 22 25 28 30 32 37 40 46 52 58 63 64 65 68 
11 0 1 5 8 16 17 33 38 43 46 53 
24 1 8 9 14 15 17 18 23 29 32 33 37 39 40 42 43 45 46 48 50 53 57 60 66 
15 2 7 8 9 16 22 24 27 28 29 39 49 58 65 67 
19 0 6 8 16 22 23 29 33 34 35 44 46 51 54 55 56 62 63 66 
18 0 1 6 14 15 22 23 28 29 30 37 41 45 56 58 59 60 69 
16 0 1 2 5 6 14 19 24 25 43 44 45 53 57 59 66 
19 0 2 3 6 8 14 16 19 24 25 26 32 33 37 52 54 55 56 57 
17 0 11 14 17 19 20 35 38 44 45 46 54 56 62 64 66 69 
20 0 3 12 13 16 17 21 28 29 30 31 32 36 40 56 59 60 63 66 68 
11 0 3 5 20 22 29 35 39 41 58 64 
19 1 2 4 6 12 13 20 22 26 27 30 33 34 37 38 42 47 49 60 
14 2 3 4 22 26 30 34 38 39 41 49 50 51 53 
15 8 9 21 23 26 36 41 43 44 46 53 58 63 68 69 
20 4 6 7 9 15 20 21 24 31 32 33 40 44 48 49 50 52 60 63 67 
15 3 10 18 21 23 25 26 31 33 34 44 59 62 68 69 
23 2 7 8 12 14 15 16 17 20 24 25 28 34 35 38 40 50 52 54 55 59 66 69 
18 2 9 15 17 20 21 24 27 30 35 36 40 43 44 46 51 60 61 
14 9 11 15 24 30 37 39 42 49 51 53 54 64 69 
14 7 8 9 13 17 18 19 20 21 24 35 43 57 69 
17 2 3 10 11 17 19 23 39 40 45 48 53 58 59 61 63 68 
12 1 17 18 19 22 30 37 58 60 61 62 68 
21 2 4 13 14 15 27 30 33 34 36 37 42 43 45 48 50 54 55 56 63 69 
21 1 4 9 21 27 30 31 32 33 36 41 42 49 50 51 54 59 61 62 64 67 
20 7 9 12 16 19 20 22 23 24 25 26 33 35 37 40 42 44 52 55 58 
21 4 8 14 15 16 19 25 26 28 33 39 41 43 44 45 46 53 56 58 60 62 
11 13 18 20 21 23 35 36 39 40 47 65 
20 3 6 7 8 11 17 21 25 27 31 39 42 43 46 53 56 62 63 66 69 
14 8 17 19 22 31 34 35 38 39 44 47 50 56 63 
13 9 14 18 19 24 36 46 48 51 52 55 59 67 
16 1 2 7 8 12 17 29 30 40 43 45 46 56 59 62 66 
18 1 3 8 13 14 19 24 25 26 27 32 33 34 43 53 58 68 69 
18 6 9 10 13 15 18 19 26 27 31 33 46 49 51 58 65 67 69 
13 8 15 27 28 43 44 46 48 54 58 59 65 66 
24 1 4 7 10 14 16 18 19 26 28 33 36 37 42 44 46 49 53 54 59 63 65 67 68 
12 1 3 8 19 32 34 38 47 48 53 66 67 
24 0 1 2 6 9 12 14 16 17 18 22 24 27 36 38 50 52 53 55 58 62 63 64 67 
17 0 1 11 12 17 22 25 27 30 33 34 38 40 44 60 66 67 
24 2 3 5 10 11 12 16 17 20 26 30 31 32 33 34 37 40 43 45 46 48 56 65 68 
17 2 3 6 8 23 31 36 38 42 53 54 55 59 66 67 68 69 
25 1 2 6 10 11 13 14 16 19 23 24 25 27 28 29 34 36 43 47 50 58 63 64 67 69 
16 3 6 12 14 21 26 29 31 38 39 40 41 43 49 50 64 
11 13 14 20 21 29 35 36 49 53 54 56 
21 0 4 7 9 16 24 28 30 31 33 42 43 44 45 46 47 48 50 57 58 67 
13 25 30 35 37 41 49 50 51 52 53 57 63 66 
15 7 15 17 18 25 27 28 34 39 41 55 58 63 68 69 
21 1 2 6 7 8 11 13 16 19 21 22 24 31 43 49 52 53 56 58 60 67 
16 2 4 12 18 21 22 26 33 40 41 42 43 57 62 63 69 
20 2 5 11 14 19 26 28 34 36 40 43 47 50 52 57 61 62 64 67 68 
17 6 7 19 20 22 23 31 32 36 45 46 47 60 63 65 68 69 
12 5 14 15 17 24 28 39 40 51 63 66 68 
21 1 2 3 6 11 12 13 15 17 19 25 27 32 41 47 50 54 57 60 61 66 
12 1 6 9 13 15 17 19 25 37 52 63 67 
20 1 7 13 14 15 17 21 26 27 29 31 32 48 50 55 56 57 60 61 66 
13 4 5 12 18 23 27 35 38 44 48 64 65 68 
21 2 3 7 8 14 16 20 24 31 34 38 40 54 58 59 62 63 65 66 67 69 
19 7 10 24 25 26 27 33 40 43 46 48 49 50 51 57 58 60 65 69 
24 0 1 4 7 8 10 13 16 20 23 29 32 35 37 43 49 50 51 54 59 61 62 64 69 
17 7 9 10 12 13 22 23 25 36 42 44 46 52 55 59 60 66 
17 1 4 6 10 11 22 23 24 26 30 35 46 59 61 62 64 67 
21 2 11 14 18 22 25 29 31 32 33 36 40 41 43 48 51 52 54 55 59 62 
