70:105
49 7 10 13 14 15 17 18 27 28 29 31 32 34 36 38 39 43 45 47 48 49 50 51 54 56 58 60 61 62 63 66 67 68 72 73 74 78 79 82 84 86 93 94 95 97 98 99 101 104 
49 2 4 5 9 10 12 14 15 17 20 24 27 31 32 33 34 38 39 42 43 44 46 47 49 50 51 54 55 59 60 64 66 68 71 72 73 79 81 86 87 89 90 93 94 95 99 100 102 103 
42 2 8 11 13 14 16 20 22 23 24 25 26 35 37 39 41 42 44 46 49 54 55 56 58 59 60 65 66 67 70 71 72 74 76 77 81 84 89 92 96 98 102 
53 0 6 7 10 11 14 18 19 20 21 22 24 25 26 27 28 29 32 33 36 38 41 42 43 44 45 46 47 49 50 51 52 54 56 60 62 64 66 67 71 72 73 76 77 79 81 83 84 87 91 92 97 99 
50 1 6 7 8 9 10 11 12 13 14 15 17 21 25 26 27 34 37 42 44 45 48 49 51 52 53 55 58 61 62 65 66 69 71 72 74 75 76 78 80 81 83 85 87 88 92 95 100 101 104 
52 2 4 7 9 14 17 19 21 22 28 29 30 31 32 33 35 36 37 41 43 44 50 51 53 55 58 59 60 61 62 65 70 71 73 74 75 77 78 81 82 83 84 85 86 87 90 91 92 100 101 103 104 
39 0 1 2 3 9 10 15 18 20 21 25 28 30 31 32 33 37 40 41 42 43 45 46 50 51 52 53 62 63 64 66 68 77 78 91 96 101 102 104 
61 0 1 2 3 4 7 8 10 11 16 17 18 21 22 23 27 28 29 30 31 33 34 37 38 39 40 41 43 45 47 48 49 50 51 52 55 58 60 62 70 71 77 78 79 81 83 84 85 86 88 90 91 92 95 96 97 98 99 100 101 103 
58 0 1 3 4 5 6 9 11 13 14 15 19 20 21 24 29 30 32 33 34 35 36 37 38 39 40 45 46 49 50 51 52 54 57 58 59 60 61 63 65 67 68 71 72 74 75 77 80 86 88 89 91 94 97 99 101 102 103 
55 1 4 5 6 7 8 11 12 13 14 16 18 19 23 25 28 32 33 35 37 38 39 40 43 44 47 48 49 51 54 57 58 59 61 66 69 71 72 73 74 75 76 77 80 83 84 85 88 91 92 94 97 98 101 104 
46 1 3 4 5 6 9 11 13 16 17 20 24 25 26 27 29 32 38 40 44 47 49 50 52 55 56 57 63 64 65 68 71 74 76 78 83 85 89 91 92 93 94 95 98 102 103 
57 0 1 5 6 10 11 12 13 16 17 19 20 21 23 29 30 34 35 36 40 41 44 46 47 49 51 54 55 57 58 59 60 61 62 64 66 67 68 70 72 77 78 79 80 81 82 83 86 87 91 92 93 94 95 97 100 103 
60 0 1 2 3 4 7 8 10 12 15 16 18 22 23 24 25 29 30 31 32 36 41 42 43 45 46 47 49 54 55 61 62 63 65 67 69 72 73 75 76 78 79 80 82 83 84 85 86 87 88 89 91 92 93 94 95 96 99 100 104 
57 3 5 7 8 12 14 15 17 20 21 22 24 25 27 28 29 30 32 33 34 36 37 38 40 42 43 47 50 52 53 59 60 61 63 64 65 66 68 69 70 71 72 76 77 80 81 83 86 87 88 92 93 94 95 97 101 102 
48 1 3 4 7 10 11 16 17 21 22 25 28 29 31 32 33 34 38 39 41 45 47 49 52 55 57 58 59 60 61 62 64 66 67 69 72 73 75 77 78 82 83 93 94 95 101 102 103 
50 5 6 9 11 13 14 17 21 23 25 26 27 28 29 31 34 40 41 42 43 44 45 47 50 51 56 64 67 68 69 71 72 75 76 77 80 82 83 88 90 91 92 93 95 96 97 100 101 102 104 
50 1 3 5 6 7 11 13 14 15 17 18 19 20 22 24 26 28 30 36 37 43 45 51 53 55 57 60 61 63 65 69 73 76 77 79 80 82 83 86 88 89 91 92 93 94 95 98 100 102 103 
50 0 1 2 3 5 9 10 11 12 13 14 18 19 22 32 34 35 36 37 40 41 42 44 47 48 51 55 56 59 61 64 65 68 73 74 75 77 78 79 85 90 91 92 93 96 98 100 101 103 104 
60 1 2 8 9 10 11 12 13 14 15 17 18 20 22 23 24 27 28 31 32 34 35 36 37 39 41 46 48 49 50 51 52 53 56 57 60 61 62 63 64 66 67 69 71 73 74 78 79 83 85 87 88 90 92 93 95 97 99 101 104 
54 0 1 2 7 8 9 10 11 13 16 17 20 22 26 30 31 32 34 36 38 39 40 41 43 47 51 52 55 59 61 62 63 65 66 68 69 70 75 80 81 84 85 88 89 90 91 94 95 96 98 101 102 103 104 
59 0 4 5 8 9 12 14 16 18 21 24 26 28 30 31 33 34 35 40 41 43 44 47 48 50 51 52 53 55 57 58 60 61 62 64 65 67 69 71 73 75 76 77 78 79 80 81 83 85 87 90 92 93 94 96 97 99 102 104 
57 2 3 4 6 8 10 12 14 15 20 23 24 26 27 28 30 32 33 34 36 37 38 39 40 43 44 48 50 52 53 56 59 62 63 64 65 67 69 73 74 75 76 80 81 82 85 86 88 93 95 96 97 98 99 101 103 104 
55 1 2 4 5 6 8 10 11 12 14 17 22 23 24 27 28 29 31 32 33 34 36 38 39 40 41 45 46 48 49 50 51 54 56 58 60 65 66 67 70 71 73 77 78 80 82 85 88 91 92 94 95 97 98 99 
56 0 1 3 9 10 11 13 17 19 20 21 23 24 25 26 28 31 32 33 35 36 37 42 46 47 49 52 54 56 58 59 61 62 63 65 66 71 74 75 77 79 81 82 83 88 89 90 91 94 95 97 98 99 100 101 104 
59 1 3 5 6 7 8 9 10 11 13 15 16 21 22 23 26 27 29 30 31 32 33 35 36 40 43 45 46 47 49 52 53 55 56 57 58 60 61 62 64 65 66 70 71 72 74 75 76 77 80 84 85 87 88 90 92 98 100 101 
51 1 2 3 7 8 9 12 14 16 17 18 22 23 25 34 38 39 45 48 53 54 55 56 57 58 59 61 64 65 66 67 70 72 73 75 76 77 79 80 81 82 84 85 86 88 89 94 100 101 102 104 
49 2 3 6 7 9 11 12 13 14 16 17 18 19 21 24 26 27 33 37 38 40 44 45 46 48 51 56 58 59 66 67 69 72 78 79 80 81 82 83 87 90 91 92 93 97 98 99 101 102 
43 1 10 14 18 21 24 29 33 34 37 38 40 43 44 45 47 50 51 54 55 60 61 62 63 66 69 70 71 72 74 78 82 86 87 91 92 93 96 98 99 100 102 103 
50 0 1 3 4 5 6 10 11 18 19 20 22 23 24 25 26 27 29 31 33 34 41 43 44 46 49 51 52 53 54 57 59 61 70 71 73 75 76 80 82 83 84 85 87 90 93 96 97 98 104 
49 0 2 3 6 10 11 13 14 15 17 24 25 27 28 29 30 31 32 33 35 36 39 43 44 46 48 49 50 52 55 56 57 58 59 61 65 68 70 76 77 78 82 88 89 91 95 98 101 103 
48 0 1 2 6 7 8 10 11 22 23 24 25 26 30 31 37 38 39 40 41 42 44 45 47 49 51 52 55 56 61 63 64 66 67 69 72 73 76 80 82 83 84 90 91 92 94 102 103 
60 0 6 7 9 11 12 13 16 18 19 20 22 27 28 30 31 34 35 36 37 41 42 43 45 46 47 48 49 51 52 54 56 57 58 59 61 64 65 66 67 68 70 71 72 74 75 77 78 80 82 84 86 92 94 95 97 99 100 102 103 
50 2 6 10 12 14 15 18 19 21 23 24 25 26 28 30 32 37 39 40 44 45 50 52 53 55 56 57 58 63 64 66 70 72 73 74 75 77 78 79 80 82 83 87 88 94 95 96 97 98 104 
57 0 1 3 5 6 7 8 10 12 13 15 16 18 21 22 23 24 27 30 32 34 37 38 40 41 47 50 51 52 53 54 56 57 59 61 63 65 69 73 74 76 77 80 81 82 83 86 87 89 90 92 93 95 96 100 101 102 
57 1 2 4 9 10 11 12 14 15 17 18 21 22 24 28 30 33 34 35 36 37 40 41 42 43 46 52 55 56 59 60 61 62 63 64 65 66 69 72 75 77 78 79 82 83 84 86 88 90 91 93 94 95 99 101 103 104 
55 5 7 8 11 12 13 14 16 19 20 22 24 25 29 31 32 34 37 38 39 40 42 43 44 45 47 48 49 51 52 55 56 58 60 62 63 64 67 68 69 70 71 73 74 75 77 78 81 84 86 87 89 90 95 104 
56 0 4 6 7 8 11 12 15 16 18 20 22 24 25 27 28 29 30 31 33 34 37 38 39 40 43 45 48 49 50 51 54 57 58 60 61 62 63 64 65 66 67 70 72 74 76 77 79 80 85 88 92 94 96 97 103 
55 0 1 2 3 6 9 11 12 13 14 15 17 18 20 23 24 25 26 27 28 30 31 34 36 38 41 43 44 45 46 49 50 52 53 54 58 60 61 65 66 67 70 75 76 78 80 81 84 86 88 89 91 94 101 104 
51 0 2 3 5 7 9 12 13 14 16 17 18 21 23 24 25 26 27 28 30 31 32 37 38 42 44 45 47 49 52 54 57 61 62 63 64 65 66 67 69 71 73 74 78 81 82 83 88 91 94 96 
53 5 6 9 10 15 16 18 19 20 21 22 24 25 27 28 29 35 38 40 41 42 43 44 46 52 53 54 60 64 65 66 67 70 71 73 74 75 76 80 82 84 86 88 90 91 92 94 96 99 100 102 103 104 
53 0 1 2 4 5 6 7 12 13 14 18 27 32 33 36 38 39 48 50 51 55 56 57 58 59 60 61 62 64 66 67 69 71 73 77 78 79 80 81 82 84 85 88 89 92 93 94 95 97 99 101 103 104 
48 1 2 3 4 6 8 10 11 17 18 20 21 24 25 26 27 31 32 33 34 37 38 39 40 41 42 44 50 51 52 54 60 65 66 71 73 82 85 86 89 90 91 92 95 96 100 103 104 
58 1 6 9 10 11 12 16 17 19 22 25 26 29 32 34 35 36 37 39 40 41 42 44 45 47 48 50 51 53 55 56 58 59 60 62 63 64 65 69 70 71 74 79 82 83 84 85 86 87 91 92 93 96 97 99 102 103 104 
60 2 4 5 6 7 9 10 11 14 15 17 21 22 25 26 31 32 33 34 37 39 41 43 46 49 50 51 52 53 54 55 59 60 61 64 65 66 68 69 70 72 74 75 77 79 80 81 84 85 89 90 91 93 95 96 98 99 100 102 103 
50 0 2 6 15 18 19 20 21 22 27 29 32 33 38 39 43 45 46 47 48 49 50 51 54 55 56 57 60 63 65 66 67 68 69 72 76 77 79 81 82 85 86 87 88 92 94 97 98 99 104 
57 1 2 3 4 6 10 11 13 15 16 17 23 25 29 30 31 32 35 36 40 41 43 45 47 49 50 51 53 54 56 58 59 60 61 63 65 71 72 74 76 78 79 80 81 84 85 86 88 91 93 94 96 97 99 101 102 104 
51 0 2 3 6 8 9 10 11 13 14 15 17 18 22 25 27 30 31 32 34 35 36 38 39 42 43 47 50 55 56 58 60 62 64 65 68 73 74 75 80 81 83 85 86 87 90 91 93 98 101 103 
55 1 3 7 8 10 12 13 15 16 22 23 24 28 30 31 32 35 37 38 40 41 42 44 46 49 50 51 54 55 57 59 62 63 66 67 68 69 70 72 79 80 81 82 87 89 90 92 93 95 96 98 100 101 102 104 
45 0 1 4 6 7 8 15 16 18 20 21 23 25 27 29 30 42 44 45 49 50 51 54 56 57 59 60 61 62 64 70 72 74 78 80 81 84 85 86 88 89 97 98 102 104 
55 0 2 3 6 9 10 15 17 19 20 21 22 23 24 26 27 28 29 35 37 38 39 41 43 44 48 49 50 51 52 53 56 61 62 63 64 65 70 71 72 73 75 76 77 78 80 81 82 86 89 90 91 92 99 104 
49 0 1 2 4 5 7 8 14 16 18 19 25 26 27 33 35 36 39 40 44 45 48 50 51 55 56 61 64 65 67 69 70 73 75 77 78 79 80 81 82 83 84 85 87 88 89 97 98 104 
59 2 3 4 5 6 12 13 14 16 18 20 21 26 27 28 34 35 37 39 40 42 43 44 45 46 47 48 49 50 54 55 59 61 63 65 67 68 69 72 73 74 75 77 78 82 83 86 87 88 90 92 93 94 96 98 100 101 102 104 
50 4 6 8 10 12 13 14 15 18 20 22 23 24 27 28 29 35 36 37 41 42 45 47 48 49 50 51 53 55 56 57 58 60 61 62 63 64 68 69 70 73 75 81 82 87 88 89 97 98 101 
51 1 2 3 4 5 6 7 10 11 13 15 17 21 23 24 26 31 33 35 36 38 42 49 50 52 54 57 59 60 61 62 63 64 66 72 74 78 80 82 85 87 89 90 94 97 99 100 101 102 103 104 
62 0 1 3 5 6 7 9 10 11 13 19 23 24 25 26 27 28 30 33 34 35 39 42 43 44 45 46 47 52 53 54 55 57 59 61 62 65 66 67 68 70 71 74 75 78 80 82 84 85 86 87 89 90 92 94 96 97 99 100 101 102 103 
52 1 5 10 11 13 18 19 20 21 24 25 27 28 30 31 32 33 36 39 42 43 45 46 49 51 52 59 60 61 62 64 65 68 69 73 76 77 78 79 81 82 83 85 87 90 91 93 97 101 102 103 104 
56 0 4 5 6 7 9 14 15 18 19 20 21 22 26 27 28 33 34 37 39 42 46 47 48 49 52 53 54 55 56 58 59 64 65 66 69 70 71 72 73 74 77 78 81 82 84 86 87 89 92 93 94 98 99 100 103 
54 2 4 5 6 7 9 10 14 15 16 17 18 20 21 22 23 26 27 28 29 32 33 35 37 39 44 45 47 48 49 52 53 57 58 60 61 66 67 68 71 73 77 78 79 81 84 89 91 92 94 96 97 100 101 
55 0 1 6 9 10 12 14 15 18 19 21 22 23 26 27 30 32 35 36 38 39 40 41 43 44 53 56 57 58 59 60 61 66 67 69 70 72 74 78 79 80 81 83 86 87 88 89 90 92 93 95 98 99 103 104 
60 3 4 5 7 8 9 11 12 13 15 16 17 19 21 23 24 25 26 27 29 30 32 33 34 35 38 41 42 43 44 46 49 52 57 60 61 63 64 67 71 72 73 78 80 81 82 83 84 85 86 87 88 93 94 95 96 98 101 102 104 
56 2 4 9 11 12 13 14 15 16 17 18 20 23 24 25 27 31 32 34 36 37 38 39 40 41 42 44 47 49 56 58 60 61 62 65 67 68 72 74 76 77 79 80 82 83 85 86 90 91 93 95 96 100 101 102 104 
48 1 2 4 6 7 13 15 21 22 23 24 25 27 28 29 30 37 39 41 42 47 50 51 52 55 57 59 61 63 64 66 70 71 72 73 75 76 78 83 84 87 89 90 94 97 99 100 104 
64 2 3 4 6 9 10 11 13 14 15 16 17 19 20 21 23 24 25 29 31 32 33 37 40 44 45 47 48 51 52 55 56 57 58 59 62 63 65 68 69 70 72 73 74 75 76 77 81 83 84 86 87 88 89 90 91 92 94 95 96 100 101 102 103 
58 1 2 3 4 6 9 11 12 13 19 20 23 25 26 27 28 29 31 34 36 37 38 40 41 42 44 45 46 50 51 54 55 56 57 58 66 71 72 73 76 77 79 82 85 87 89 91 92 93 96 97 98 99 100 101 102 103 104 
53 0 1 3 6 7 8 10 13 14 19 21 22 23 25 26 27 30 34 37 38 41 43 46 48 49 51 52 54 55 56 57 58 60 62 63 72 73 74 77 78 79 80 86 88 91 93 95 97 98 99 100 102 103 
53 0 5 6 9 10 12 13 17 22 24 28 34 36 37 38 39 44 45 47 48 49 52 53 55 56 58 59 61 63 65 67 69 70 71 72 74 75 78 80 81 83 85 89 90 92 93 95 96 98 100 101 102 103 
49 0 3 4 6 7 8 10 16 17 18 19 21 22 25 29 33 35 36 37 38 41 42 43 44 46 48 49 51 53 55 59 62 64 65 67 68 69 71 73 75 80 81 82 87 91 92 94 96 100 
53 10 14 15 16 17 19 21 24 25 28 30 31 32 33 39 41 43 44 46 48 49 50 51 52 55 56 57 60 61 63 64 66 68 69 70 73 76 77 78 79 80 81 82 84 85 90 92 93 94 95 98 99 103 
51 1 3 4 5 9 10 12 14 15 17 18 20 26 30 31 32 35 38 39 41 42 43 44 46 47 50 52 54 55 56 62 66 68 70 71 72 73 75 78 81 82 87 91 94 95 97 99 100 101 103 104 
53 0 1 2 3 7 8 10 13 14 15 16 18 19 21 22 23 24 25 27 28 32 33 35 38 39 41 43 45 52 54 55 56 57 62 63 65 66 69 77 80 83 84 85 88 89 90 91 92 93 94 97 102 104 
