70:35
17 3 6 7 8 9 10 11 16 17 19 22 23 24 25 26 27 29 
19 0 1 4 5 10 13 14 15 20 22 23 24 25 26 27 30 31 33 34 
21 0 1 2 4 6 9 10 12 16 17 18 19 21 22 24 26 29 31 32 33 34 
22 1 2 5 8 10 11 14 16 18 19 21 22 23 25 26 27 28 29 30 31 32 33 
23 0 1 2 3 6 7 8 10 11 12 14 15 17 18 20 21 22 23 25 26 29 30 33 
18 1 2 4 5 6 8 9 11 13 16 19 20 21 23 25 26 30 34 
19 0 2 4 5 8 10 12 16 18 19 23 25 27 28 29 30 31 32 34 
18 0 2 6 8 9 10 13 14 15 20 21 24 29 30 31 32 33 34 
23 0 1 3 4 6 7 8 9 11 12 14 15 17 19 21 22 24 28 29 30 31 32 34 
18 1 5 7 8 9 10 11 12 16 17 22 23 26 27 31 32 33 34 
18 2 3 5 6 7 8 13 17 18 22 24 25 26 28 30 31 32 34 
23 0 3 4 5 7 8 9 11 13 14 16 18 20 21 22 23 25 27 28 29 31 32 33 
22 0 3 4 6 7 8 9 10 11 12 13 14 15 19 20 23 24 25 28 29 30 31 
18 1 5 6 8 9 10 12 14 15 17 19 20 21 22 24 25 30 33 
20 1 3 5 8 9 11 12 13 14 15 16 17 18 19 22 23 24 27 31 33 
19 2 3 6 7 9 10 14 15 18 20 21 23 24 25 27 28 29 30 34 
20 1 2 6 7 10 13 16 17 18 19 20 21 22 24 25 26 27 28 33 34 
21 0 2 4 5 6 8 9 12 13 16 19 20 21 22 24 26 29 30 31 32 34 
22 0 1 2 3 4 6 8 9 10 13 14 16 17 18 19 21 22 25 26 28 33 34 
19 0 1 2 4 6 7 8 9 11 13 18 20 21 23 25 26 28 31 34 
19 0 1 5 6 7 9 12 13 17 18 19 20 22 25 26 27 28 29 34 
11 2 7 10 13 16 18 22 27 28 29 30 
16 1 2 4 5 9 12 13 14 15 21 24 26 27 29 31 34 
15 2 5 7 13 16 18 21 22 23 24 25 28 31 32 33 
17 0 1 5 6 8 10 13 16 17 19 20 21 24 27 28 30 31 
14 1 6 8 9 12 15 18 20 22 26 29 32 33 34 
17 0 2 4 5 6 10 13 14 15 16 19 22 24 25 26 30 33 
20 4 6 7 8 9 10 13 14 15 18 20 21 23 24 26 28 31 32 33 34 
18 1 2 4 6 7 9 12 15 17 18 19 20 22 23 24 28 29 32 
13 2 3 4 10 16 19 22 24 26 27 29 33 34 
12 3 4 7 8 10 13 15 16 18 28 31 32 
15 1 2 3 4 7 10 12 14 17 18 21 25 29 30 34 
13 0 4 14 15 17 18 22 24 26 27 30 32 33 
19 1 2 4 5 8 9 12 13 15 16 17 21 24 26 27 28 29 33 34 
17 5 6 7 14 16 18 19 20 21 22 23 24 28 29 30 31 33 
12 0 2 3 4 7 8 14 18 26 27 28 29 
24 0 1 3 5 6 8 11 12 13 14 15 16 17 18 19 20 21 22 23 27 28 32 33 34 
17 2 3 4 6 8 10 13 14 15 16 17 18 24 25 28 29 34 
20 0 2 4 5 7 8 10 11 12 13 14 15 20 22 24 25 28 30 31 33 
15 5 9 10 12 13 16 17 18 20 21 23 25 26 33 34 
13 0 2 4 7 12 13 17 22 25 26 27 29 31 
18 0 4 6 7 12 13 14 15 16 17 20 21 23 25 27 30 31 32 
22 2 8 10 11 13 14 16 17 18 20 21 22 23 24 25 26 28 29 30 31 32 33 
16 1 2 3 5 6 7 10 12 17 18 19 21 23 29 30 32 
16 2 6 7 8 10 16 17 18 21 22 24 25 26 31 33 34 
18 0 2 5 9 10 11 13 15 16 18 22 24 26 27 29 32 33 34 
19 0 1 2 4 5 6 7 10 11 17 19 20 22 24 27 28 31 32 34 
19 0 1 4 5 7 8 11 12 14 15 20 22 26 27 28 29 32 33 34 
15 0 1 2 3 8 15 17 20 23 27 28 31 32 33 34 
23 2 4 5 6 10 11 15 17 18 19 20 21 22 23 24 25 26 27 28 29 31 32 33 
19 0 1 2 3 6 7 11 13 14 16 18 21 23 25 26 27 28 29 32 
18 0 2 3 4 5 6 7 9 14 15 17 18 22 23 24 25 31 32 
17 2 3 5 6 8 12 13 15 17 18 19 20 23 28 31 32 34 
15 0 1 3 4 8 11 16 19 20 21 22 23 28 29 32 
15 1 3 4 5 8 11 15 17 19 21 25 27 29 30 31 
13 1 2 4 9 11 14 15 19 20 21 25 27 34 
24 0 2 5 6 7 8 9 10 11 12 14 16 17 18 19 20 21 23 24 28 30 31 33 34 
15 6 7 8 9 10 16 17 21 23 24 25 28 29 30 34 
14 0 3 8 11 13 15 19 20 21 24 26 28 30 33 
14 3 4 5 7 11 17 18 20 21 23 24 28 31 33 
16 0 2 3 5 6 12 16 20 21 22 23 25 29 30 32 34 
21 1 2 3 4 5 10 11 12 13 14 17 18 21 24 25 26 27 28 29 30 32 
19 0 3 4 5 8 10 11 13 14 15 16 17 19 22 30 31 32 33 34 
19 4 7 8 9 10 12 15 16 17 19 20 21 24 25 26 29 30 33 34 
12 2 3 4 5 10 11 14 16 19 21 33 34 
18 4 5 6 8 9 11 13 16 17 18 20 21 24 25 27 28 30 33 
19 0 1 2 4 5 12 14 15 19 20 21 22 23 24 27 28 32 33 34 
18 1 3 4 7 10 13 15 16 18 19 22 24 25 27 28 30 32 33 
14 0 5 8 9 10 11 12 14 17 19 29 31 32 33 
15 6 9 10 11 13 14 15 17 18 19 24 26 27 29 32 
