70:70
37 1 2 3 5 6 7 8 9 13 15 17 19 20 22 26 30 32 34 35 37 38 39 41 42 43 44 48 50 51 52 53 55 58 61 63 66 68 
28 0 1 3 6 7 9 13 16 20 21 24 29 30 32 34 37 38 39 43 44 49 50 55 59 61 63 64 68 
35 1 4 7 8 9 12 15 17 20 23 26 29 30 32 33 37 38 39 41 42 43 46 49 50 51 52 53 54 56 57 58 62 64 67 68 
41 0 1 4 5 6 8 9 10 11 12 13 18 19 22 23 25 26 27 28 33 34 35 38 41 42 44 45 47 48 54 55 56 57 58 59 62 64 66 67 68 69 
35 0 2 5 10 11 16 18 19 20 21 22 24 26 27 30 31 33 35 38 39 40 42 43 45 46 48 54 58 59 60 61 62 65 66 69 
41 0 1 3 5 10 12 13 16 17 18 19 21 22 23 25 26 28 29 30 31 32 36 37 39 40 41 43 44 45 47 50 51 52 54 56 57 59 61 62 67 68 
37 0 1 4 5 6 7 8 10 13 15 16 19 21 22 23 24 25 26 27 28 29 31 32 34 37 38 40 43 45 46 47 57 59 60 62 64 69 
39 3 6 7 9 11 14 17 20 21 22 24 26 27 28 29 30 31 32 33 34 35 38 41 42 44 45 46 49 50 56 57 58 61 62 63 64 65 67 68 
36 1 2 5 6 7 8 10 14 22 26 27 29 30 34 35 36 38 39 40 45 46 47 49 50 51 52 55 56 57 58 59 60 64 65 66 68 
41 1 2 4 5 8 10 12 13 14 15 16 18 21 22 24 26 28 29 30 31 35 39 40 41 43 44 45 46 49 53 55 56 57 59 60 61 63 65 66 68 69 
37 1 2 9 10 11 13 16 19 21 22 24 25 26 29 30 31 32 33 35 36 39 41 44 45 46 47 49 50 52 54 57 58 61 62 63 66 67 
33 0 1 2 4 5 8 12 13 20 21 22 23 25 26 28 32 38 39 40 41 42 44 46 47 48 50 52 57 59 61 63 68 69 
37 4 5 7 8 9 10 11 13 16 21 22 26 27 30 31 32 34 35 37 38 39 40 41 43 45 47 48 49 50 53 55 56 57 58 62 63 66 
39 1 2 3 4 5 10 15 17 18 19 21 22 24 26 28 29 31 32 33 35 36 37 38 40 41 45 48 49 51 52 54 57 58 59 62 66 67 68 69 
38 1 3 5 8 9 10 11 12 13 14 19 23 24 26 27 29 32 33 35 38 40 41 42 45 46 47 49 50 53 54 57 58 59 60 61 66 67 69 
27 0 3 4 5 7 8 13 16 21 26 29 30 31 35 37 39 40 41 42 44 45 46 50 53 54 62 68 
34 4 5 6 8 11 12 16 18 19 21 22 28 29 31 33 34 37 41 42 43 45 47 49 50 51 52 53 54 55 58 59 63 64 66 
34 2 6 12 15 16 19 20 22 24 25 26 27 28 29 30 32 33 35 36 41 44 46 48 49 53 54 56 58 59 60 62 63 66 68 
40 2 6 8 10 11 12 14 18 19 21 23 24 29 31 32 33 37 39 41 42 43 44 48 50 51 52 54 56 57 58 60 61 62 63 64 65 66 67 68 69 
38 0 1 2 4 5 8 9 11 12 13 14 19 20 22 24 25 26 29 30 33 37 39 40 45 46 47 49 50 51 52 55 56 58 60 61 67 68 69 
35 4 5 9 11 12 15 16 19 21 24 25 26 29 30 31 33 35 37 38 39 42 45 47 48 52 53 55 56 58 61 62 64 65 66 69 
41 0 1 2 4 6 7 8 9 11 12 13 14 16 19 21 23 24 25 26 27 30 31 32 33 34 35 36 37 38 41 44 45 48 49 57 58 60 61 63 67 68 
24 4 5 7 10 14 20 22 23 24 26 29 34 35 38 42 43 47 48 49 52 60 61 63 66 
37 0 1 4 5 6 7 8 9 11 12 13 14 19 21 23 24 28 33 34 35 36 37 41 44 50 51 52 53 58 59 60 63 64 65 67 68 69 
35 0 1 2 4 7 8 9 10 13 15 19 21 22 24 25 27 29 30 32 36 37 40 41 46 48 49 51 52 56 57 59 60 61 64 66 
33 2 3 7 8 9 10 11 12 14 17 18 21 25 26 27 30 31 32 33 35 38 39 42 43 45 46 47 48 49 56 60 62 69 
38 1 9 10 11 12 14 16 17 18 20 21 23 25 26 29 31 32 35 36 38 41 42 44 47 48 50 51 53 56 57 58 59 60 61 62 65 67 68 
40 0 6 7 8 9 12 15 17 18 20 21 22 26 27 28 29 30 31 32 33 37 39 40 42 45 46 47 48 49 50 52 53 54 55 56 57 59 65 66 69 
35 0 1 2 3 6 8 10 12 14 15 17 19 22 23 24 33 36 37 42 44 45 46 49 50 51 53 56 58 60 61 62 64 65 66 68 
29 0 3 4 9 11 13 14 15 18 19 20 21 24 25 29 33 34 35 36 37 38 40 42 46 48 49 50 61 62 
32 1 6 10 12 17 18 19 21 23 25 26 29 32 33 34 35 38 40 41 43 45 46 51 53 55 56 57 59 60 61 65 69 
36 0 1 2 4 5 9 10 13 16 17 19 21 23 25 29 32 33 40 41 42 44 45 48 49 50 52 54 55 56 58 60 61 64 67 68 69 
40 1 3 4 5 8 11 13 14 15 17 18 24 25 26 27 28 29 31 32 33 36 37 38 39 40 41 43 46 47 51 52 54 55 57 58 59 63 64 65 67 
36 3 7 12 14 15 16 17 18 20 21 22 24 26 28 32 33 34 35 36 37 38 41 42 45 47 48 49 52 53 55 58 63 64 66 67 68 
33 3 4 7 9 10 15 18 23 26 27 29 31 32 34 35 37 40 41 42 45 46 49 51 52 53 55 58 59 60 63 65 67 68 
41 1 3 4 6 7 8 9 12 13 14 15 16 18 19 20 21 22 23 26 28 30 31 32 33 34 35 37 40 45 46 48 49 50 51 57 58 63 64 66 68 69 
39 5 8 11 12 13 15 16 17 18 20 21 22 24 29 31 33 34 35 36 37 43 44 46 47 48 51 53 54 55 57 59 60 61 63 64 65 66 68 69 
36 0 1 2 3 5 6 9 18 19 20 21 23 24 25 26 28 29 30 31 33 35 38 42 44 45 46 49 50 51 53 54 55 56 60 61 62 
29 0 1 4 7 11 15 17 21 26 28 31 32 33 34 35 36 42 43 44 47 51 54 55 56 58 59 60 66 69 
42 1 2 3 6 7 12 13 14 15 20 21 22 23 24 25 26 28 30 31 32 33 34 37 38 40 43 44 47 52 53 55 56 57 58 59 61 62 63 64 66 67 69 
38 0 1 2 4 7 9 10 11 12 13 15 18 20 21 24 25 26 29 32 33 34 37 39 45 46 48 50 51 53 54 55 56 57 59 60 65 66 67 
31 1 7 8 9 13 19 20 21 26 34 37 40 42 45 46 48 49 50 51 52 53 54 55 57 58 60 62 63 66 67 69 
31 0 7 8 10 17 18 23 24 25 27 28 31 35 36 38 40 41 42 43 45 46 48 50 51 54 57 58 59 63 64 68 
35 2 4 5 6 7 9 11 12 16 18 19 20 21 22 25 26 28 30 32 35 36 40 42 43 44 46 47 51 52 56 57 58 62 63 65 
34 2 4 5 9 12 15 17 19 22 23 24 26 28 29 30 32 34 36 40 41 44 45 46 50 52 53 57 58 59 62 63 64 67 69 
32 0 1 4 5 6 7 9 10 11 14 16 17 22 23 30 35 37 40 43 45 51 52 55 56 57 59 60 62 63 66 67 68 
27 0 3 5 6 7 8 9 13 15 16 18 20 22 23 26 27 28 31 32 37 39 40 49 57 62 64 67 
40 0 1 2 3 5 8 12 15 16 17 18 19 20 21 22 23 25 26 27 29 30 31 32 33 35 40 43 45 46 50 53 54 57 58 59 60 61 65 66 67 
37 0 4 5 8 11 12 13 15 16 17 21 23 29 31 32 35 38 40 42 43 44 45 47 48 49 50 51 52 54 55 58 60 64 65 67 68 69 
40 0 1 7 8 9 11 12 14 18 19 20 23 24 25 26 27 29 30 33 34 35 36 39 40 41 43 44 45 47 48 49 50 55 56 57 58 62 63 67 69 
40 2 3 5 8 11 12 14 15 16 18 20 22 25 27 28 29 32 33 34 35 36 42 43 46 47 48 49 52 55 56 57 59 61 62 63 64 65 66 68 69 
33 2 3 6 7 9 11 12 14 15 16 21 22 23 24 35 40 41 42 44 45 47 49 50 53 54 55 56 60 61 62 64 65 66 
32 0 1 2 3 5 14 17 18 19 21 23 24 26 29 32 34 35 36 43 44 50 52 54 57 58 59 62 63 65 66 67 68 
34 1 3 4 6 7 9 10 12 13 15 16 17 20 25 28 29 31 32 33 36 40 43 44 45 47 48 52 53 54 57 60 61 62 66 
36 2 3 4 7 9 11 13 15 16 17 20 22 23 27 29 31 32 33 35 41 42 44 46 50 53 55 56 58 60 61 62 63 64 65 67 69 
38 0 3 4 5 7 12 13 14 15 17 20 22 23 24 29 30 32 34 35 39 40 42 44 45 46 49 52 54 55 56 58 59 60 61 62 63 65 69 
33 1 2 4 5 6 7 10 13 14 18 21 22 27 28 31 32 34 35 36 39 41 43 45 47 50 51 52 53 55 56 58 65 66 
28 1 4 7 9 10 12 14 15 17 18 28 31 32 36 37 40 47 48 49 50 54 55 57 58 61 62 66 68 
34 4 5 7 10 14 16 23 24 26 28 29 31 34 35 38 39 41 43 44 45 46 48 49 50 51 53 54 55 57 59 63 64 66 67 
33 7 8 9 10 13 16 17 18 19 23 24 25 28 30 32 35 38 39 41 43 46 48 49 50 52 53 55 56 57 60 63 65 67 
37 0 2 3 4 7 14 15 16 17 19 20 22 23 24 26 28 29 33 34 35 37 38 40 41 44 47 48 49 51 52 54 55 58 60 61 64 69 
29 2 3 4 10 11 12 13 14 19 20 22 24 25 27 28 29 33 34 35 41 42 45 49 51 53 54 55 56 61 
32 0 1 4 5 15 17 19 20 21 24 28 29 30 32 33 36 37 38 39 40 41 43 46 52 55 57 58 59 60 61 66 69 
34 0 1 3 4 5 7 13 15 16 18 19 24 25 26 27 28 29 32 33 35 38 40 41 44 48 49 54 55 56 61 62 65 66 69 
30 3 6 7 8 9 11 12 14 18 19 20 21 29 30 31 32 36 38 40 42 45 47 51 59 60 62 63 64 66 69 
32 1 2 5 7 8 10 11 13 14 19 22 24 27 31 33 34 36 37 38 42 45 49 50 54 55 56 57 62 64 65 68 69 
31 0 6 7 10 11 12 13 17 18 19 23 25 26 27 29 30 31 32 33 38 41 43 47 59 60 61 62 63 64 65 67 
34 0 2 5 9 12 14 16 17 20 22 24 26 27 30 33 35 37 38 39 44 45 48 49 50 52 55 56 58 59 61 62 63 67 68 
31 5 6 7 11 12 14 15 16 17 19 21 27 28 30 33 35 37 44 45 48 50 52 56 57 58 59 61 62 65 67 68 
36 1 2 8 9 11 12 14 16 19 20 23 24 25 27 28 29 31 32 33 35 38 39 44 47 49 53 54 55 58 59 61 62 63 65 66 69 
