70:105
53 0 1 5 10 13 14 15 16 19 21 26 27 28 31 33 34 35 37 39 41 44 45 46 47 49 50 51 52 53 54 55 58 60 62 65 66 67 69 72 75 80 81 84 85 91 92 96 97 98 100 102 103 104 
55 4 5 7 8 9 11 13 14 15 16 17 20 21 23 24 25 27 30 31 33 36 38 42 44 45 47 48 49 50 51 53 55 57 58 59 60 67 68 69 70 73 74 75 76 77 82 83 88 89 91 93 94 98 99 101 
56 0 1 5 6 7 10 11 12 14 15 18 19 21 22 24 25 28 29 30 31 32 34 35 36 37 40 41 42 44 46 49 51 52 53 54 56 58 59 60 61 64 68 71 73 78 80 81 84 85 86 91 92 93 96 99 100 
52 5 7 8 11 12 13 14 16 17 18 20 24 25 26 28 29 33 34 37 42 44 45 47 48 50 51 54 55 56 57 58 59 63 64 65 68 69 71 72 75 76 77 79 80 84 85 88 91 94 96 100 103 
58 3 4 5 6 9 10 14 17 18 21 22 23 26 28 30 31 32 34 35 36 37 38 40 41 43 44 45 47 49 51 52 53 55 59 62 63 65 66 71 74 75 77 78 80 81 84 85 87 88 89 90 91 93 94 97 98 99 104 
67 0 2 3 4 7 9 10 13 14 15 17 18 19 20 24 25 27 28 29 30 31 32 34 35 37 38 39 40 42 43 44 45 46 47 50 52 55 56 57 58 59 62 63 66 67 70 71 73 75 77 78 81 84 85 86 88 91 92 93 94 95 96 98 100 101 102 103 
49 1 4 5 6 7 9 11 12 13 16 18 19 20 21 22 25 28 29 32 34 35 36 41 45 48 51 52 53 63 64 70 71 72 73 78 79 81 82 85 87 88 89 94 95 96 100 101 102 103 
45 1 4 6 8 10 11 12 14 17 19 21 25 27 29 30 34 35 37 41 42 43 47 48 50 55 56 57 59 63 67 69 70 74 76 77 78 81 83 84 85 92 95 96 99 104 
53 0 1 3 4 8 9 10 11 13 14 15 19 23 24 26 27 35 36 39 45 50 51 53 54 55 58 59 60 61 62 63 66 69 70 71 73 74 76 77 81 82 83 84 86 88 90 91 93 95 96 98 101 102 
52 0 3 6 9 10 11 13 16 17 18 27 28 31 32 35 36 40 41 42 44 45 46 47 48 50 51 52 53 55 60 62 64 67 70 73 77 78 81 82 83 84 85 87 89 90 93 94 96 97 101 102 103 
58 0 1 2 3 4 5 8 10 11 14 19 20 21 22 23 24 25 26 28 29 30 33 36 37 40 42 44 45 47 48 49 50 53 54 55 56 57 60 62 63 67 68 71 72 73 74 76 80 82 83 84 86 90 91 94 97 102 104 
59 2 4 5 7 10 11 12 15 16 19 20 21 23 24 27 30 32 34 37 41 43 46 47 48 50 51 52 56 57 58 59 64 65 66 67 68 69 71 72 74 75 76 77 78 80 81 83 84 85 86 89 90 91 93 94 95 96 101 104 
50 2 4 6 11 15 16 17 18 19 20 24 25 26 29 32 35 39 40 43 45 46 50 52 55 58 60 62 63 64 68 69 70 71 72 75 76 77 82 83 84 85 87 88 91 92 93 94 97 100 102 
46 4 5 7 12 13 17 18 19 24 27 32 33 37 38 40 44 45 46 47 50 51 52 55 56 59 60 61 66 68 70 71 73 76 77 79 82 83 88 89 90 91 95 97 98 102 103 
51 0 1 2 3 5 6 8 10 12 13 16 17 18 19 23 26 27 29 30 33 34 36 38 39 44 47 49 56 58 59 60 61 62 64 66 68 72 76 84 85 86 90 91 92 93 97 98 99 100 102 104 
52 0 1 7 8 9 11 14 17 20 21 23 24 25 27 28 29 32 33 37 38 40 41 42 43 45 47 50 54 55 59 61 65 69 70 71 72 73 74 75 78 79 80 83 85 87 89 94 96 97 98 100 101 
54 0 4 6 10 12 17 19 20 21 23 24 25 28 29 31 33 34 35 40 41 42 49 51 53 57 59 60 61 62 63 64 65 66 67 69 71 74 78 80 81 84 85 87 89 90 91 92 94 96 99 100 101 102 104 
45 0 1 2 3 4 6 7 8 13 18 19 20 22 25 26 27 31 32 34 36 37 40 44 45 51 56 57 62 63 64 65 67 70 72 77 78 80 89 95 96 97 98 101 103 104 
55 0 3 4 9 10 11 13 14 15 16 18 19 21 23 25 26 27 28 29 30 31 32 33 35 36 37 38 44 45 49 53 61 62 63 68 70 73 74 76 77 78 79 80 81 83 85 87 90 94 96 99 101 102 103 104 
54 0 1 4 5 6 7 9 11 13 15 18 19 20 21 25 28 29 30 32 34 36 37 38 41 46 47 49 55 57 58 59 61 62 63 64 67 68 70 74 75 77 82 83 84 87 88 91 92 93 94 95 98 101 104 
50 0 1 2 6 7 13 14 17 24 25 26 28 30 31 32 33 36 37 38 39 40 41 42 43 44 45 49 51 52 53 58 62 64 65 67 68 69 72 77 78 79 81 82 84 86 98 99 102 103 104 
54 3 4 5 7 10 13 14 17 18 21 23 24 25 26 27 28 29 30 31 33 34 38 39 40 43 45 46 50 51 53 55 56 58 60 63 66 69 71 74 75 76 78 80 82 83 86 87 91 93 94 96 97 98 103 
52 0 5 6 7 8 9 10 11 13 14 15 16 17 20 21 24 26 27 32 35 42 43 44 45 47 48 53 55 56 57 64 65 66 72 74 75 76 79 80 81 82 83 89 90 92 95 96 98 99 100 101 104 
44 2 4 9 10 13 15 20 21 24 26 28 31 44 45 46 50 51 54 55 57 59 61 62 63 64 65 66 69 70 75 76 79 81 82 84 90 92 93 94 95 98 101 102 104 
51 0 3 4 5 11 15 18 23 25 27 29 32 33 36 38 43 44 48 49 51 53 54 56 57 59 60 63 67 68 69 70 73 74 75 76 79 80 82 84 86 89 91 93 94 97 99 100 101 102 103 104 
51 2 4 7 8 9 10 14 15 16 17 21 23 24 25 29 31 33 35 37 38 39 44 45 49 50 51 53 55 56 57 63 64 66 70 72 74 75 78 80 83 88 89 92 93 95 96 97 98 99 101 104 
49 1 2 6 7 9 11 14 15 16 24 28 31 34 36 37 39 40 41 42 43 46 47 48 51 56 58 60 61 62 63 65 67 68 69 70 76 77 84 87 88 91 92 93 94 95 96 98 100 102 
57 1 3 4 8 12 13 14 15 16 17 18 19 21 22 23 28 29 30 31 33 34 37 38 41 44 45 47 48 49 51 52 57 60 62 65 68 70 71 72 73 74 75 77 80 81 82 83 84 86 87 90 91 93 96 97 98 100 
49 1 2 3 5 6 7 11 12 14 15 17 20 21 22 24 26 33 37 38 43 46 47 48 50 51 52 59 60 62 63 64 65 67 68 75 76 77 80 81 83 85 87 88 92 95 97 98 100 101 
46 2 4 6 8 9 10 12 16 17 18 20 24 27 29 31 32 34 37 38 43 44 45 47 49 50 54 57 58 59 65 67 69 70 71 74 77 78 80 83 84 85 87 88 90 96 104 
48 0 2 3 5 7 14 16 18 19 21 22 23 30 32 33 34 35 36 37 38 39 41 42 44 45 46 51 53 56 57 58 61 63 65 66 67 68 71 74 75 83 86 96 97 98 99 103 104 
44 3 4 5 8 9 15 18 19 22 26 31 32 33 35 38 39 40 42 46 47 48 49 52 55 59 60 61 63 71 75 76 78 80 81 83 84 85 86 88 90 93 98 100 103 
41 1 9 11 12 15 16 17 19 22 23 30 31 32 33 42 52 54 55 59 65 69 72 74 76 77 78 80 81 82 84 85 87 90 92 94 95 96 98 99 100 104 
58 0 1 2 3 7 9 10 11 12 13 14 18 20 21 23 26 27 29 30 33 34 35 36 39 40 42 43 44 45 46 48 49 50 51 53 54 55 56 63 64 67 68 69 70 75 77 81 85 91 92 93 94 96 97 99 100 101 103 
52 1 4 8 9 12 14 16 17 23 24 25 26 27 28 30 31 32 34 36 41 42 45 46 47 49 50 55 56 57 59 62 65 69 71 72 74 75 76 77 79 80 83 85 86 91 92 93 94 99 101 103 104 
51 3 4 6 10 11 13 15 19 20 24 25 27 29 33 37 39 41 42 44 47 50 52 53 55 56 57 59 60 61 63 68 70 77 79 80 81 82 83 84 87 88 89 90 93 96 98 99 100 101 102 103 
51 2 3 6 7 8 10 12 14 15 16 17 18 19 26 27 28 29 30 34 36 37 41 43 46 50 52 54 55 57 60 63 64 66 68 70 71 74 78 80 82 87 88 89 90 92 94 95 97 98 100 102 
55 0 1 2 3 6 7 8 11 13 14 16 17 18 20 21 25 27 28 32 33 37 38 39 41 42 43 44 46 47 49 50 51 54 55 56 62 65 68 71 73 74 76 78 79 82 83 87 91 92 93 95 97 98 101 104 
46 0 2 4 5 7 11 13 17 18 19 21 23 24 26 27 28 33 34 36 39 46 49 55 56 62 66 67 69 70 71 72 73 74 75 79 80 84 86 90 91 92 93 95 96 97 98 
47 0 1 2 11 13 17 18 20 21 24 28 29 30 32 34 35 36 39 43 44 46 49 51 52 54 55 56 60 61 62 67 70 71 73 75 79 86 87 92 93 94 95 97 98 99 100 103 
50 0 1 4 9 12 14 15 17 23 24 25 31 33 34 36 39 40 42 44 46 52 55 57 58 60 61 62 65 67 68 72 75 76 78 79 80 81 82 86 88 89 91 94 95 96 100 101 102 103 104 
44 2 13 15 17 19 20 21 23 25 27 28 30 31 36 39 40 41 43 44 46 47 49 51 52 53 54 55 56 62 65 66 67 70 71 72 79 81 83 85 86 94 100 102 103 
55 2 7 8 11 12 13 14 15 16 17 18 19 22 23 24 25 26 28 30 31 35 36 37 38 40 42 43 44 46 48 49 55 56 59 61 63 64 65 67 69 70 72 77 78 81 82 84 87 91 93 96 98 99 100 103 
51 1 2 3 6 8 11 12 13 17 20 21 22 26 27 28 29 31 33 35 36 39 40 42 45 48 49 53 58 59 60 61 62 64 67 72 73 75 76 77 78 82 84 86 89 92 93 94 96 97 101 103 
49 0 5 9 10 14 15 16 19 20 21 22 25 26 27 31 32 35 36 38 41 44 47 49 51 52 53 55 56 57 60 66 68 71 73 75 76 79 80 81 82 85 93 94 95 99 100 101 102 103 
50 0 1 3 5 6 10 13 18 21 24 25 30 33 34 35 37 38 39 40 41 42 46 47 48 50 51 52 55 56 57 58 64 68 71 72 74 78 80 81 82 83 84 87 88 91 92 95 96 99 104 
57 3 9 10 13 14 16 18 21 22 23 24 26 28 29 30 33 34 36 37 39 40 43 45 47 52 54 56 57 60 61 63 64 67 68 71 72 74 75 77 78 80 81 82 84 85 86 88 89 90 92 93 96 98 99 100 102 104 
47 3 4 9 10 11 16 17 18 19 20 26 27 28 30 31 33 35 36 37 39 40 42 43 45 46 47 49 53 60 61 62 63 66 71 73 76 79 81 84 86 87 88 89 90 93 98 101 
46 0 1 2 3 5 7 8 14 15 19 21 22 23 26 27 32 34 35 38 39 41 43 50 51 52 53 55 58 59 62 65 66 68 73 74 76 77 85 88 89 92 93 96 101 102 103 
59 5 6 7 8 9 11 12 13 14 15 16 17 18 19 21 25 26 30 33 34 35 36 38 41 45 46 47 48 49 50 51 52 53 54 55 59 60 61 63 64 65 66 70 72 73 74 75 76 78 82 83 85 86 89 91 92 94 102 104 
56 3 4 5 6 8 13 15 16 17 18 19 20 21 22 23 28 33 34 39 40 41 45 46 47 48 49 50 53 54 55 56 57 58 59 62 64 65 68 69 71 74 77 79 82 83 85 87 88 90 91 92 93 94 100 101 102 
47 0 1 3 5 8 9 14 15 19 22 24 25 27 28 29 30 31 33 41 44 47 50 52 54 55 60 61 62 63 64 66 68 71 76 78 79 80 84 86 93 94 95 97 98 99 102 104 
48 0 6 7 10 11 13 14 16 17 19 20 23 25 28 30 32 34 37 38 40 41 43 45 46 48 51 52 54 55 57 58 59 61 63 64 65 72 74 77 80 83 84 85 87 96 100 101 104 
55 1 3 4 5 6 8 10 12 15 16 17 18 19 21 22 23 24 25 29 33 34 37 38 40 44 45 48 51 52 53 55 56 59 61 62 64 65 66 72 73 74 75 77 79 80 82 83 85 86 87 94 95 96 100 102 
49 3 6 7 10 11 16 19 22 26 27 28 30 31 34 36 39 41 42 43 44 45 46 47 52 58 60 61 62 68 69 70 71 73 74 78 79 80 81 82 87 88 90 92 95 96 97 98 101 104 
58 0 1 5 6 9 11 13 18 19 20 21 23 24 25 26 27 28 30 32 33 34 35 39 48 51 56 57 58 59 63 65 66 68 69 71 73 76 78 79 80 81 82 83 85 86 88 89 90 91 94 96 97 98 99 100 101 102 103 
52 0 4 6 7 8 10 13 14 15 16 17 18 19 20 21 22 26 29 30 32 33 35 37 39 41 44 46 48 49 50 53 54 55 56 61 64 67 70 73 76 79 80 85 87 89 94 97 99 101 102 103 104 
54 1 3 6 7 9 10 11 13 15 16 21 23 24 28 29 32 33 34 36 38 39 41 42 43 44 45 46 47 49 50 52 58 59 61 63 70 71 72 73 74 75 76 79 81 83 84 87 88 90 91 92 94 99 102 
60 1 2 4 6 7 8 10 11 12 14 15 17 18 19 20 22 23 26 27 28 29 32 33 37 39 41 42 43 46 47 48 53 54 55 57 58 60 61 64 66 67 69 70 71 74 76 82 84 85 89 91 96 97 98 99 100 101 102 103 104 
56 5 6 8 14 15 17 19 20 21 26 28 29 30 35 39 43 44 45 46 49 50 51 52 55 59 63 64 65 67 68 70 71 72 73 74 75 76 78 79 81 82 83 84 86 87 88 89 90 91 92 93 97 100 101 103 104 
55 0 3 6 7 10 12 14 17 18 22 23 25 26 27 28 30 33 34 37 40 41 42 43 44 45 46 48 49 51 52 53 54 55 56 58 62 63 65 66 69 70 74 77 78 79 80 87 91 93 95 96 98 99 101 103 
60 3 4 5 6 7 9 10 13 16 18 19 20 23 27 29 30 33 35 37 38 39 40 41 42 43 49 50 51 53 54 56 58 60 61 62 65 66 67 68 69 72 77 80 83 84 85 86 87 88 91 93 94 95 96 97 98 99 100 101 102 
55 4 6 7 8 10 11 13 14 16 18 19 22 24 27 29 30 31 32 33 34 35 39 40 43 44 47 49 51 52 55 57 61 64 65 66 69 70 72 74 75 79 81 82 84 86 87 88 89 91 92 94 95 97 98 101 
51 2 3 5 6 9 10 11 13 21 22 23 24 29 30 31 32 36 40 42 44 46 47 49 51 52 55 58 59 61 63 64 65 69 70 71 72 75 77 78 79 80 81 82 85 90 91 92 97 98 103 104 
63 3 4 7 8 9 10 12 14 15 16 18 20 21 24 25 26 28 29 30 31 32 33 34 35 37 38 39 40 41 43 44 45 46 47 50 54 55 58 59 60 61 62 63 64 66 67 71 72 74 79 82 84 87 88 90 91 92 96 97 98 99 102 103 
55 2 6 7 9 11 14 16 18 20 22 28 31 35 36 37 38 40 41 42 43 47 48 50 53 54 56 59 61 62 63 65 66 67 70 71 73 74 77 79 80 81 85 88 89 90 92 93 94 95 98 99 100 101 102 103 
58 1 2 4 5 6 7 8 9 13 15 16 24 28 29 32 35 36 38 40 42 44 45 49 50 52 53 54 56 57 59 60 61 62 65 67 68 69 71 72 73 74 75 76 80 81 84 87 88 89 91 92 93 94 95 96 100 101 103 
47 4 6 8 10 11 12 14 21 22 25 27 29 35 36 38 41 42 43 44 45 48 51 53 54 56 57 59 60 61 62 63 66 67 69 70 73 74 81 82 86 87 91 92 94 95 98 103 
64 1 2 3 5 6 7 10 11 12 13 17 18 21 23 25 27 28 29 32 33 34 35 36 37 38 40 41 43 46 48 49 50 52 56 58 59 60 61 62 64 65 68 69 70 73 75 76 78 79 81 82 83 84 85 89 90 92 93 95 96 97 98 101 102 
50 0 1 2 4 7 19 20 21 24 25 26 32 34 35 36 37 39 41 43 48 51 52 53 57 58 59 60 61 62 63 64 66 67 71 72 74 76 77 79 81 82 85 86 87 92 93 94 95 99 101 
