70:35
6 5 10 15 23 32 34 
8 2 10 17 25 26 27 28 31 
6 0 15 23 24 29 30 
11 0 4 7 9 13 15 19 21 28 32 33 
11 0 1 2 3 8 14 16 18 20 27 33 
9 0 2 6 8 10 12 21 25 27 
5 13 22 24 27 29 
14 0 3 4 8 12 13 18 20 23 24 26 27 28 32 
8 1 3 7 18 27 29 31 34 
9 1 10 11 14 15 18 26 28 30 
9 5 6 10 14 15 19 22 32 34 
6 1 2 6 16 21 24 
8 6 7 8 16 18 23 30 34 
8 5 7 8 9 13 15 21 27 
3 2 3 23 
7 1 10 11 15 21 23 25 
6 1 12 13 15 26 27 
7 4 7 12 18 21 27 29 
5 1 22 24 30 33 
8 6 7 8 9 14 23 30 34 
5 2 3 5 12 26 
8 1 7 10 16 18 19 22 24 
8 2 4 10 18 23 24 25 29 
13 2 7 8 11 13 14 17 18 23 28 30 33 34 
7 5 8 10 13 25 32 34 
11 0 3 8 13 18 20 24 26 28 31 32 
11 5 7 8 12 13 15 21 22 23 26 31 
10 2 6 7 9 10 19 21 26 27 34 
9 1 4 8 17 19 21 23 29 30 
11 1 4 5 18 21 22 27 29 30 31 32 
8 0 2 7 11 16 18 24 27 
8 4 7 8 14 19 21 26 29 
11 1 2 4 7 8 10 16 20 26 27 34 
8 0 1 4 9 14 17 22 34 
9 4 12 14 15 18 23 28 29 31 
13 2 6 7 8 9 10 11 13 14 17 23 27 28 
9 2 5 6 7 9 19 25 28 32 
9 0 4 11 14 16 21 24 27 34 
12 0 7 9 10 15 16 24 25 26 27 28 33 
10 3 5 6 7 9 12 13 19 23 25 
12 0 4 5 8 10 11 18 21 24 28 29 31 
7 12 16 26 28 30 31 32 
6 20 21 22 28 33 34 
11 0 2 6 7 8 16 18 20 26 31 32 
9 2 10 16 17 20 24 30 32 33 
9 4 11 15 16 17 25 28 31 33 
11 5 6 9 12 15 22 25 26 32 33 34 
8 1 3 10 16 17 25 27 31 
9 0 1 9 12 17 21 22 26 30 
14 8 11 12 14 15 17 18 19 24 25 27 28 32 33 
10 1 5 8 11 15 19 20 23 25 28 
12 0 5 6 9 13 16 20 26 28 30 32 34 
8 2 6 9 19 24 25 31 34 
7 2 3 11 12 19 24 26 
9 3 8 9 10 14 17 22 24 26 
12 1 4 5 8 19 20 22 28 30 32 33 34 
8 0 7 17 18 19 23 24 30 
12 3 5 7 8 12 14 15 18 22 28 30 34 
4 12 21 28 32 
9 4 5 8 11 17 26 28 30 34 
7 7 10 13 26 27 30 33 
9 4 8 13 23 27 30 32 33 34 
6 3 10 14 24 30 34 
8 4 12 14 16 17 21 23 25 
6 1 5 6 7 8 19 
10 3 8 9 20 21 22 25 27 28 34 
8 1 12 13 15 17 19 28 33 
5 6 20 22 28 30 
11 1 6 7 10 11 21 23 24 25 30 34 
8 2 5 7 9 10 15 31 33 
