70:35
28 1 2 3 4 5 6 8 9 10 11 12 13 15 16 18 19 21 22 23 24 25 26 28 29 30 31 32 33 
26 0 2 3 5 6 7 8 9 10 12 13 16 17 18 19 21 25 26 27 28 29 30 31 32 33 34 
21 0 2 3 4 7 8 9 10 12 14 15 17 18 20 23 24 25 26 27 31 33 
28 0 1 4 6 7 9 10 11 12 13 14 16 17 19 20 21 22 23 24 25 26 27 28 29 30 31 32 34 
26 0 3 5 6 7 8 9 11 12 13 15 16 17 19 20 21 22 23 24 26 28 29 30 31 32 33 
28 0 1 2 3 4 5 6 7 9 10 11 12 13 14 16 17 18 19 20 21 23 24 25 27 28 29 32 33 
31 0 2 3 5 6 7 8 9 10 11 12 13 14 15 16 18 19 20 21 22 23 24 25 27 28 29 30 31 32 33 34 
25 0 2 3 4 5 7 8 9 10 13 14 15 16 19 20 21 22 23 24 26 27 28 30 31 34 
27 0 1 2 4 5 6 7 9 10 11 13 14 15 17 19 20 21 22 23 24 25 26 28 30 31 33 34 
27 0 1 2 4 6 7 8 10 11 12 13 16 17 18 19 20 21 22 23 24 25 26 28 30 32 33 34 
30 0 1 2 3 4 5 7 8 9 10 11 12 13 14 15 16 17 18 19 20 21 22 23 24 25 26 28 29 30 31 
28 0 3 4 5 6 7 8 10 12 13 14 15 16 17 18 19 20 22 23 24 25 26 27 28 29 30 31 33 
30 0 1 2 3 4 6 7 8 9 10 12 13 14 15 16 17 18 20 21 22 23 24 25 26 27 28 30 32 33 34 
24 0 1 2 4 5 7 8 9 10 12 13 14 16 18 19 20 21 24 27 28 29 31 32 33 
27 1 3 4 5 6 7 8 9 10 11 12 13 14 15 17 18 19 21 22 23 25 26 29 30 32 33 34 
21 0 1 3 4 6 7 8 9 10 14 15 16 18 23 24 25 26 27 28 30 33 
28 0 1 2 3 4 5 6 7 8 10 11 12 13 14 15 17 18 19 21 23 24 25 27 28 29 30 33 34 
26 0 1 2 5 6 7 8 9 10 11 13 15 16 17 18 21 23 24 25 26 28 30 31 32 33 34 
27 0 1 2 3 5 7 8 9 10 11 12 13 14 15 16 18 19 21 22 24 25 27 28 29 31 32 33 
22 0 1 3 5 10 14 15 17 18 19 20 21 22 23 24 26 27 28 30 31 33 34 
21 2 4 7 9 10 12 13 14 15 16 18 21 22 23 26 29 30 31 32 33 34 
26 0 1 2 4 6 7 8 10 11 12 13 15 16 17 18 22 24 25 26 27 28 29 30 31 32 34 
24 0 1 2 3 5 7 8 9 11 12 13 14 15 16 17 18 21 23 24 25 27 29 31 32 
30 0 3 4 5 6 7 9 10 11 12 14 15 16 17 18 19 20 22 23 24 25 26 27 28 29 30 31 32 33 34 
25 0 1 2 4 6 8 9 10 11 12 15 16 17 18 20 21 22 23 25 26 29 30 31 33 34 
26 0 1 2 3 4 5 6 7 8 11 13 14 16 18 19 21 22 23 24 25 26 27 28 30 32 33 
23 0 1 4 5 8 9 10 11 12 13 14 15 17 18 19 20 24 26 27 28 29 30 32 
27 1 2 3 4 6 7 8 9 10 11 12 13 15 17 18 20 21 22 23 25 26 28 29 30 31 33 34 
24 0 1 2 4 5 7 8 9 11 12 13 17 18 19 20 21 22 23 24 26 28 30 33 34 
26 0 2 3 4 5 6 8 9 11 12 13 15 16 17 19 22 23 24 25 27 28 29 30 32 33 34 
23 1 2 3 5 6 7 8 10 11 12 13 15 16 18 19 20 24 25 28 29 30 31 32 
26 0 1 2 3 4 5 7 9 10 13 14 15 16 17 18 19 20 21 22 23 24 28 30 32 33 34 
24 0 1 2 4 6 7 9 12 13 15 16 17 18 21 23 26 27 28 29 30 31 32 33 34 
31 1 2 3 4 5 6 7 8 9 10 11 13 14 15 16 17 18 20 21 22 24 25 26 27 28 29 30 31 32 33 34 
26 0 2 3 4 6 7 8 9 11 13 16 17 18 19 20 21 22 24 25 26 28 29 30 32 33 34 
28 0 2 3 4 5 7 8 9 10 13 14 15 16 17 18 19 20 21 22 23 24 25 26 28 29 32 33 34 
25 2 3 4 5 6 8 10 11 12 13 14 15 16 17 19 20 21 24 25 27 29 30 31 32 34 
31 0 1 2 3 4 5 6 8 9 10 11 12 13 14 15 16 17 18 19 20 22 23 24 25 26 27 30 31 32 33 34 
26 0 1 2 3 4 5 6 7 8 12 13 14 15 16 20 21 22 23 24 26 27 29 30 31 33 34 
27 0 1 2 3 4 5 6 7 8 9 10 11 12 13 15 17 18 20 21 22 23 25 26 27 28 31 32 
28 0 2 3 4 5 7 8 9 10 11 13 14 15 17 18 19 20 21 22 23 24 26 28 29 31 32 33 34 
27 0 1 2 3 4 5 7 8 9 10 11 12 14 15 16 17 18 19 21 24 25 26 28 30 31 33 34 
27 0 1 2 3 4 6 7 8 9 10 11 12 13 16 17 21 22 23 24 25 26 27 28 29 30 31 32 
26 0 1 2 3 4 5 7 9 10 12 13 14 16 18 19 20 21 22 23 24 25 27 29 32 33 34 
27 0 1 2 3 4 5 6 7 8 9 11 12 16 17 18 19 20 21 22 23 25 26 27 28 29 30 33 
27 0 2 3 4 5 6 8 9 10 11 14 15 16 17 19 20 22 23 24 25 26 27 28 29 30 31 32 
28 1 2 3 4 5 6 9 10 11 12 13 14 15 17 19 20 21 22 24 26 27 28 29 30 31 32 33 34 
19 3 4 5 8 9 12 13 15 16 17 19 20 21 26 27 28 31 32 33 
26 0 3 4 5 6 7 8 9 12 13 14 15 17 18 20 23 24 25 26 27 28 30 31 32 33 34 
29 0 1 2 3 4 5 6 7 8 10 11 12 13 14 15 16 17 18 19 20 22 23 24 25 27 31 32 33 34 
23 0 3 5 6 7 8 9 10 12 14 16 17 18 20 22 23 25 26 27 28 31 32 34 
23 0 1 4 5 6 9 11 12 13 14 15 16 17 18 22 23 25 26 28 29 30 32 33 
29 0 1 2 5 7 8 10 12 13 14 15 16 17 19 20 21 22 23 24 25 26 27 28 29 30 31 32 33 34 
27 0 1 2 4 5 6 7 8 9 11 12 13 14 16 17 18 19 20 21 22 24 25 26 28 29 30 33 
28 0 1 2 3 4 5 7 8 9 10 12 13 14 15 16 17 18 19 20 22 23 24 26 27 29 31 33 34 
24 0 1 2 3 5 6 7 8 9 11 12 13 14 16 17 18 19 21 22 24 27 29 31 33 
28 0 1 2 3 5 6 7 8 9 11 12 13 14 15 16 17 18 19 21 22 23 24 25 28 29 31 32 34 
26 0 1 3 4 6 7 11 13 15 16 17 18 19 20 21 22 23 25 27 28 29 30 31 32 33 34 
25 0 1 2 4 5 7 8 9 10 11 15 16 17 18 19 20 22 23 24 27 29 31 32 33 34 
28 0 2 4 5 6 7 8 9 10 11 12 14 15 16 17 18 19 20 21 22 24 26 27 28 29 31 33 34 
25 0 1 2 3 4 5 6 7 8 10 11 12 16 17 18 19 21 23 24 26 29 30 32 33 34 
25 0 2 3 4 5 6 8 9 11 12 13 16 17 18 19 20 21 23 24 25 26 27 28 33 34 
28 0 2 3 4 5 6 7 8 9 12 13 14 15 16 17 18 19 21 22 23 24 26 29 30 31 32 33 34 
27 0 1 3 4 5 6 7 8 9 11 13 14 15 19 20 21 22 23 24 26 27 28 29 30 32 33 34 
27 1 2 3 6 7 9 10 11 12 13 14 15 16 18 19 20 21 22 23 24 25 26 29 30 32 33 34 
25 0 1 2 3 4 5 6 7 8 9 12 14 16 19 21 22 24 25 27 28 29 30 31 33 34 
30 0 1 2 3 4 5 6 7 9 10 13 14 15 16 17 18 19 20 21 23 24 25 26 27 28 29 30 31 32 33 
21 1 2 3 5 6 7 10 11 12 13 15 16 18 19 20 21 22 24 26 33 34 
26 0 1 2 3 4 9 10 11 13 14 15 17 18 19 20 21 23 24 25 27 28 29 30 31 33 34 
29 0 1 2 3 4 5 7 8 9 10 11 12 13 14 16 18 19 20 21 22 23 26 28 29 30 31 32 33 34 
