70:70
37 1 3 5 9 10 15 16 19 20 22 24 26 28 29 32 34 35 37 38 39 40 41 42 43 44 46 47 49 53 56 57 59 60 62 64 67 68 
36 1 2 4 5 9 11 12 20 22 26 27 29 30 31 33 34 35 36 38 39 41 45 48 49 50 51 52 56 57 58 61 62 63 64 65 68 
35 0 1 4 8 10 12 14 15 16 17 18 20 22 24 26 28 29 31 33 34 39 43 44 46 48 51 54 56 57 61 62 63 65 66 68 
34 4 5 7 10 11 12 14 15 17 18 19 21 23 24 25 26 27 29 30 32 34 35 42 44 45 49 51 52 54 58 61 62 64 66 
33 1 2 6 8 11 13 15 20 25 28 29 32 33 35 40 41 42 43 45 47 49 50 51 52 53 56 57 59 60 65 67 68 69 
39 0 1 4 5 9 10 12 15 18 20 22 25 26 27 28 33 34 35 37 38 40 42 44 45 46 47 48 51 52 53 54 56 57 58 60 62 64 66 69 
34 1 2 4 7 11 12 13 15 16 19 20 22 24 25 28 32 35 39 40 41 44 45 47 48 49 51 54 55 56 57 59 66 67 68 
39 0 3 4 5 6 9 10 11 14 15 16 17 18 19 20 23 25 26 29 30 31 33 34 36 39 40 46 47 48 49 50 56 57 58 59 60 62 67 68 
36 0 1 4 5 7 8 11 12 13 14 15 16 18 19 21 24 25 26 27 33 34 35 37 39 41 49 50 51 56 57 58 61 62 66 67 68 
33 2 3 6 7 13 14 16 18 19 20 22 25 31 34 35 39 40 41 43 44 45 46 47 49 51 52 53 55 56 63 64 65 66 
38 0 1 2 9 10 12 13 15 16 18 19 23 24 25 27 28 30 31 32 36 38 39 40 41 43 45 47 48 50 53 54 58 61 62 64 65 66 67 
41 0 4 6 7 9 10 12 14 15 18 22 24 25 27 28 29 30 31 32 33 34 35 37 39 40 42 43 44 46 48 50 52 55 57 59 62 63 64 65 68 69 
38 0 3 4 6 9 10 11 12 13 15 19 21 22 25 26 27 28 30 31 32 35 39 40 42 44 45 49 50 51 54 55 57 58 59 62 64 66 69 
34 0 4 7 10 13 14 16 17 18 20 22 23 26 27 30 31 33 35 38 40 41 42 44 45 53 54 60 61 63 64 65 66 67 69 
32 6 9 10 11 13 14 15 16 17 19 21 22 24 25 27 30 31 34 35 41 42 49 53 54 57 59 61 62 63 64 67 68 
35 1 3 9 10 11 12 15 16 17 19 20 21 25 26 28 30 31 32 33 34 37 39 46 47 50 51 52 53 54 56 58 60 62 63 66 
36 0 1 3 4 5 7 8 9 10 13 14 16 20 21 22 23 24 25 31 34 36 38 39 40 41 42 48 49 50 51 52 63 64 65 66 67 
40 3 5 8 10 11 12 13 14 15 16 17 18 22 27 29 31 32 34 35 36 37 38 39 41 43 44 46 49 50 54 56 57 58 59 61 62 63 66 67 69 
42 0 2 3 6 8 9 10 13 15 17 20 21 22 28 29 30 31 32 39 41 42 44 45 46 47 48 50 51 52 53 54 56 59 60 61 62 63 64 65 66 68 69 
37 0 2 3 5 6 7 8 10 11 15 16 19 23 26 29 32 33 34 35 38 40 42 43 44 46 51 53 54 55 56 57 58 61 62 64 68 69 
46 1 3 5 6 12 13 14 15 16 17 21 22 23 24 25 26 27 28 29 30 31 33 35 36 37 38 39 40 43 45 46 47 48 49 50 51 52 53 60 61 62 65 66 67 68 69 
35 0 1 3 5 6 7 10 15 16 17 18 19 20 21 22 29 30 31 34 35 36 38 40 44 45 46 53 54 57 60 62 63 64 65 69 
32 0 1 3 4 5 6 7 10 15 19 21 22 24 28 32 35 37 39 40 42 43 46 47 48 52 55 58 60 61 65 67 69 
33 5 6 7 10 11 13 14 15 19 21 22 23 32 34 35 36 41 42 43 45 47 48 50 51 52 53 54 56 57 61 63 67 69 
37 1 5 6 9 10 11 12 13 14 16 18 22 23 24 25 28 30 36 38 40 41 45 47 50 51 52 53 55 56 58 60 61 64 65 66 67 68 
37 1 2 3 4 8 9 10 11 14 15 16 19 20 26 27 28 29 32 34 38 40 44 45 46 47 51 52 54 55 56 57 58 59 60 61 62 66 
32 0 2 3 5 6 9 10 12 14 19 21 22 23 24 25 26 30 31 32 33 34 42 43 45 54 56 57 58 63 64 66 68 
33 1 4 5 6 7 9 15 18 19 20 21 23 24 25 26 30 34 35 36 39 44 45 47 48 49 50 53 55 56 59 65 67 69 
43 0 3 4 5 7 8 12 13 15 16 17 18 19 20 22 23 24 26 27 28 29 31 34 35 38 39 44 47 48 49 50 53 56 57 58 59 60 63 64 65 66 68 69 
39 0 2 3 5 6 7 9 10 11 13 16 19 20 21 23 24 26 27 29 32 34 36 37 40 41 43 45 46 48 49 57 58 59 60 61 62 63 65 68 
30 2 4 9 11 13 14 16 20 21 23 28 29 31 32 35 39 44 46 47 48 49 50 55 56 57 60 61 63 64 68 
40 0 1 7 8 9 11 13 14 15 16 19 20 21 23 29 30 32 33 37 38 39 40 43 47 48 49 50 54 55 58 59 60 61 62 63 64 66 67 68 69 
25 0 2 3 7 9 13 17 21 22 24 28 29 35 37 39 42 45 51 54 55 61 62 64 66 68 
29 0 2 5 6 7 8 13 15 16 17 20 22 26 31 33 35 37 38 44 45 51 52 53 55 61 63 66 67 69 
39 0 1 2 6 7 8 11 12 13 14 16 17 19 21 24 25 26 27 34 37 38 39 40 41 42 43 44 46 54 55 57 58 59 60 61 62 63 64 68 
43 1 2 3 5 7 8 11 12 18 19 21 22 23 24 27 28 30 31 32 33 34 35 37 38 41 42 43 44 46 48 49 50 51 54 56 57 58 61 63 65 66 67 68 
39 0 1 3 6 9 11 15 17 18 20 21 22 23 24 26 28 30 32 33 34 36 37 38 41 42 43 45 46 47 48 49 50 53 56 57 58 62 65 66 
31 1 9 10 14 15 18 19 20 21 24 25 26 30 31 32 33 34 40 41 44 46 48 52 54 55 57 58 61 63 65 67 
30 0 1 5 7 9 14 16 17 18 19 21 24 25 27 31 37 41 43 44 46 48 49 52 54 57 61 63 64 68 69 
31 0 5 7 9 10 11 15 16 18 22 23 24 25 28 30 33 35 36 38 42 44 45 51 56 61 62 63 64 65 66 67 
33 0 1 3 5 6 9 11 13 14 15 16 19 21 22 26 28 31 32 35 37 40 41 42 46 47 48 49 50 55 58 62 67 68 
28 0 3 4 8 9 11 12 13 14 24 25 27 29 34 35 42 43 44 45 48 50 51 52 53 54 56 60 64 
36 2 5 6 8 9 10 16 18 19 24 25 26 28 29 34 35 36 37 41 42 43 44 47 48 49 51 55 56 57 59 60 62 64 66 68 69 
36 0 2 4 5 6 10 13 14 16 18 19 20 21 23 24 25 27 28 29 30 34 35 37 38 41 42 44 48 51 53 58 62 64 65 67 68 
24 1 4 5 10 12 14 18 19 21 25 26 27 28 31 32 34 35 36 39 40 45 46 59 68 
35 0 2 4 5 6 7 9 10 14 15 17 18 19 22 23 24 27 33 36 38 39 41 44 48 50 55 56 57 58 59 60 61 64 68 69 
40 1 2 6 9 11 12 13 16 18 20 21 23 24 25 27 29 30 32 34 35 36 39 40 41 42 43 46 49 50 53 56 57 58 59 61 63 65 66 68 69 
32 1 3 5 8 9 12 13 16 17 18 19 20 22 23 24 25 27 32 33 38 39 41 49 50 51 52 54 55 61 66 67 68 
41 1 3 5 6 8 9 11 12 13 14 16 18 20 21 26 28 29 30 32 33 34 35 37 38 40 41 42 44 46 47 48 50 51 53 54 55 61 63 67 68 69 
40 0 2 4 6 7 8 9 11 13 14 15 17 20 24 29 30 31 32 34 35 36 37 39 44 48 49 50 51 52 53 54 55 56 57 58 61 62 65 66 67 
37 0 5 7 9 11 12 18 22 23 24 26 27 29 30 31 32 34 37 38 40 41 42 44 46 47 49 50 52 53 55 56 57 59 60 62 66 69 
33 0 4 9 10 13 16 19 21 23 25 28 30 32 34 36 38 39 40 43 45 47 48 50 51 53 55 60 61 62 63 64 67 69 
31 0 3 4 6 7 11 14 17 18 21 23 24 27 28 29 35 36 37 39 40 43 44 55 57 60 61 63 64 67 68 69 
29 1 3 4 5 7 8 14 15 18 25 26 28 32 34 37 43 44 47 48 49 51 57 58 59 61 62 65 66 68 
36 1 2 3 7 9 10 12 14 15 17 18 20 21 23 26 27 28 30 34 35 39 40 42 45 49 52 53 54 55 56 60 63 66 67 68 69 
32 2 4 5 6 11 12 13 15 16 19 21 23 24 29 31 34 37 41 45 46 47 48 49 50 52 53 55 59 64 66 67 68 
40 2 3 4 5 8 9 11 14 16 18 19 20 21 23 25 26 27 28 29 31 33 35 36 37 39 40 43 44 49 52 53 54 57 60 62 63 64 67 68 69 
35 3 4 5 12 13 17 20 21 22 23 25 26 27 31 32 35 38 40 41 42 44 45 46 49 51 52 55 56 58 61 62 66 67 68 69 
36 0 1 6 7 10 11 12 17 19 21 22 24 28 30 31 34 36 37 40 43 44 46 47 50 51 52 53 54 58 59 61 62 63 66 67 69 
28 1 4 5 6 8 12 21 22 23 27 28 30 35 36 42 43 44 46 47 51 52 54 57 65 66 67 68 69 
33 1 3 4 5 6 8 10 16 19 20 22 23 24 25 27 30 35 39 40 41 47 48 52 54 56 58 60 61 62 63 64 67 69 
30 0 3 5 8 9 10 11 12 15 16 19 21 24 25 30 31 32 35 36 37 45 47 48 49 51 54 60 61 65 67 
32 3 4 5 7 8 9 12 13 14 15 16 17 18 30 32 36 39 41 42 44 46 47 50 52 53 54 55 56 57 60 65 66 
37 0 2 3 7 11 13 14 15 16 17 18 20 22 24 26 27 28 29 30 32 33 41 43 44 45 46 50 52 53 56 57 60 62 64 65 66 67 
34 2 7 8 9 11 12 13 17 18 20 23 24 27 30 32 34 36 37 42 44 45 48 50 51 52 53 55 57 60 61 63 65 67 68 
30 3 6 7 10 11 12 14 16 17 18 21 27 30 33 36 37 38 41 42 45 48 51 52 56 58 64 65 66 67 69 
35 0 1 3 5 7 8 9 10 11 13 16 18 22 24 25 26 33 34 35 39 42 43 44 45 48 49 50 51 55 56 60 61 63 68 69 
35 1 2 3 6 8 9 12 14 15 19 20 21 23 24 25 29 33 35 37 38 39 40 44 45 47 50 51 53 54 57 62 63 65 67 68 
33 3 5 6 8 9 10 14 18 19 20 24 27 28 29 30 34 36 38 41 43 44 46 48 49 50 52 53 54 57 60 63 64 68 
38 0 2 3 4 5 7 8 9 13 15 18 19 20 21 23 25 27 30 31 33 34 37 38 41 42 43 44 45 51 52 54 58 61 62 63 66 67 69 
