70:70
27 1 4 5 8 11 13 14 17 18 19 26 29 30 31 39 40 41 43 44 48 50 53 60 64 66 67 69 
34 1 2 3 4 7 10 13 15 18 19 20 21 22 27 30 31 35 36 37 38 40 41 44 45 46 47 49 51 52 54 62 64 67 69 
38 0 1 6 8 9 11 12 13 14 15 18 19 20 22 23 24 25 27 30 31 34 37 39 42 45 46 47 51 52 54 56 57 58 59 64 66 67 68 
39 0 2 3 5 7 8 11 14 15 17 18 19 21 23 25 26 27 28 29 30 32 34 39 40 42 43 45 46 47 53 54 56 57 58 59 62 64 65 67 
35 1 2 3 6 7 8 9 12 14 15 17 18 19 21 25 30 31 32 34 40 43 44 46 47 48 50 51 53 54 56 57 62 65 67 69 
36 0 2 3 4 5 6 7 9 11 14 18 19 21 22 26 28 29 30 31 32 33 35 36 38 39 40 41 42 44 48 51 57 60 62 63 67 
35 0 2 5 6 7 8 10 11 13 16 21 22 23 24 28 31 32 33 34 37 38 40 47 49 51 52 53 54 56 57 59 63 66 68 69 
37 0 1 3 4 6 12 13 14 17 22 25 26 27 30 31 33 34 36 38 39 41 44 46 47 48 49 50 51 52 53 55 57 58 59 62 67 69 
44 0 1 2 4 8 9 10 11 12 13 15 16 21 22 23 24 25 26 28 29 31 33 34 36 37 39 40 44 46 47 48 50 51 52 53 55 56 57 59 60 62 64 67 69 
29 2 5 6 10 12 13 17 22 27 29 31 32 36 37 39 40 43 44 48 55 56 57 59 60 61 63 64 66 68 
30 1 4 6 7 11 12 13 14 19 20 21 25 26 30 31 37 38 44 45 46 47 49 52 53 56 57 63 66 67 69 
33 1 2 4 11 12 13 15 16 17 18 22 24 27 28 29 31 37 38 39 41 43 44 50 52 54 56 60 61 63 64 65 67 69 
38 3 4 5 6 10 12 14 16 19 20 23 25 26 28 29 30 34 37 39 41 42 43 45 47 49 50 51 52 53 54 56 59 62 63 65 66 67 69 
36 1 2 5 7 8 10 13 15 16 17 19 20 21 29 30 33 34 35 36 37 40 41 43 45 46 50 51 55 56 57 58 59 62 66 67 68 
41 1 2 3 4 9 10 12 13 15 17 19 20 21 24 25 26 27 28 29 30 31 33 35 36 37 42 43 46 51 52 53 57 58 59 62 63 65 66 67 68 69 
30 1 3 8 11 12 13 14 17 18 20 24 25 29 31 32 34 37 39 42 49 51 53 54 55 59 62 63 64 66 69 
26 3 8 12 15 17 23 24 33 34 35 38 39 44 47 48 50 52 58 60 62 63 64 66 67 68 69 
38 0 1 2 3 8 10 11 14 15 16 17 21 23 24 28 29 30 32 33 36 38 39 43 44 45 47 48 50 54 55 56 60 62 63 64 65 66 67 
33 2 7 8 11 17 19 22 24 26 27 28 29 30 33 34 35 37 39 42 47 49 51 52 53 54 55 57 63 64 65 67 68 69 
37 0 1 2 3 7 8 14 15 16 21 22 23 24 25 28 30 32 36 38 40 41 42 44 46 47 48 51 53 55 57 58 60 63 64 65 66 67 
25 3 9 15 19 23 24 26 28 29 30 31 40 41 48 52 56 57 58 60 61 64 65 67 68 69 
30 1 2 3 5 6 8 9 10 13 16 17 19 23 27 28 31 36 38 39 41 42 46 49 50 51 58 60 63 65 69 
34 2 4 5 9 15 16 17 18 25 28 30 31 32 33 34 35 40 42 44 45 46 48 50 52 54 56 57 59 61 64 66 67 68 69 
31 3 6 7 8 9 12 17 19 22 23 28 29 30 39 40 41 43 46 47 49 51 53 54 55 56 58 59 60 61 63 69 
38 2 3 4 5 7 8 9 10 12 13 16 17 20 23 24 28 29 30 32 34 37 38 39 41 43 47 49 51 52 54 55 56 58 60 66 67 68 69 
25 0 3 5 6 7 8 11 16 21 22 23 26 27 28 29 30 33 42 50 51 55 59 64 66 69 
33 2 4 7 8 9 13 15 19 22 26 27 28 29 30 31 36 37 38 39 42 43 45 46 49 51 53 57 59 60 61 62 65 68 
34 0 1 2 4 5 7 10 13 14 16 17 18 20 21 23 24 26 36 37 38 39 42 44 45 47 48 51 57 59 60 61 64 65 69 
37 4 8 9 10 13 17 20 23 25 27 31 32 33 34 35 36 38 39 40 42 45 46 49 50 51 53 55 56 57 59 61 62 65 66 67 68 69 
37 1 3 4 6 8 9 12 16 17 18 19 20 23 25 29 30 31 37 40 42 44 46 47 48 49 51 52 53 55 56 57 59 60 61 62 64 69 
33 0 1 5 6 9 10 11 14 15 18 23 25 26 27 29 31 32 39 40 41 43 44 45 46 48 51 52 54 58 64 65 67 68 
35 10 11 14 15 20 21 23 24 25 26 27 29 31 33 35 36 37 38 40 42 46 47 50 51 52 53 54 56 57 60 61 62 63 65 68 
38 3 5 8 9 12 15 16 17 19 20 21 22 23 24 25 26 28 33 34 35 36 37 40 41 42 44 46 48 51 53 56 57 59 62 63 65 67 68 
38 2 3 4 5 9 10 12 13 15 16 17 18 20 21 22 25 27 28 29 31 32 34 36 37 38 39 40 53 54 55 56 57 58 61 63 64 67 69 
38 1 3 5 7 8 10 11 12 14 16 18 20 21 23 24 26 28 29 32 34 35 36 37 38 39 41 43 44 46 47 51 54 55 58 65 66 68 69 
38 0 1 5 8 9 11 12 17 18 25 29 30 33 34 35 36 38 40 43 44 45 46 47 48 51 52 53 54 55 57 58 59 60 64 65 66 68 69 
32 0 1 3 5 6 7 8 11 12 13 14 16 20 23 25 30 31 32 33 34 36 40 45 46 47 48 50 51 54 59 67 68 
31 0 2 9 12 19 20 21 22 25 26 27 30 32 33 34 36 37 39 40 42 46 47 54 56 58 60 61 62 63 66 68 
32 1 5 7 8 9 11 14 15 16 17 20 23 24 25 26 27 28 29 30 33 36 44 46 50 53 54 56 58 65 66 67 68 
26 1 3 4 7 10 14 19 20 21 22 26 27 29 32 33 36 39 40 45 49 54 61 62 63 65 67 
31 0 1 3 5 6 11 14 15 16 20 22 24 25 27 34 43 44 45 47 48 49 50 52 53 54 55 56 57 64 65 69 
34 0 3 4 8 10 11 12 13 15 19 21 24 28 30 32 34 38 39 40 41 43 45 47 48 49 50 54 55 57 59 61 63 65 69 
30 0 4 5 8 15 17 20 21 23 26 33 34 37 40 42 43 44 45 46 47 48 51 52 53 55 56 66 67 68 69 
30 0 1 4 5 8 12 13 14 15 16 20 24 25 31 32 33 38 45 47 50 51 54 56 58 61 62 63 67 68 69 
39 0 1 2 5 6 8 9 11 12 13 14 15 16 17 18 20 21 23 26 31 33 34 35 36 37 38 40 41 42 45 46 48 49 53 55 60 66 67 68 
39 4 6 7 8 12 14 15 17 20 21 23 24 25 27 29 30 31 33 34 37 38 40 43 44 47 48 49 50 51 54 56 57 60 61 62 63 64 65 69 
33 0 3 4 5 6 8 9 10 11 14 16 17 18 19 20 22 23 25 29 31 32 33 36 40 42 45 50 52 61 62 63 66 67 
29 2 4 6 11 12 15 19 20 22 25 28 29 31 32 37 39 41 42 44 45 50 51 52 55 58 63 67 68 69 
35 2 3 4 5 6 7 8 10 11 13 15 18 21 24 25 28 30 32 33 38 39 40 41 46 47 48 50 54 60 62 64 65 66 67 69 
35 0 1 4 5 6 8 9 10 11 12 17 19 20 21 23 25 27 28 31 33 35 36 37 41 42 43 45 47 49 54 60 61 63 66 68 
34 2 3 6 8 10 11 12 15 16 17 18 19 20 22 23 26 29 32 39 42 43 45 48 52 53 55 56 57 58 60 63 65 66 68 
33 1 4 5 6 8 9 12 14 15 16 17 18 19 20 21 26 28 31 33 34 37 41 44 47 48 51 52 54 56 60 63 66 68 
33 0 2 6 7 8 10 14 15 17 19 20 21 24 28 29 34 35 40 41 42 43 45 47 49 55 56 57 60 63 64 66 67 69 
31 1 2 7 10 12 13 14 16 17 18 19 20 25 27 28 30 35 36 38 39 40 43 48 49 50 60 61 62 64 66 67 
31 2 5 8 9 11 12 16 17 18 19 20 28 29 30 31 34 35 38 40 41 43 46 47 49 52 57 59 60 66 67 69 
29 0 2 5 7 9 12 14 16 17 20 25 29 33 37 39 40 41 44 45 47 48 50 55 56 57 60 62 63 67 
40 1 2 4 5 6 7 12 16 20 23 24 26 27 28 32 33 35 36 38 39 40 41 44 45 46 47 48 49 50 51 52 55 56 58 59 61 62 63 64 66 
36 2 4 5 6 8 9 11 14 15 17 18 19 21 22 24 25 29 31 34 35 36 37 40 44 45 46 47 48 49 50 51 61 62 65 67 68 
38 1 4 7 8 9 12 13 14 15 16 17 23 24 26 27 30 34 35 36 38 40 43 44 47 48 49 51 52 53 54 55 56 57 58 59 61 64 69 
35 0 4 8 10 13 14 15 16 17 18 21 22 23 24 25 26 27 30 31 33 36 38 39 45 47 49 50 51 52 53 63 64 66 67 68 
28 0 2 3 5 7 8 9 10 14 15 16 18 20 23 24 29 30 31 32 33 37 43 44 50 53 55 64 66 
31 1 3 5 7 9 11 12 14 15 19 21 22 23 25 26 27 31 32 38 40 41 43 47 49 51 62 63 64 65 67 69 
24 2 4 8 10 13 25 28 31 32 34 40 43 44 45 46 48 49 53 55 60 61 62 64 66 
28 0 1 3 13 15 17 20 21 25 27 29 30 31 32 35 37 40 42 44 45 50 51 53 54 60 63 66 69 
37 0 2 3 5 8 9 10 12 13 14 18 19 20 21 22 23 25 27 31 34 35 36 37 40 42 44 46 50 51 52 58 60 61 65 67 68 69 
32 2 3 6 7 8 12 18 19 20 21 22 24 25 26 28 29 30 31 32 34 36 40 45 46 49 50 53 59 60 65 66 69 
31 1 2 3 6 9 10 12 13 14 20 21 25 27 28 29 32 34 36 39 50 51 55 56 57 59 61 62 63 67 68 69 
43 0 1 2 3 4 5 6 10 11 13 17 18 19 20 22 25 26 30 31 32 33 34 35 36 37 38 39 40 42 47 50 51 52 54 55 56 57 60 63 64 66 67 68 
32 0 1 2 3 4 6 8 9 10 16 18 20 21 23 27 28 29 32 34 38 40 42 49 52 55 58 60 63 66 67 68 69 
44 1 2 3 4 5 6 7 8 10 11 17 18 21 22 23 25 26 28 30 31 32 34 35 36 38 39 40 42 44 46 48 50 51 52 55 58 59 60 62 63 64 67 68 69 
