70:35
8 0 2 6 8 12 25 26 27 
4 5 12 21 31 
12 3 4 11 15 16 21 23 25 26 27 28 30 
10 3 6 8 10 13 14 17 23 27 28 
5 0 4 18 30 33 
10 11 12 13 17 21 22 23 27 30 32 
11 2 3 8 10 12 13 19 24 29 31 32 
7 7 13 17 20 21 27 29 
12 3 7 8 9 11 18 22 24 29 32 33 34 
5 9 10 19 24 28 
12 0 4 6 7 10 11 14 28 29 30 31 34 
12 2 3 6 8 12 13 14 19 20 21 24 29 
3 11 13 32 
11 1 2 3 8 9 13 15 16 24 28 34 
5 3 7 12 13 34 
10 11 12 14 15 21 26 27 30 31 32 
10 0 7 13 15 19 22 26 28 31 32 
11 0 5 7 16 17 19 22 23 28 29 31 
6 1 2 3 8 9 17 
9 1 3 5 11 13 25 27 30 31 
4 6 9 11 33 
7 1 14 18 19 21 33 34 
9 3 11 14 19 21 24 27 28 30 
9 2 3 13 14 24 25 28 30 33 
12 3 4 6 8 9 11 12 19 21 24 33 34 
4 2 14 25 26 
9 3 7 12 22 26 27 28 29 33 
5 0 12 16 28 30 
5 15 16 18 21 32 
9 2 3 4 6 8 10 13 28 34 
9 1 2 3 4 11 15 25 29 32 
11 5 7 8 15 18 19 20 24 28 29 34 
8 6 7 8 10 19 20 27 28 
9 3 5 6 7 18 20 28 29 33 
11 1 6 7 12 15 16 17 22 23 25 32 
9 2 4 10 15 16 18 22 28 29 
10 0 2 4 7 16 22 23 24 28 34 
7 2 7 12 21 24 26 34 
8 0 3 10 12 15 16 26 27 
9 3 6 8 11 12 13 26 33 34 
10 0 2 4 5 7 8 12 19 22 25 
7 5 9 10 23 27 31 34 
11 0 6 8 12 13 14 17 21 22 26 32 
4 0 14 16 27 
10 2 4 9 12 13 14 26 27 31 34 
5 0 4 14 26 30 
9 1 5 9 11 19 25 29 32 34 
10 0 6 13 17 18 19 21 24 31 32 
7 7 15 16 17 20 25 30 
7 0 2 7 13 14 19 34 
10 2 3 4 9 11 19 21 25 26 32 
11 4 6 7 8 13 15 19 22 26 29 31 
7 6 7 17 23 25 30 32 
6 4 5 14 20 27 31 
9 0 2 11 12 13 23 29 30 34 
6 5 6 8 11 23 31 
10 3 5 9 10 11 18 22 26 28 32 
10 4 7 9 17 19 21 24 29 33 34 
6 4 11 13 19 22 25 
11 5 6 7 11 12 16 23 25 27 28 29 
8 6 13 15 18 20 23 27 28 
6 3 7 14 18 24 32 
5 5 12 26 28 32 
8 1 5 7 15 20 26 28 32 
9 2 3 4 8 10 11 12 23 29 
11 0 2 4 6 10 12 14 18 22 29 32 
9 0 5 8 10 13 14 21 23 27 
9 4 7 10 11 15 17 22 29 32 
8 2 4 15 16 18 20 24 27 
11 0 7 8 10 16 17 19 20 23 30 31 
