70:105
24 4 5 11 18 19 20 23 24 25 29 32 33 35 42 43 45 57 59 83 85 87 88 98 100 
32 2 3 18 20 22 27 34 38 39 43 44 47 51 52 53 59 62 65 67 73 84 85 88 90 92 93 94 96 99 101 103 104 
24 5 16 21 26 30 33 34 36 37 38 41 45 47 54 59 63 68 74 76 81 86 97 98 102 
37 0 3 4 7 8 9 10 12 16 17 20 23 26 32 35 36 37 42 46 52 53 54 59 60 61 63 66 74 76 79 84 85 89 95 98 99 103 
27 16 21 24 28 30 31 35 44 51 53 57 58 61 62 64 68 70 75 76 81 83 87 90 92 93 95 99 
25 12 15 18 21 28 29 31 35 38 39 42 44 49 52 60 61 64 68 76 78 83 87 88 91 103 
27 2 5 7 15 18 19 21 27 28 30 32 41 42 46 47 49 50 55 58 60 61 63 80 87 95 99 102 
20 0 1 4 6 8 12 17 20 25 29 34 41 49 58 62 78 79 89 96 101 
29 2 5 9 12 14 15 18 21 26 32 33 37 38 40 50 51 55 56 66 69 71 78 79 81 82 89 96 99 102 
23 4 6 7 15 19 21 26 31 39 44 50 54 59 60 62 67 68 70 71 83 84 88 91 
30 4 8 10 12 14 24 26 27 28 32 33 35 38 40 41 43 46 51 52 55 56 58 64 69 70 75 94 97 100 102 
28 7 11 12 19 24 33 34 39 40 43 46 47 50 51 58 62 63 65 66 67 70 71 75 78 90 92 101 103 
29 3 10 11 12 13 15 16 21 25 26 27 29 31 33 35 36 37 38 49 52 55 58 64 65 67 68 85 89 94 
34 5 6 7 16 22 28 29 30 31 35 38 41 43 45 49 50 51 56 57 59 60 69 72 73 76 83 85 86 88 91 94 95 101 104 
30 0 2 4 7 12 22 30 36 41 44 51 52 53 57 61 62 63 70 71 73 77 79 82 83 86 88 92 98 101 104 
29 0 1 6 7 8 9 11 12 13 15 16 17 18 19 25 26 30 37 41 42 58 60 61 64 66 74 75 76 100 
24 11 18 21 22 25 26 34 43 48 60 63 64 67 69 71 74 76 79 80 88 90 91 94 101 
42 2 4 5 7 9 19 22 24 27 28 29 30 32 33 34 35 36 41 42 48 51 56 58 61 62 64 65 69 70 72 74 78 79 82 90 93 94 97 98 99 100 101 
24 0 3 9 14 25 31 34 38 43 46 47 54 64 71 74 77 81 82 85 87 88 94 96 101 
33 4 7 9 13 17 18 19 20 23 28 34 35 38 41 42 44 50 51 52 54 56 57 59 70 71 73 77 86 88 96 97 98 101 
26 1 2 6 10 16 20 21 24 26 35 40 42 45 46 50 55 60 61 70 77 78 84 86 98 99 103 
26 10 16 20 24 26 33 38 41 47 49 55 57 63 76 77 80 83 86 87 90 92 93 94 98 103 104 
32 0 1 11 20 21 22 24 27 29 38 39 46 48 50 51 53 56 60 61 65 72 75 76 83 84 87 92 93 95 100 101 104 
32 2 7 8 10 13 16 17 18 19 21 23 30 31 33 37 40 43 44 45 47 48 49 50 52 54 56 64 73 88 90 93 97 
20 2 6 16 18 19 23 27 36 38 39 43 79 80 84 85 87 89 96 97 101 
21 0 2 10 11 13 17 18 19 21 28 32 40 54 58 73 83 90 91 93 94 96 
19 4 7 17 20 28 30 47 53 54 57 64 66 68 73 79 86 87 94 100 
25 1 11 12 14 20 21 41 45 47 49 50 58 60 62 64 69 75 79 82 84 88 92 95 96 101 
27 0 1 7 8 10 16 17 23 33 36 39 45 49 51 57 62 66 67 70 72 74 79 86 87 88 93 100 
20 2 6 23 25 27 36 38 45 51 73 74 75 86 87 92 94 95 98 103 104 
30 7 11 22 23 26 31 33 36 38 45 51 54 55 57 59 62 63 66 69 70 74 77 78 83 84 89 91 102 103 104 
28 2 6 9 11 13 17 23 28 33 34 39 43 49 51 52 54 58 59 61 64 66 68 76 86 89 91 92 102 
23 4 5 7 10 18 24 25 28 29 31 33 35 40 45 48 55 73 78 82 84 88 95 98 
28 0 9 18 21 23 24 25 29 34 35 36 39 44 45 47 52 58 60 61 62 65 69 71 72 81 82 89 92 
27 1 3 5 9 11 18 20 22 24 26 44 46 48 52 56 70 71 76 79 80 83 84 85 90 94 97 103 
30 3 6 13 18 24 25 31 32 33 34 35 39 46 48 49 53 54 59 60 62 65 67 76 77 79 80 88 96 98 103 
26 6 7 11 20 23 29 31 32 33 34 36 37 40 48 53 61 65 72 81 82 86 89 94 99 100 103 
24 0 6 22 25 29 34 35 36 37 41 45 46 49 56 58 70 78 80 81 84 87 88 102 104 
17 8 12 19 20 21 27 32 40 43 46 54 55 62 67 73 77 81 
23 5 6 8 17 19 26 40 41 47 49 50 57 59 62 64 66 68 71 73 75 78 86 104 
20 3 10 11 12 22 26 36 46 48 50 52 53 58 64 75 85 90 94 98 104 
26 1 6 7 9 22 26 29 31 32 42 45 56 58 60 62 63 71 79 80 84 86 87 89 90 93 99 
21 1 9 14 26 27 30 31 37 39 46 53 54 59 67 71 77 86 89 90 100 101 
32 1 2 11 12 14 15 18 19 28 34 38 50 51 58 60 62 64 65 66 69 72 73 74 84 86 88 89 94 96 97 98 102 
28 4 5 6 8 15 20 25 29 33 34 35 40 43 46 47 52 59 61 64 68 75 79 81 85 94 98 100 102 
19 3 8 15 21 24 27 33 37 38 40 45 46 55 58 69 76 84 96 98 
26 1 6 8 10 16 18 22 29 33 37 42 46 52 57 58 59 80 85 86 88 90 92 95 101 103 104 
23 4 13 23 25 27 29 30 35 52 59 61 62 72 80 81 83 86 88 89 91 92 96 98 
31 0 1 2 8 12 15 18 33 37 38 39 40 43 48 54 55 56 57 63 65 72 77 79 84 85 86 88 93 95 96 102 
28 1 15 17 25 28 30 31 39 40 44 45 51 52 63 64 68 71 79 81 82 88 90 92 96 98 99 101 102 
29 3 7 11 14 15 19 22 27 29 31 33 34 37 39 41 42 49 51 53 65 68 71 76 77 85 86 88 91 104 
30 2 4 6 8 10 13 19 24 37 41 44 45 46 49 58 66 69 71 73 76 77 78 81 82 85 93 97 100 101 104 
20 2 6 8 9 11 28 29 44 46 55 61 65 66 70 79 81 85 87 98 104 
27 0 1 8 12 19 20 30 34 41 44 46 54 60 65 72 73 74 80 82 85 87 92 97 99 100 101 104 
32 0 2 9 10 13 18 20 22 23 26 28 32 35 39 49 50 54 58 61 62 66 68 72 79 82 84 85 89 92 95 102 103 
22 6 7 10 11 20 27 40 41 44 46 55 58 62 68 70 71 78 82 84 91 93 104 
26 6 8 12 15 21 23 26 32 33 36 38 39 40 41 43 44 46 48 62 68 69 72 78 85 88 95 
22 0 1 3 7 11 14 19 26 32 37 44 46 62 68 70 71 72 75 76 94 100 101 
24 3 15 16 20 29 35 38 42 43 47 53 56 57 63 65 66 67 69 77 80 87 95 98 101 
29 17 18 21 23 25 35 36 39 42 44 52 53 61 63 65 66 67 72 75 76 78 79 85 87 90 91 96 99 103 
39 1 3 4 5 9 14 21 23 26 29 30 31 32 33 34 36 48 50 51 54 57 58 59 60 61 62 64 68 69 70 71 74 81 85 86 88 96 98 104 
22 1 3 15 16 17 22 28 30 39 40 46 52 65 67 70 79 80 86 97 98 100 102 
32 4 6 14 15 27 32 33 35 36 40 42 44 45 47 51 52 58 59 66 68 70 71 72 79 80 81 82 83 86 96 100 101 
31 0 4 8 10 12 20 24 27 33 34 36 39 41 42 50 52 54 55 59 64 66 67 72 74 80 83 85 94 97 100 103 
23 1 9 13 15 24 28 30 32 41 44 46 47 55 56 70 76 80 81 82 85 91 92 102 
20 16 18 37 44 45 48 55 56 64 66 69 72 77 84 85 87 88 91 102 103 
22 0 5 11 18 20 22 24 31 35 41 42 63 67 74 78 82 85 88 90 91 92 96 
32 1 2 3 4 6 7 12 17 19 23 24 25 31 32 35 41 42 45 47 48 49 58 72 76 77 80 81 88 90 92 99 100 
25 1 9 17 20 22 25 27 28 29 32 39 46 47 52 54 58 67 70 74 76 77 82 84 85 101 
28 2 6 12 19 20 21 22 24 27 29 30 34 35 37 43 48 49 57 64 66 67 69 72 78 79 90 96 103 
