70:70
19 11 13 18 20 22 34 35 38 40 42 43 47 48 51 56 63 66 68 69 
8 5 8 12 15 19 32 55 63 
17 0 1 19 20 24 25 36 42 47 48 50 51 52 55 61 62 63 
22 2 8 16 20 26 30 33 34 36 37 38 39 48 50 53 59 63 65 66 67 68 69 
22 0 1 4 12 13 17 20 21 22 24 25 27 28 29 32 35 39 48 49 52 56 68 
25 3 4 5 6 14 15 19 22 23 30 32 34 35 37 39 43 44 46 50 53 58 59 61 62 65 
19 2 3 4 7 8 13 25 27 28 32 39 47 50 55 56 59 62 63 67 
12 2 7 9 13 18 24 30 44 46 48 50 64 
16 1 2 3 5 17 24 27 31 32 37 41 45 57 60 63 64 
17 3 7 10 11 12 14 18 19 20 31 34 45 50 51 60 65 66 
11 1 19 21 29 31 36 40 53 58 63 68 
15 6 8 9 18 20 24 28 36 39 44 54 56 61 65 66 
23 12 15 16 20 22 27 32 33 34 35 39 40 43 45 47 48 49 51 53 56 61 64 68 
18 0 1 12 18 33 35 37 40 43 44 45 46 48 49 50 57 59 65 
21 2 5 11 15 23 26 28 30 32 34 43 44 46 51 53 60 62 63 64 65 69 
25 0 6 9 12 14 19 20 22 23 25 26 29 30 36 38 43 50 51 53 54 56 58 59 61 67 
13 3 18 24 31 34 38 39 48 50 51 56 57 66 
18 1 5 12 13 19 22 23 26 30 31 36 41 46 47 49 52 57 69 
16 6 11 12 15 18 19 25 26 27 28 35 39 61 63 67 69 
18 4 7 10 13 24 29 31 39 48 49 52 54 55 56 62 63 65 67 
18 1 3 12 18 22 24 31 33 44 45 46 47 49 52 54 56 62 63 
13 3 9 18 22 26 31 35 36 42 43 61 65 69 
18 7 8 12 16 17 23 24 25 26 34 37 39 44 45 46 48 49 55 
21 5 11 17 23 26 28 29 33 35 36 43 45 46 48 50 52 57 60 66 67 68 
24 3 4 7 12 13 15 16 18 20 22 24 25 27 28 37 44 46 49 53 56 60 62 67 68 
13 8 15 17 25 28 30 31 35 42 45 49 60 69 
16 0 13 17 22 24 28 31 37 47 54 57 58 59 66 67 69 
15 15 18 23 27 28 30 36 39 45 47 49 53 56 64 66 
15 4 7 10 20 22 30 32 36 43 48 51 54 55 62 66 
18 6 9 10 12 15 16 18 23 24 27 29 34 39 53 56 64 67 68 
20 4 7 9 11 16 19 21 25 26 28 30 36 37 40 45 51 52 61 62 67 
17 4 9 12 19 24 25 26 28 37 40 41 46 47 52 58 66 67 
25 4 7 14 15 16 25 26 28 30 31 32 34 35 36 40 41 44 45 48 49 51 52 57 65 69 
18 4 9 12 15 18 20 23 26 28 33 35 45 47 50 60 63 65 66 
19 3 5 7 15 17 25 27 29 30 31 32 34 44 47 50 51 59 62 67 
14 1 4 9 13 17 18 19 36 37 39 40 42 60 62 
12 5 6 11 15 19 30 37 39 48 52 61 69 
19 2 7 8 14 21 25 27 29 30 35 36 39 40 41 46 47 55 63 65 
16 6 10 14 17 19 28 32 40 42 53 55 58 60 63 65 69 
15 5 9 10 12 14 23 24 26 30 39 41 42 45 53 68 
15 7 8 12 13 19 27 31 33 41 43 44 50 55 56 58 
19 10 12 18 21 27 28 31 32 37 38 41 42 51 56 57 58 61 65 68 
27 3 4 8 14 15 17 18 23 24 26 28 30 31 32 34 35 37 38 47 52 56 58 59 61 64 66 69 
17 0 2 6 13 25 29 30 36 40 43 45 51 55 58 61 65 69 
19 3 20 22 24 26 28 33 39 46 49 50 51 53 54 57 64 65 66 68 
16 0 5 16 27 33 35 36 43 51 52 55 63 65 66 67 68 
13 2 10 21 24 27 32 38 42 51 53 60 63 67 
12 1 2 7 13 23 34 38 40 48 49 60 68 
14 5 6 12 16 24 30 31 35 37 42 44 49 55 64 
19 0 2 6 12 17 22 28 29 33 39 41 43 45 49 52 53 62 64 65 
15 2 16 24 34 37 42 51 53 54 56 57 58 60 62 64 
17 7 8 12 13 19 24 27 29 31 34 45 48 52 54 55 60 63 
22 6 8 10 13 14 20 21 26 27 29 30 35 36 39 41 44 54 57 59 60 64 67 
16 6 16 17 18 20 25 29 30 34 46 57 58 59 60 64 65 
18 3 4 11 19 21 37 41 46 48 52 54 56 58 59 61 63 65 68 
15 3 5 16 19 20 22 25 30 39 42 54 62 65 67 69 
17 0 2 4 6 10 25 26 28 33 41 47 50 52 55 60 62 67 
14 15 16 17 20 25 29 30 38 39 46 52 56 60 63 
23 5 6 10 11 14 17 18 19 23 26 28 31 33 35 36 45 46 48 50 54 55 57 58 
13 2 5 13 16 19 26 27 35 38 43 57 59 68 
15 12 13 14 16 19 25 26 31 32 37 52 61 63 67 68 
13 5 7 8 17 23 34 38 51 52 54 58 59 68 
19 2 4 5 9 11 19 20 27 31 32 37 39 40 50 56 60 61 62 63 
20 3 4 7 8 11 13 14 15 19 27 28 31 32 33 37 43 44 48 53 67 
13 6 7 14 16 23 35 37 41 43 49 57 62 63 
15 6 8 28 35 40 43 49 51 53 55 56 60 66 68 69 
22 0 1 10 14 18 21 22 24 27 28 29 30 31 32 33 44 46 48 49 54 57 60 
20 0 4 7 18 20 21 22 23 26 32 35 36 37 40 44 45 47 55 62 64 
17 0 9 10 11 16 17 23 27 29 35 37 40 45 48 51 54 56 
13 0 5 7 10 13 14 15 22 24 35 42 51 55 
