70:70
19 3 4 5 7 9 18 22 24 35 37 38 41 46 50 56 58 59 64 69 
12 0 2 8 10 11 32 36 49 51 53 62 69 
19 3 4 6 8 20 21 22 24 26 28 34 38 44 47 48 56 59 63 65 
15 11 13 21 24 28 29 33 38 43 45 50 52 55 63 65 
18 2 9 16 17 27 28 31 33 38 40 41 42 44 46 47 49 54 63 
19 0 1 3 12 14 18 25 27 31 34 36 37 39 45 49 54 63 64 66 
20 2 4 9 14 19 21 23 32 34 35 36 38 41 43 45 46 55 59 60 63 
13 4 7 14 21 25 29 31 35 36 41 54 61 65 
23 4 11 13 18 19 21 22 23 32 33 35 39 40 42 47 48 49 50 54 55 56 60 63 
26 0 1 2 3 6 12 13 14 15 16 17 23 27 33 38 39 40 43 44 47 48 50 59 63 67 68 
18 1 6 8 9 14 18 19 23 30 33 34 38 39 47 51 53 58 68 
19 4 8 13 15 16 18 23 29 37 40 42 46 47 49 53 56 62 67 69 
19 8 10 22 34 35 38 41 42 44 46 48 51 52 54 55 60 62 67 68 
14 10 15 26 31 32 33 34 38 51 52 59 66 68 69 
20 4 5 8 13 20 24 36 37 39 42 46 47 50 52 56 61 64 65 67 68 
16 2 12 15 23 26 27 31 32 37 43 46 47 51 53 59 64 
21 5 13 21 22 29 33 36 38 40 45 47 49 51 52 54 55 56 59 64 66 67 
16 2 4 6 10 15 28 42 51 52 53 56 58 59 61 62 64 
22 0 3 4 9 10 13 14 17 21 22 25 29 30 34 42 45 54 59 62 63 67 68 
18 1 5 7 9 13 14 24 26 27 33 35 38 49 54 55 56 59 65 
17 0 2 11 16 18 23 24 30 33 36 41 44 45 53 58 61 69 
18 4 12 13 17 18 20 25 26 27 31 36 38 39 44 46 52 59 63 
19 1 12 13 14 19 25 39 43 45 47 49 50 52 53 55 59 61 64 65 
20 1 4 5 7 10 12 20 24 32 33 43 44 45 51 56 57 58 60 68 69 
16 1 4 12 14 17 24 29 30 32 35 42 44 45 46 50 68 
20 2 4 5 6 7 14 16 26 28 29 30 33 39 40 44 50 51 58 61 66 
15 8 14 21 23 26 28 33 37 39 41 50 52 61 62 67 
18 5 12 19 20 21 22 23 27 32 41 43 44 48 51 56 57 66 68 
20 4 7 11 14 20 22 27 41 42 45 46 52 53 54 55 56 58 60 64 65 
19 4 5 7 12 19 20 21 23 25 29 34 42 54 59 61 63 64 65 67 
17 5 10 13 14 21 22 24 27 34 37 38 42 43 48 62 64 66 
16 1 4 8 13 26 28 36 39 41 43 44 51 56 64 67 69 
20 2 3 4 8 13 16 20 25 27 29 30 32 35 40 45 46 50 53 64 68 
21 1 2 7 9 12 16 30 31 32 33 35 38 41 42 45 49 52 58 61 65 67 
11 2 16 24 41 47 51 52 56 58 59 60 
16 1 6 7 10 13 14 29 31 32 33 43 44 46 50 51 63 
19 1 2 4 7 9 12 15 16 17 34 36 39 44 45 47 50 51 56 62 
22 2 4 5 7 9 12 18 26 27 37 39 40 44 45 46 50 54 59 60 61 62 66 
16 3 4 6 9 13 18 26 33 39 47 51 53 60 61 64 66 
24 1 6 7 8 13 18 20 21 23 25 32 33 43 45 47 50 51 53 54 56 59 61 64 67 
21 4 5 8 10 13 19 21 22 27 32 33 35 36 45 46 54 55 56 57 67 69 
22 2 3 5 6 10 19 20 23 30 31 33 39 40 45 46 47 51 53 54 60 67 69 
21 3 4 5 6 7 9 12 19 21 24 44 45 46 49 52 54 55 56 62 66 68 
13 0 12 15 16 21 23 27 48 53 60 61 68 69 
9 5 7 13 15 28 30 45 51 59 
21 0 2 9 11 13 15 21 24 25 26 30 36 37 42 50 51 56 60 64 66 69 
13 0 3 9 10 12 24 26 27 34 36 43 49 50 
14 3 6 13 15 26 32 33 41 48 50 54 57 64 69 
11 2 3 11 24 26 49 51 56 58 60 66 
14 0 1 2 4 14 24 27 29 40 41 44 48 57 69 
16 8 14 16 21 24 25 32 44 45 47 48 53 55 56 59 67 
17 4 7 8 19 21 22 26 28 37 40 42 46 52 54 57 63 67 
18 12 14 15 19 24 27 28 37 42 48 49 52 55 57 58 61 63 68 
16 11 19 20 21 22 27 32 34 42 44 53 62 64 65 68 69 
17 13 15 21 22 24 28 35 37 40 41 47 49 50 54 57 64 65 
22 4 6 8 11 12 15 17 18 21 32 34 35 37 39 44 46 53 56 58 65 66 68 
17 1 4 12 13 15 17 21 22 24 30 34 35 39 40 44 55 67 
21 0 4 8 10 11 13 25 26 36 37 39 41 42 45 46 52 53 55 56 62 67 
18 7 11 14 17 18 24 29 33 35 38 40 46 49 50 54 58 62 69 
22 8 16 17 22 24 25 28 30 32 33 37 42 43 47 52 54 55 58 59 61 64 65 
16 5 9 10 13 16 19 28 36 45 46 47 50 59 62 65 66 
23 0 14 18 20 23 25 26 33 37 41 44 45 50 51 52 54 56 57 61 63 65 66 67 
20 2 5 11 14 17 19 20 29 31 32 40 44 46 48 50 51 61 67 68 69 
10 4 7 16 18 22 45 51 61 63 64 
18 5 10 15 18 24 25 26 30 36 45 50 53 56 57 59 63 67 68 
13 1 12 13 15 18 37 38 48 51 53 59 65 68 
16 2 12 16 23 26 27 29 32 37 38 40 43 49 60 63 67 
13 1 4 5 6 8 19 20 25 49 55 57 66 68 
16 0 2 7 10 20 22 26 31 32 37 40 48 54 64 68 69 
19 0 1 3 9 18 19 27 32 33 34 38 46 48 49 53 54 61 67 69 
