70:105
24 4 8 12 17 18 22 24 27 30 31 32 35 36 40 43 47 48 57 61 70 75 78 87 91 
27 1 2 3 7 12 15 31 34 35 38 39 42 43 46 51 52 53 58 62 65 67 70 72 73 95 98 102 
27 8 11 13 15 19 24 30 31 38 43 44 45 49 54 55 57 64 65 78 81 82 85 87 88 98 99 100 
26 5 13 17 22 23 25 30 36 40 41 44 46 47 55 59 75 78 79 84 91 93 94 100 101 102 103 
29 1 2 6 7 9 10 12 13 19 31 34 35 36 45 53 55 58 62 65 69 82 86 89 90 91 93 96 100 101 
26 0 1 2 3 4 13 21 33 38 39 40 41 45 48 50 56 68 74 75 76 79 82 87 96 99 100 
24 1 3 9 17 18 19 22 26 27 29 32 35 37 39 49 51 54 71 73 78 82 84 100 101 
26 5 15 17 23 26 29 30 44 51 52 56 67 70 75 76 83 84 85 87 91 92 93 98 99 101 104 
38 2 3 7 10 14 16 19 21 24 26 31 32 34 37 39 40 41 45 49 51 56 58 60 62 66 69 70 72 73 74 76 81 86 88 89 95 96 104 
32 1 2 3 6 7 11 26 28 29 35 36 40 41 45 46 50 55 63 64 70 73 74 75 76 79 85 88 90 92 94 95 103 
24 6 13 15 18 21 22 23 25 37 38 44 50 51 52 54 60 62 68 78 80 85 86 95 97 
32 1 2 4 5 6 11 18 21 25 29 38 44 45 49 50 52 55 57 61 65 75 79 81 83 86 87 88 89 92 94 98 101 
22 2 12 15 23 25 28 30 40 45 52 58 61 65 67 76 80 83 84 93 101 103 104 
21 1 9 11 16 17 24 26 28 49 50 51 62 67 68 73 88 91 97 98 102 103 
26 0 2 7 23 27 32 34 35 40 42 43 47 48 52 56 60 62 74 76 78 79 80 83 95 96 101 
28 1 4 7 13 18 19 22 24 25 27 28 31 32 33 42 44 49 53 56 64 65 66 71 78 85 86 87 101 
28 0 1 2 4 5 16 18 20 26 30 33 35 36 37 38 47 55 56 57 65 66 68 69 72 74 77 80 92 
23 5 6 13 15 18 19 21 28 30 41 42 44 50 51 60 66 71 72 75 78 81 86 98 
27 8 14 16 21 23 28 32 33 37 40 42 43 44 48 54 58 60 63 66 73 78 81 87 88 91 99 103 
23 3 7 15 20 28 36 37 43 46 54 56 59 71 73 78 82 84 85 87 88 93 97 101 
25 6 7 10 11 14 17 25 28 29 33 36 43 44 45 48 54 57 58 61 63 69 74 82 84 91 
26 4 8 14 15 16 17 22 29 37 42 50 51 53 58 59 62 66 70 73 78 81 94 96 100 102 104 
32 5 6 12 16 17 20 27 33 34 36 38 40 42 43 44 50 54 55 62 65 66 76 78 81 84 88 89 91 96 97 98 103 
18 1 25 30 35 39 45 46 52 55 61 72 80 81 85 88 90 100 101 
33 4 7 8 9 15 17 20 21 27 32 42 44 47 49 52 53 55 58 61 63 71 79 81 82 87 88 90 91 92 94 95 96 101 
31 4 5 7 8 9 12 21 28 30 33 36 38 40 43 46 49 52 56 66 76 77 78 80 81 82 86 87 91 92 99 101 
34 1 5 8 9 10 11 13 14 17 23 26 36 38 40 41 46 47 49 51 54 57 58 62 64 65 73 79 87 91 92 93 94 101 104 
20 3 18 25 35 39 40 48 50 56 57 64 76 82 83 88 90 91 98 101 103 
21 2 4 6 9 10 18 22 28 31 32 35 37 43 48 54 61 63 66 85 90 97 
28 3 4 5 8 14 18 21 30 36 53 59 60 61 67 72 74 84 85 86 87 89 92 93 95 97 98 99 103 
28 1 12 13 14 15 17 23 26 29 30 32 33 49 55 58 60 62 65 67 81 84 86 89 90 99 102 103 104 
30 1 2 6 9 12 19 20 32 34 39 46 48 49 50 51 54 58 61 70 74 83 84 85 88 89 92 95 96 99 100 
27 1 6 7 12 15 16 18 20 22 24 25 27 29 34 39 41 45 46 63 64 68 70 72 76 77 83 86 
23 2 7 11 14 18 22 23 39 42 43 45 53 62 64 66 68 69 75 82 91 95 102 103 
28 4 5 6 8 12 13 24 25 26 27 28 33 34 42 44 49 50 51 57 59 65 66 67 80 84 90 95 97 
28 7 10 11 13 14 15 16 19 24 25 29 35 37 38 39 42 45 49 52 54 55 58 74 86 87 89 93 101 
35 3 4 6 10 11 12 13 16 19 21 22 23 27 29 33 44 46 47 49 51 52 55 56 58 60 62 64 65 68 72 75 77 80 90 97 
31 0 3 4 18 19 24 28 30 35 51 57 59 60 64 66 67 72 77 80 86 88 91 92 93 94 95 97 100 102 103 104 
28 1 11 13 15 18 19 21 22 27 29 36 37 51 52 60 61 62 67 73 76 78 86 89 92 93 94 95 98 
31 0 1 7 9 16 19 27 36 37 38 39 44 46 51 52 53 57 58 61 62 63 67 70 71 75 85 87 88 99 102 103 
29 0 1 3 7 10 17 23 28 30 33 38 40 41 47 49 58 60 62 67 76 79 85 86 87 91 95 98 100 101 
25 3 4 25 28 30 38 40 42 49 54 58 60 61 62 67 74 76 81 82 88 92 94 98 99 100 
21 4 6 7 11 19 23 25 26 29 31 32 35 43 51 58 67 69 80 91 96 102 
28 5 10 15 17 22 23 27 29 38 39 41 56 59 64 65 72 73 74 75 77 79 83 85 86 89 94 97 100 
20 6 8 10 11 21 29 31 38 40 42 46 57 59 62 64 80 85 89 102 104 
23 13 14 22 33 40 42 45 53 58 60 62 64 65 66 72 77 80 88 94 96 97 100 102 
16 12 13 17 20 27 30 34 39 52 54 79 82 91 94 96 104 
27 1 4 15 21 22 26 27 30 40 41 44 46 54 59 62 66 68 72 74 75 80 83 96 97 99 100 103 
27 3 4 6 9 13 14 15 24 28 29 30 40 44 46 50 54 56 57 59 67 73 76 82 85 92 101 102 
29 4 5 6 7 8 9 13 15 18 22 29 34 37 40 46 47 48 51 52 62 66 67 72 76 79 82 85 89 103 
22 3 5 7 14 16 27 30 31 33 36 37 44 45 47 58 59 63 80 82 85 93 102 
24 0 5 8 16 17 22 27 29 39 41 45 46 53 55 57 58 62 63 73 85 89 98 99 100 
26 0 4 6 15 18 23 26 41 42 44 45 59 62 63 66 67 72 74 79 83 90 91 95 96 101 102 
21 0 2 3 9 10 11 16 20 21 30 32 43 46 50 54 59 68 79 84 90 103 
28 1 7 8 12 13 16 19 26 30 31 35 38 39 42 43 52 56 60 62 64 67 68 70 90 97 99 103 104 
21 1 8 13 17 45 47 56 57 61 73 83 85 87 88 94 95 96 97 99 100 104 
24 4 15 17 22 24 25 27 30 42 49 51 55 58 61 62 68 74 81 88 90 93 97 99 101 
21 9 16 19 22 25 26 34 43 44 47 49 54 57 58 64 72 75 78 90 97 103 
26 1 2 9 17 18 24 28 31 41 47 48 50 53 57 59 62 67 70 74 83 85 89 93 94 100 102 
20 0 8 11 13 21 25 32 46 53 54 58 69 79 83 84 90 91 97 100 103 
31 0 2 4 6 7 8 9 22 26 27 29 35 46 49 54 57 61 62 64 68 73 78 81 82 84 87 89 92 94 96 102 
34 4 14 20 21 26 28 29 30 35 39 44 45 46 51 52 53 55 59 67 68 70 72 73 74 75 76 78 79 80 82 89 95 97 98 
33 0 10 26 27 35 36 39 44 46 52 53 54 57 58 59 63 64 66 67 68 72 74 75 79 81 83 84 88 94 96 98 99 103 
14 10 19 21 28 40 42 55 56 64 78 94 95 100 102 
19 6 16 19 33 37 39 44 54 55 59 69 72 77 80 87 88 93 95 104 
24 0 1 9 12 17 23 25 27 31 40 41 43 47 49 57 67 69 72 73 79 86 91 94 102 
28 0 11 15 16 19 20 24 28 31 33 40 42 49 51 52 61 64 71 75 84 88 89 91 92 93 97 100 101 
27 0 2 8 11 20 21 27 29 33 34 37 38 43 45 57 59 60 67 70 72 77 78 79 92 97 98 101 
24 6 10 11 12 18 25 31 35 39 40 42 51 52 55 58 68 70 72 77 81 88 93 94 100 
26 1 6 11 12 16 17 21 28 30 33 39 40 46 55 59 62 72 77 78 81 83 85 88 92 97 98 
