70:105
27 0 2 11 12 14 15 18 21 25 26 28 34 35 38 47 51 61 63 71 72 75 77 78 79 81 82 95 
24 2 14 15 20 25 26 28 32 45 49 52 53 61 62 66 70 71 72 76 89 92 94 96 97 
35 3 4 5 6 9 19 23 24 25 31 35 39 41 46 47 48 54 62 63 66 67 70 71 72 74 76 77 79 81 82 85 91 96 101 102 
31 0 1 5 8 16 33 34 35 36 40 44 45 46 47 50 52 53 54 58 60 68 78 82 85 86 87 88 91 93 97 99 
27 1 5 8 12 18 20 21 28 31 32 37 38 40 50 52 54 64 74 77 80 83 87 91 92 96 98 103 
26 4 7 8 13 17 23 29 30 37 46 50 51 58 61 63 67 73 78 80 81 85 90 91 94 96 97 
24 1 3 4 6 8 9 10 25 31 34 38 42 43 44 58 64 77 79 81 86 88 89 91 101 
26 2 4 8 9 13 17 18 19 21 31 35 39 48 53 55 56 61 69 80 82 84 87 96 98 99 104 
23 10 13 15 16 18 19 22 29 33 40 47 48 50 58 60 69 77 80 85 88 91 94 99 
29 0 3 4 5 7 8 9 11 14 18 22 27 28 31 38 42 46 52 53 71 72 79 80 81 82 88 90 96 98 
25 0 6 7 12 21 24 25 26 30 31 32 34 37 54 57 71 72 77 80 82 85 90 91 94 102 
25 1 2 10 21 24 26 30 32 35 37 44 53 62 64 69 79 80 81 88 89 90 101 102 103 104 
29 9 10 11 14 24 25 34 44 53 54 56 60 61 62 64 65 69 73 75 77 80 81 82 84 85 86 94 95 96 
36 0 2 4 9 11 12 15 18 21 24 34 35 41 43 44 46 48 49 50 63 64 68 72 73 74 75 77 81 88 90 95 97 99 101 102 103 
24 0 3 10 16 35 39 40 43 49 54 59 60 63 64 71 73 74 75 76 80 81 88 91 103 
27 0 1 3 4 6 7 8 10 16 20 21 24 25 31 33 34 41 45 50 57 63 64 72 79 82 86 96 
29 2 21 36 40 41 43 44 48 53 54 58 59 62 63 64 67 68 71 72 74 75 79 81 90 91 93 94 102 104 
31 1 2 5 8 10 11 13 16 17 20 22 23 25 28 30 33 44 59 64 66 70 76 78 80 88 93 98 99 101 102 103 
22 2 4 9 14 18 20 23 27 37 41 43 51 54 61 64 74 78 81 86 91 96 101 
23 5 7 14 15 24 27 44 50 52 54 60 68 70 71 75 81 82 88 91 93 94 96 99 
25 3 5 8 10 16 29 31 38 42 44 58 60 61 72 75 77 81 84 85 86 88 91 96 101 103 
23 1 2 5 9 16 25 31 32 41 45 50 54 61 69 71 72 87 95 96 97 98 100 104 
25 1 3 7 9 12 17 23 25 26 47 48 57 62 67 68 70 74 80 84 85 91 95 96 99 103 
28 2 3 6 7 10 11 13 20 21 22 28 35 37 43 45 61 62 65 66 70 81 84 88 89 92 93 95 103 
24 3 4 5 9 15 22 27 30 31 34 41 44 46 55 57 59 64 67 81 86 87 92 100 101 
26 3 14 20 27 32 39 40 41 43 47 48 51 53 57 62 68 69 75 78 85 86 92 95 96 97 104 
26 0 3 8 15 18 21 31 34 38 40 42 44 52 66 67 72 74 75 78 87 89 92 96 100 103 104 
26 0 5 7 19 20 22 26 27 33 36 40 41 45 49 55 56 62 71 72 73 75 76 83 98 101 104 
23 5 12 15 24 25 26 27 34 35 54 59 60 66 71 76 79 80 81 85 87 90 100 103 
26 2 5 8 9 10 11 12 13 19 23 25 45 48 52 57 58 68 69 70 75 76 80 82 90 93 94 
21 14 18 24 27 28 30 33 37 40 42 45 50 51 55 62 63 77 85 87 88 89 
29 2 8 12 16 17 21 22 25 26 31 43 44 47 49 51 52 58 63 65 67 76 77 80 86 89 90 92 98 101 
25 4 8 13 15 16 25 26 31 35 37 38 40 43 45 58 65 72 76 85 86 89 91 93 95 97 
29 0 2 3 20 22 23 25 27 30 33 34 35 39 40 56 57 64 70 71 79 85 86 89 92 95 96 99 101 102 
31 3 4 8 11 13 17 20 22 25 26 28 35 36 40 41 48 51 52 59 63 66 68 69 70 71 80 81 85 88 92 99 
25 2 9 11 12 14 16 20 23 26 32 45 49 52 54 57 58 65 66 72 77 86 89 90 91 101 
30 4 7 9 11 12 17 19 22 26 29 35 37 38 40 41 50 52 53 57 60 64 67 73 74 78 95 98 100 103 104 
25 5 7 13 23 28 31 32 37 38 40 52 59 62 64 65 70 73 75 79 81 92 94 95 99 100 
27 4 14 18 21 22 25 36 38 41 43 46 47 49 55 57 59 60 62 73 75 77 78 84 90 93 95 98 
29 0 7 12 13 14 20 22 23 28 30 32 36 41 42 48 49 53 59 64 67 71 73 83 85 92 95 99 101 104 
24 3 5 15 16 18 20 22 25 29 44 51 52 53 56 66 69 77 80 81 84 90 91 97 100 
32 0 2 4 11 13 14 15 17 19 20 21 24 25 27 32 34 36 41 42 45 46 53 56 63 69 71 74 77 78 80 96 103 
26 3 6 9 14 21 28 31 34 42 43 45 47 49 54 55 56 66 69 71 74 75 78 79 89 93 103 
25 7 11 12 22 23 24 26 27 28 34 35 36 48 50 53 64 70 73 78 81 87 92 94 95 96 
24 5 9 10 12 16 23 24 25 44 47 48 52 53 55 61 63 65 76 80 83 88 89 93 99 
21 0 6 16 18 20 27 35 50 52 53 57 61 75 76 78 85 86 88 91 100 101 
27 0 8 9 15 18 20 24 25 27 33 37 42 44 58 60 65 66 69 70 76 78 83 85 86 89 90 104 
26 3 5 7 20 21 26 29 33 35 37 38 39 45 46 48 50 53 54 58 67 70 71 73 85 97 100 
25 2 7 12 13 16 18 36 38 40 42 46 49 51 53 56 58 63 66 69 74 76 88 96 100 103 
33 0 7 12 13 14 16 17 20 21 23 26 29 31 32 33 36 40 46 50 53 55 60 61 64 66 69 82 93 95 97 99 100 101 
25 0 2 4 13 15 18 21 22 28 32 33 34 38 50 55 60 70 71 75 83 86 87 98 103 104 
31 3 10 11 13 14 16 17 18 22 26 27 29 30 34 36 38 39 49 54 57 66 68 73 74 77 78 80 84 90 92 97 
23 16 18 27 29 40 41 44 47 50 54 56 61 68 69 72 74 75 83 89 92 94 100 103 
22 3 5 27 31 32 33 34 35 39 48 50 54 58 64 69 76 78 79 88 93 101 102 
22 0 4 8 10 13 15 18 20 25 29 34 40 47 51 55 68 72 73 74 88 94 100 
28 1 8 9 16 21 22 23 34 50 53 57 58 59 60 63 70 71 80 81 82 86 87 88 89 90 91 94 97 
20 5 8 10 11 13 14 15 30 32 37 45 53 56 61 62 75 80 83 85 98 
25 0 2 6 9 10 13 17 21 22 24 28 34 37 46 50 51 53 59 72 83 86 94 95 100 103 
28 1 3 5 10 22 29 32 40 42 43 47 48 49 53 59 64 68 75 76 78 81 84 89 94 96 97 99 101 
28 4 5 7 8 10 19 21 22 34 37 43 48 49 55 57 67 69 71 74 77 78 80 84 85 87 92 93 104 
24 0 1 3 4 18 25 27 31 33 34 40 44 48 58 69 70 71 77 81 82 91 95 97 100 
28 0 3 7 36 37 38 43 44 49 53 59 68 70 72 75 76 77 78 80 81 83 84 85 87 91 95 100 104 
36 0 5 12 13 14 17 18 22 24 30 34 35 39 40 43 47 48 49 51 57 59 63 64 65 69 84 85 86 88 90 91 93 94 96 102 104 
25 11 23 27 28 29 32 34 38 43 47 48 52 53 55 56 59 65 66 70 74 76 78 90 91 96 
30 9 13 14 16 19 22 32 33 36 42 50 53 54 55 56 61 63 66 70 71 72 73 79 84 86 87 88 91 96 101 
22 11 22 28 30 35 37 46 48 55 69 73 74 75 83 85 89 90 91 92 95 100 102 
28 1 14 15 26 29 32 40 41 43 46 54 56 57 58 60 61 63 66 70 75 79 83 89 92 94 98 102 103 
31 1 2 14 15 16 17 18 20 22 26 27 29 31 35 42 45 48 50 52 53 55 63 65 69 70 80 95 97 99 100 104 
22 5 6 8 10 14 20 23 26 33 42 45 56 58 74 75 88 90 92 96 97 100 101 
29 7 12 13 14 16 18 28 30 31 37 41 44 47 54 58 61 64 66 74 76 78 82 83 85 87 91 94 96 100 
