70:105
53 0 1 2 6 9 10 11 14 16 17 18 25 27 28 29 30 31 32 34 36 37 39 40 42 44 52 54 57 58 59 61 64 67 69 70 71 72 74 76 78 79 80 81 85 91 92 93 95 96 100 101 102 103 
54 0 2 3 4 7 8 9 13 14 16 17 19 20 21 22 23 24 25 26 27 28 29 30 32 35 36 37 41 42 43 48 50 58 59 60 61 62 65 69 71 74 75 77 78 81 82 86 90 93 97 99 101 102 104 
56 1 4 5 7 9 10 11 14 15 17 18 19 23 24 25 28 31 33 35 37 38 39 43 44 46 47 49 51 52 54 57 58 59 62 65 68 69 71 73 74 75 79 80 83 84 85 87 88 89 90 91 97 98 102 103 104 
66 0 4 5 6 7 8 9 10 11 12 14 15 16 17 18 20 22 24 25 26 27 28 29 30 31 32 33 34 35 36 37 38 46 48 49 50 51 52 53 55 56 58 59 60 63 65 67 68 69 71 72 73 74 76 77 79 80 84 87 89 92 94 97 98 99 104 
52 2 4 6 7 8 10 11 15 18 20 21 22 23 24 26 28 33 35 39 41 42 44 45 49 50 51 52 54 56 60 62 63 65 69 72 73 74 75 77 78 80 85 86 91 92 93 96 97 98 99 101 103 
52 0 2 3 9 10 12 13 14 17 19 20 22 23 24 27 29 30 33 34 36 38 41 42 43 46 48 51 54 57 58 59 60 61 64 65 68 70 71 72 74 76 77 78 79 80 81 85 88 95 97 100 103 
54 1 3 5 6 9 13 14 15 18 19 21 22 29 30 32 33 35 36 37 39 40 42 43 45 46 48 49 50 53 54 56 57 60 62 64 65 67 68 72 75 77 83 84 85 87 88 89 90 92 93 98 99 100 104 
57 2 5 6 9 12 14 18 19 20 22 23 25 26 27 28 29 33 34 36 38 40 43 46 47 49 51 52 53 54 56 58 59 61 62 64 65 66 67 68 69 70 71 73 75 80 85 90 92 93 94 95 97 100 101 102 103 104 
53 1 2 3 4 9 10 13 17 18 19 20 24 27 29 32 34 36 39 40 42 43 44 46 47 48 49 50 53 54 55 56 57 59 60 61 64 66 74 75 77 82 84 87 90 91 92 95 97 98 99 100 102 103 
55 0 2 3 4 5 6 8 13 15 19 21 22 24 25 26 27 28 29 30 32 33 35 38 39 41 43 44 48 49 50 52 53 59 60 63 64 67 68 70 71 73 74 75 79 80 81 86 87 89 92 93 94 99 100 103 
54 1 2 3 4 7 8 9 11 12 13 17 18 19 22 23 24 27 28 29 30 32 34 35 36 43 45 46 49 51 53 55 64 65 66 67 68 69 73 74 75 77 78 79 80 83 86 88 91 93 94 97 98 103 104 
56 2 3 8 10 11 12 13 15 19 21 23 24 27 28 29 31 35 36 37 41 43 46 47 48 49 50 51 53 54 55 57 58 59 60 61 62 63 67 72 74 76 81 83 84 85 86 87 90 91 94 95 96 98 99 101 102 
62 0 1 2 4 5 7 8 11 12 13 16 17 18 19 20 22 23 24 27 30 31 34 35 37 38 41 42 43 44 45 48 49 52 53 56 58 59 61 64 67 68 69 72 73 74 76 77 80 82 84 85 86 87 88 89 90 94 95 98 101 103 104 
61 3 4 5 7 9 10 13 15 17 19 22 23 25 28 29 30 31 34 35 36 38 41 42 45 47 49 51 52 54 55 56 57 58 59 60 61 63 64 66 67 68 71 73 75 76 77 81 82 84 85 86 87 89 93 94 97 98 99 100 102 104 
50 0 1 3 6 7 9 10 12 14 17 18 20 21 24 27 28 30 31 32 35 36 38 39 44 45 46 51 61 62 64 66 68 71 72 77 80 84 86 89 91 92 94 95 97 98 99 100 102 103 104 
45 0 1 2 7 8 9 10 11 13 15 18 20 22 24 36 37 41 43 46 47 50 54 56 59 64 66 69 71 72 75 76 77 78 80 83 84 86 91 92 96 97 99 100 101 104 
44 0 2 4 5 10 12 13 14 16 17 18 20 21 22 23 25 26 27 29 30 31 41 42 45 50 64 65 67 68 73 74 76 78 84 85 86 87 88 92 93 97 98 99 104 
58 1 7 8 9 10 11 12 14 15 16 17 21 23 24 26 27 28 30 31 32 33 34 38 43 44 45 46 47 48 50 51 52 54 55 57 60 61 62 63 64 65 66 70 71 72 73 74 75 80 82 83 85 87 90 91 93 99 101 
58 0 1 2 4 5 6 8 13 14 15 16 17 18 20 21 22 26 27 28 29 31 32 34 35 37 38 39 40 41 44 45 49 50 52 56 57 59 60 62 64 66 67 70 71 75 76 82 84 85 87 88 89 93 94 95 98 100 103 
53 1 3 8 10 11 12 14 16 20 22 23 24 25 26 27 31 32 36 39 40 42 46 47 51 54 55 58 60 61 62 63 66 68 69 70 72 73 74 76 80 81 83 84 86 87 90 93 94 95 96 98 101 102 
48 1 3 4 5 8 10 11 12 13 16 21 24 26 28 29 30 33 34 38 40 42 46 47 48 51 55 57 60 61 67 68 69 70 73 74 75 79 80 83 85 86 87 89 91 93 95 99 103 
50 0 4 6 7 8 9 15 21 23 25 27 28 29 30 31 32 34 37 41 44 48 50 52 53 54 56 57 58 59 60 61 64 66 69 72 74 75 76 77 78 79 82 85 87 92 93 95 102 103 104 
54 2 7 9 10 11 12 15 16 18 19 22 23 25 26 27 29 31 32 37 38 39 41 43 46 47 51 52 55 56 58 60 63 66 67 68 69 74 77 79 81 83 84 85 86 88 90 91 93 95 96 99 101 102 103 
49 0 1 2 7 12 13 14 16 17 18 20 24 25 26 28 30 34 37 39 40 42 43 45 46 47 52 54 56 58 59 62 66 67 69 74 76 77 80 85 86 88 90 92 94 96 98 100 103 104 
50 2 3 5 6 7 10 11 12 14 16 20 23 26 27 29 31 35 46 49 50 51 54 55 59 61 65 66 68 69 76 78 79 80 82 84 86 87 88 89 90 91 92 95 96 97 98 99 100 103 104 
55 0 1 3 4 5 8 10 11 13 14 15 18 20 21 24 26 27 31 35 37 39 41 42 47 48 50 52 58 59 60 61 62 63 66 67 68 72 73 78 79 80 81 85 87 88 91 93 94 96 97 98 99 100 102 103 
49 1 3 4 10 11 12 14 15 18 23 28 29 30 32 33 34 37 38 43 46 47 48 50 51 52 55 57 61 64 67 69 76 77 78 79 81 84 85 86 90 91 92 93 94 95 100 102 103 104 
49 3 4 5 7 13 14 21 25 28 31 33 34 37 38 39 42 43 48 49 51 53 55 58 59 60 61 62 63 67 68 69 70 73 74 78 79 80 82 84 86 88 89 92 93 94 96 99 101 104 
57 1 2 5 6 7 8 9 11 12 13 16 18 19 21 24 26 27 29 31 32 34 36 37 38 39 41 44 45 50 51 52 55 56 57 58 60 61 62 66 70 71 74 75 76 77 80 82 83 86 88 93 94 100 101 102 103 104 
56 0 1 2 4 5 7 8 11 12 13 14 15 16 18 19 25 27 28 30 32 34 35 38 41 45 46 49 50 52 53 54 56 57 58 60 61 65 67 68 69 70 72 75 80 83 86 87 88 89 90 91 92 93 95 96 100 
44 3 5 8 14 16 18 21 23 28 32 33 34 35 40 41 43 44 47 48 50 52 54 55 57 61 62 66 67 68 70 75 77 80 85 87 88 92 93 98 99 100 101 103 104 
53 1 5 6 8 10 11 13 14 15 16 17 19 21 22 23 29 31 33 34 37 38 39 40 41 42 44 46 50 51 52 53 56 60 61 65 72 73 78 80 81 82 83 85 86 91 92 95 97 99 100 102 103 104 
58 5 9 13 15 18 20 21 22 24 26 27 29 30 31 33 39 40 41 44 45 46 47 49 50 51 53 54 55 57 58 60 63 67 69 70 71 72 74 76 77 78 81 82 85 88 89 90 91 93 94 95 96 97 98 99 100 102 104 
51 3 4 5 7 8 9 10 12 16 20 23 24 28 30 32 35 36 40 42 45 46 47 48 49 51 55 56 58 60 63 67 68 69 72 73 74 75 76 78 79 81 86 87 88 89 91 92 96 102 103 104 
46 1 5 10 15 16 17 18 20 21 22 28 30 31 32 34 41 42 45 48 49 52 55 56 57 58 60 61 63 65 70 74 75 79 80 82 84 90 92 93 94 96 97 98 99 103 104 
44 0 1 2 4 6 11 12 14 15 17 18 19 20 21 23 26 27 29 38 39 40 41 46 48 51 53 55 56 59 60 61 64 66 71 75 76 77 84 89 96 98 100 101 103 
47 1 2 3 4 7 9 10 12 14 17 18 19 23 24 30 32 42 43 45 47 49 51 52 53 55 56 57 60 61 62 64 66 67 68 71 75 76 81 83 85 90 91 95 98 99 103 104 
57 0 3 4 5 6 8 9 11 13 14 15 18 19 20 21 22 23 25 26 27 31 32 34 41 42 44 46 47 48 49 54 55 57 62 63 64 67 68 69 70 71 76 80 81 82 84 85 86 87 88 89 91 92 94 97 100 101 
45 5 7 10 12 13 14 16 17 19 24 25 26 28 30 31 36 41 43 44 48 51 52 53 58 59 61 62 63 64 65 66 70 73 75 76 77 80 83 85 89 92 94 97 98 102 
52 0 1 2 4 8 10 11 14 18 19 20 22 23 24 25 26 27 30 32 33 34 35 41 42 43 44 46 49 50 52 55 58 61 67 70 76 78 79 80 83 84 87 91 92 93 94 95 96 97 98 99 104 
54 1 8 12 14 15 19 20 22 24 26 28 29 34 36 37 38 39 42 43 49 52 53 54 55 59 60 62 64 65 66 67 69 71 72 73 74 75 76 80 81 83 85 86 87 89 90 91 92 93 95 99 100 103 104 
54 0 1 2 3 5 6 7 12 15 16 17 18 22 23 26 27 28 30 31 34 35 40 41 44 49 50 51 52 53 56 58 59 60 61 63 69 70 71 75 76 80 83 84 85 87 88 89 90 92 94 95 98 101 104 
57 0 2 3 4 5 6 9 10 11 12 13 15 21 22 23 24 25 26 31 34 41 42 43 44 45 49 50 54 57 58 60 61 62 63 66 68 71 73 74 75 76 77 78 79 80 81 82 83 84 85 87 88 89 90 92 93 95 
52 0 2 3 4 5 7 8 11 13 15 16 18 19 26 27 29 31 32 33 34 35 36 37 40 41 42 44 45 46 47 48 49 52 54 56 65 67 69 70 73 75 80 81 82 86 87 88 95 96 97 103 104 
54 4 6 7 8 10 13 16 18 19 20 24 25 26 27 28 30 32 33 34 35 37 41 44 46 48 49 50 52 54 55 56 57 58 59 62 63 66 68 69 71 72 73 79 80 83 88 89 90 91 94 95 96 101 103 
54 1 5 9 10 12 13 15 17 19 20 23 26 27 28 29 30 31 32 35 40 41 43 44 46 47 51 53 54 56 59 61 63 65 69 72 73 74 77 78 79 84 86 87 88 89 90 91 92 95 96 97 99 102 103 
57 0 1 2 3 4 6 8 11 12 15 16 17 19 22 23 25 27 28 31 32 33 35 37 39 40 41 42 43 45 47 48 49 50 53 54 55 58 59 61 64 65 67 68 72 75 76 78 79 81 89 93 95 99 100 101 103 104 
53 1 2 3 5 6 8 11 13 15 19 20 25 26 28 29 35 36 38 39 42 43 44 45 46 48 50 51 53 54 55 56 57 58 59 63 70 71 74 76 79 82 83 87 90 91 93 95 96 98 99 101 102 103 
59 1 5 6 9 10 11 12 15 17 19 20 21 24 26 28 30 31 33 36 38 39 40 41 42 43 44 45 46 47 49 50 52 53 55 59 61 62 63 65 67 70 71 72 73 74 75 78 79 83 85 86 88 89 93 94 95 96 103 104 
52 0 2 3 4 5 6 8 9 16 19 20 24 25 27 28 29 34 37 39 43 44 46 47 53 54 55 57 58 59 60 61 62 63 65 66 71 72 73 78 79 83 84 85 86 87 90 91 94 97 98 100 102 
48 1 4 5 6 7 8 11 14 16 17 21 23 24 25 26 28 29 31 35 37 38 41 42 46 49 50 52 55 56 57 58 63 66 67 70 73 74 78 82 85 86 91 94 95 96 98 99 101 
54 0 1 3 7 11 12 18 19 20 21 23 25 27 28 31 34 36 37 39 40 42 43 45 46 47 49 51 54 55 57 58 61 62 63 67 68 70 71 72 73 75 76 77 78 79 81 82 83 89 90 91 100 102 104 
55 0 1 3 4 8 9 10 14 15 16 19 20 21 22 24 26 28 29 30 31 32 37 45 47 51 52 54 55 57 58 61 62 63 64 68 69 71 72 75 80 83 84 87 88 89 91 92 93 94 96 97 98 99 101 103 
58 0 4 6 8 10 11 12 13 15 16 17 19 20 21 22 27 28 30 32 34 35 36 38 40 42 45 46 48 50 52 54 55 56 62 66 67 68 72 73 74 76 77 80 81 82 86 87 90 91 93 94 95 96 98 100 101 102 103 
48 2 3 8 9 11 17 18 19 21 23 25 26 27 29 31 32 34 35 36 39 40 42 44 45 47 51 52 53 54 56 57 61 62 67 68 72 76 77 81 85 89 91 94 96 97 101 103 104 
63 0 1 3 4 5 6 8 9 10 13 14 15 17 18 20 22 23 25 26 27 30 31 33 35 39 40 43 44 47 48 51 53 55 57 58 59 60 63 65 66 67 68 69 71 72 73 75 77 78 80 81 82 84 85 86 89 90 92 94 97 98 99 104 
55 0 2 4 5 7 8 9 12 13 23 24 27 28 29 30 31 32 35 39 40 41 46 47 48 49 50 52 54 55 56 60 61 62 65 66 67 70 73 74 75 76 79 82 83 84 85 86 89 90 91 92 95 99 101 103 
51 0 7 12 16 17 18 20 21 22 23 24 27 29 33 36 39 42 44 45 48 50 51 52 54 55 56 57 58 60 61 62 63 65 72 73 76 77 78 79 84 85 87 88 89 90 92 94 98 101 102 103 
50 3 4 5 7 8 11 13 16 21 22 25 26 27 29 32 39 40 41 42 44 45 46 48 49 50 55 57 60 61 62 64 66 68 69 73 74 75 80 84 86 87 91 92 95 97 98 100 101 102 103 
46 1 7 9 11 14 15 17 20 21 22 23 28 31 33 35 37 41 46 48 50 51 52 53 54 56 57 58 61 63 64 67 69 72 75 78 81 85 86 88 91 93 95 97 98 101 103 
48 0 1 2 4 6 9 10 11 12 13 23 25 27 28 32 33 34 43 47 48 49 50 51 52 54 56 57 58 62 63 66 73 75 76 79 80 83 86 87 89 92 93 94 97 99 100 101 102 
43 1 3 5 15 17 18 21 23 25 26 28 33 34 36 38 39 40 43 45 46 47 51 55 58 61 63 64 69 70 74 75 76 79 80 83 84 85 89 91 92 93 99 102 
51 1 6 9 14 15 16 18 19 20 21 22 27 29 32 34 35 37 39 44 45 47 49 52 56 57 58 59 60 61 65 66 67 69 71 73 76 77 78 85 87 88 89 90 92 93 95 99 100 101 102 104 
51 0 6 8 9 14 16 17 18 19 21 25 27 32 33 34 35 36 38 42 43 46 57 58 60 62 64 67 68 69 72 73 74 78 80 81 82 83 84 86 87 88 89 91 93 94 95 98 100 101 103 104 
50 1 2 4 6 8 9 10 11 13 14 19 21 24 25 28 29 30 32 33 36 45 46 48 49 52 53 58 61 63 65 66 67 72 74 80 81 83 86 88 90 91 92 93 94 96 97 98 99 101 103 
51 4 9 11 12 13 14 17 22 23 25 26 29 32 34 36 38 41 43 44 45 48 51 52 55 58 65 66 67 68 71 74 75 77 78 79 83 85 86 89 90 92 93 95 96 97 98 99 100 101 102 103 
61 0 1 3 4 6 7 9 10 15 16 17 19 20 22 23 25 26 28 29 31 33 35 36 38 40 42 43 44 45 46 47 48 50 51 53 55 56 58 60 64 67 69 71 73 74 77 78 80 81 82 86 89 90 92 93 95 96 97 98 101 103 
51 0 1 2 3 4 5 7 8 9 11 12 14 16 20 24 25 26 28 30 31 37 38 39 41 44 47 49 51 53 54 55 57 59 61 66 68 70 73 76 77 78 82 84 85 87 89 94 96 102 103 104 
62 0 1 2 4 5 6 7 11 12 14 19 20 21 23 25 28 29 34 36 37 38 40 42 45 46 47 49 51 52 53 56 57 58 61 63 64 66 67 68 69 70 72 73 74 76 78 79 84 85 87 88 89 90 91 92 94 97 98 100 101 102 103 
47 1 2 3 7 8 11 12 13 16 18 23 25 26 27 30 31 32 33 34 36 37 38 39 42 43 45 47 50 54 56 60 61 62 66 69 72 73 78 81 83 88 92 94 97 99 102 104 
