70:35
9 3 7 15 21 23 25 28 31 33 
9 0 3 6 10 16 18 21 23 25 
8 1 6 15 17 25 26 29 33 
8 5 6 11 12 16 20 27 33 
12 0 1 4 5 7 9 21 22 24 26 29 30 
5 4 7 23 24 31 
8 0 3 7 9 15 21 26 27 
12 4 6 7 9 16 19 21 22 25 29 30 31 
7 2 5 16 17 23 26 28 
14 4 10 11 13 15 16 19 20 21 24 25 29 30 34 
11 0 2 4 7 11 15 19 25 27 29 31 
7 5 8 9 20 28 29 30 
14 2 7 8 10 12 15 16 20 22 24 25 28 32 34 
6 3 9 12 23 28 34 
13 3 9 10 11 12 18 20 21 24 25 27 29 34 
6 1 3 11 25 26 31 
6 3 4 12 13 14 28 
13 0 1 2 4 6 14 17 23 24 26 28 30 31 
13 3 5 9 10 13 14 15 17 18 20 22 29 30 
11 1 7 8 10 19 21 23 26 29 30 31 
7 2 6 8 15 16 17 19 
8 3 5 8 11 14 23 24 33 
8 1 12 17 18 20 26 29 30 
6 3 9 21 28 33 34 
7 6 7 13 16 21 27 30 
14 3 4 7 10 12 14 17 18 19 21 27 28 31 34 
6 22 24 27 31 33 34 
11 1 2 5 6 11 13 14 18 21 23 33 
8 1 3 14 17 18 22 24 31 
8 3 6 10 13 16 22 33 34 
6 5 11 17 19 25 29 
11 1 2 7 12 19 21 22 24 30 31 33 
9 0 1 2 3 4 12 19 24 28 
12 0 2 4 6 7 11 15 23 24 26 33 34 
13 5 6 11 13 14 16 18 23 25 26 29 30 34 
5 2 6 9 12 29 
11 0 7 11 12 18 19 24 26 27 32 34 
15 1 3 5 7 9 14 15 16 20 22 23 24 29 33 34 
9 5 8 9 11 14 20 27 30 33 
6 1 2 4 19 25 32 
10 1 4 6 8 15 16 17 30 31 33 
9 2 16 17 21 22 24 29 30 33 
8 0 6 10 11 15 18 23 31 
10 8 9 10 11 12 18 22 28 33 34 
13 2 3 5 6 9 14 20 21 24 28 29 30 33 
6 2 5 11 13 16 34 
7 2 10 17 18 19 21 23 
10 1 3 5 9 10 13 16 19 21 26 
13 0 2 5 7 9 12 14 16 20 24 26 29 31 
6 9 11 15 17 18 34 
9 0 6 11 14 16 18 24 25 33 
8 3 9 12 23 25 27 31 34 
6 10 15 17 19 30 34 
6 10 12 15 25 31 32 
8 4 8 14 15 16 25 29 33 
12 5 7 9 11 12 14 19 24 27 28 29 34 
15 1 3 4 5 7 8 10 11 13 15 21 22 26 27 31 
15 0 2 3 10 12 17 19 22 24 25 26 28 31 32 34 
12 3 6 7 8 10 12 13 14 17 30 32 34 
9 2 3 6 7 11 18 20 23 26 
5 3 9 12 16 30 
6 3 13 15 22 30 34 
10 4 5 9 12 13 16 21 25 31 33 
8 7 8 13 16 20 24 28 34 
4 7 15 31 32 
8 5 12 13 19 26 27 28 30 
6 2 10 14 15 30 31 
10 0 10 19 24 25 26 27 28 31 33 
10 3 4 9 10 11 17 20 27 28 29 
15 0 5 7 14 15 17 18 19 20 23 25 26 27 28 34 
