70:35
15 3 4 6 8 11 12 16 17 18 21 22 27 30 31 33 
10 5 9 12 15 16 20 23 28 30 31 
12 0 2 3 14 17 18 22 27 30 31 33 34 
12 2 4 6 11 15 17 18 20 22 27 30 31 
9 0 5 10 15 21 22 29 32 33 
9 3 5 11 12 13 18 23 24 31 
9 10 16 17 18 20 22 24 25 27 
15 0 4 10 11 13 16 18 19 20 22 28 29 31 33 34 
3 4 5 23 
12 0 1 2 6 11 16 18 20 21 25 28 31 
8 1 3 15 16 20 28 29 30 
6 1 4 8 11 22 30 
11 1 4 5 10 15 16 20 24 30 31 34 
12 4 9 14 15 19 24 25 27 30 31 32 33 
6 5 9 22 26 29 33 
4 12 14 20 27 
13 0 2 7 9 10 16 18 20 22 23 25 27 29 
9 2 5 10 15 23 25 30 33 34 
17 3 4 5 6 12 13 14 16 19 22 23 24 26 27 31 33 34 
9 1 2 9 14 16 23 24 27 31 
6 3 4 6 24 25 31 
11 5 8 9 14 15 18 20 21 25 26 30 
13 2 6 7 8 10 12 13 15 16 21 23 24 31 
9 1 2 4 8 18 22 25 26 27 
8 0 4 6 8 12 18 21 30 
6 1 11 16 20 21 25 
12 4 5 11 14 16 19 22 26 27 30 31 32 
8 6 9 14 16 17 21 23 26 
6 1 7 9 12 21 30 
14 1 2 4 5 6 10 12 13 14 18 20 25 31 33 
10 1 3 10 11 14 15 22 28 32 34 
12 4 9 13 15 17 21 24 25 27 29 30 31 
8 15 20 23 24 26 28 30 32 
8 1 3 5 11 21 23 26 33 
9 1 3 7 12 13 22 23 30 31 
10 1 2 7 10 13 22 23 24 27 31 
10 0 2 7 8 17 21 22 30 31 33 
12 0 2 6 10 12 14 17 21 25 27 29 34 
12 1 3 6 8 12 15 16 19 22 25 28 33 
11 1 4 6 7 12 15 18 20 27 31 32 
6 2 5 6 8 10 24 
9 2 7 8 15 19 23 25 29 34 
9 8 11 12 15 17 20 28 29 33 
9 0 5 10 12 15 20 21 24 34 
9 5 7 14 16 17 20 21 22 31 
7 4 11 21 30 31 33 34 
6 1 8 10 19 30 31 
15 1 3 7 8 9 11 18 19 20 23 26 27 28 29 32 
9 11 17 19 20 22 23 25 30 31 
10 2 4 7 14 17 20 22 24 32 33 
11 0 2 7 9 10 11 13 16 21 22 27 
6 4 7 9 15 16 18 
10 0 4 6 8 11 17 21 27 30 34 
5 14 15 16 24 31 
12 1 9 12 14 16 21 22 23 24 26 33 34 
15 0 1 5 7 10 11 22 23 24 26 27 28 29 31 33 
9 2 3 6 16 27 28 29 31 34 
13 3 9 12 14 16 17 18 20 23 24 27 30 34 
10 0 3 8 9 15 22 23 26 27 33 
8 1 4 5 17 24 25 26 28 
8 3 7 16 18 22 27 31 33 
8 2 7 13 16 17 21 27 29 
10 0 2 3 9 12 16 17 18 21 32 
5 4 6 12 20 24 
9 1 7 9 13 16 21 22 23 28 
8 4 6 17 19 20 22 29 31 
10 3 5 15 17 18 20 31 32 33 34 
6 0 1 16 17 30 32 
11 1 6 12 14 15 20 23 24 29 32 33 
10 3 9 10 14 15 17 21 22 25 32 
