70:105
25 0 4 9 11 12 18 19 27 28 30 34 37 40 42 44 48 52 56 71 73 77 78 83 99 103 
26 8 16 17 18 23 25 30 31 32 40 47 48 60 62 66 67 70 72 74 75 86 87 90 93 100 101 
29 2 10 12 13 14 15 16 17 22 26 28 31 32 36 42 44 52 57 58 71 73 74 86 89 90 94 100 101 104 
22 7 11 12 17 20 22 26 32 41 45 46 52 59 63 64 65 70 79 84 85 102 104 
29 1 6 12 13 17 18 23 27 28 32 33 35 36 44 52 54 58 69 71 72 75 78 79 85 87 90 92 94 100 
25 3 7 29 30 35 37 38 39 40 46 52 55 62 63 66 77 78 81 82 83 84 85 86 96 100 
24 2 7 10 11 20 24 26 29 30 36 42 46 62 65 74 76 77 78 80 85 93 96 98 102 
30 0 13 14 16 19 21 22 24 26 30 33 35 39 41 43 49 52 55 59 62 63 64 68 69 76 81 83 90 93 97 
26 1 3 5 7 9 11 14 18 21 27 34 37 40 41 54 57 63 69 78 80 83 87 88 96 98 101 
26 1 3 10 12 17 18 20 21 25 30 32 38 45 49 50 52 66 71 73 78 81 86 90 91 98 103 
22 13 14 20 23 28 32 48 51 53 54 63 65 70 74 80 86 88 90 91 94 95 96 
24 4 6 8 13 14 18 21 29 38 44 49 51 53 58 59 62 63 71 79 81 88 89 92 101 
22 0 2 6 9 15 18 25 26 36 38 41 45 55 57 61 66 67 74 80 89 90 97 
34 1 2 3 6 7 18 19 24 26 28 29 32 35 36 37 38 41 43 52 54 55 56 61 62 79 80 83 88 89 90 97 100 102 104 
26 3 6 11 13 14 15 24 31 36 44 50 51 53 64 65 69 72 75 76 84 86 97 99 100 103 104 
32 0 2 4 6 7 11 15 20 22 23 25 26 27 31 38 39 40 45 49 57 65 71 73 75 79 81 86 95 96 97 102 104 
29 4 6 7 32 33 34 35 43 45 46 48 51 54 55 56 59 61 64 65 70 73 78 86 88 90 95 101 102 104 
21 15 17 18 21 24 25 28 29 31 33 36 68 69 72 75 77 78 79 93 97 104 
31 0 3 5 10 12 17 20 24 28 30 33 36 38 40 41 43 44 49 51 52 55 56 59 61 64 72 73 84 95 97 103 
25 4 9 22 23 28 33 34 38 43 45 47 58 63 70 71 75 77 78 83 91 95 99 102 103 104 
29 11 15 16 19 24 32 34 40 41 45 49 56 57 58 60 62 63 67 68 69 71 72 78 85 95 96 99 101 102 
29 0 6 7 9 13 14 15 19 20 22 24 25 30 37 40 54 57 61 65 66 68 70 75 76 84 88 95 96 101 
29 11 14 16 18 19 22 24 27 28 29 34 36 40 43 53 54 57 58 60 66 70 77 88 90 91 94 97 99 100 
28 0 1 2 3 26 27 31 35 37 39 41 50 60 61 62 64 66 69 73 75 76 80 82 86 97 100 101 104 
32 3 4 6 7 9 14 15 17 20 23 25 26 31 32 33 34 36 37 41 44 53 55 56 66 78 80 85 90 92 94 101 104 
30 0 7 11 15 19 21 22 30 35 36 37 38 43 50 51 56 62 64 67 70 71 73 76 83 88 89 91 93 97 99 
21 1 5 10 14 17 22 27 43 45 48 49 56 61 62 69 74 79 80 88 95 98 
23 18 23 31 32 36 40 41 42 47 53 54 65 71 78 84 86 89 90 91 94 95 101 102 
29 0 6 8 12 15 18 20 21 32 33 35 36 38 46 49 52 60 61 65 76 78 81 89 93 94 96 98 100 104 
27 2 6 8 22 25 27 29 34 35 37 58 64 69 76 79 80 81 82 86 87 89 96 97 98 99 102 103 
28 9 10 12 15 17 19 22 23 27 33 42 44 48 51 53 54 59 63 64 66 77 83 89 91 92 94 95 98 
21 2 4 9 14 21 24 29 31 32 39 48 67 68 70 78 81 83 91 92 101 102 
32 4 7 13 18 23 25 28 32 35 39 45 46 49 50 52 60 62 63 64 65 67 72 76 78 79 80 83 86 87 92 96 97 
31 7 8 9 12 13 18 32 33 38 41 44 45 47 48 52 55 57 61 62 64 75 80 81 84 85 89 92 93 95 97 98 
28 2 4 5 14 17 18 25 27 29 31 39 50 51 57 58 59 60 67 69 70 71 75 83 86 87 89 95 104 
22 3 13 20 22 24 26 38 40 41 44 48 49 51 59 60 72 74 75 79 82 87 93 
29 12 14 16 18 19 22 31 33 46 49 50 53 57 58 62 63 64 65 69 71 72 73 77 82 83 85 88 94 101 
33 2 7 10 14 16 17 20 24 25 31 38 39 41 42 45 48 49 51 55 59 62 66 69 70 73 76 79 84 85 95 97 99 102 
24 2 5 7 10 14 15 16 39 56 58 65 67 73 74 76 78 82 84 86 87 88 90 96 100 
30 1 7 10 11 12 14 20 24 28 36 40 41 43 45 47 51 53 57 61 66 68 69 85 87 88 93 94 95 96 101 
27 2 7 9 14 15 20 30 32 37 40 43 50 54 55 65 67 70 75 81 84 89 90 91 92 93 96 97 
20 0 12 14 20 21 22 28 30 32 41 42 45 58 59 60 61 63 82 94 99 
30 0 3 4 5 8 11 13 15 18 19 28 32 39 40 42 53 58 60 64 67 68 70 72 73 76 86 89 90 96 104 
24 1 2 4 6 8 11 26 36 39 53 55 59 60 68 69 72 85 89 95 96 99 101 102 104 
18 1 5 11 23 41 44 45 46 53 58 63 64 73 84 92 94 96 100 
26 0 3 9 15 17 18 20 22 27 30 37 40 42 44 49 50 54 55 60 62 66 78 79 87 92 103 
23 3 4 8 15 16 17 18 22 25 27 28 30 60 64 73 75 77 80 81 83 90 102 103 
22 4 11 15 19 25 26 29 39 42 45 50 55 61 63 67 70 71 85 90 91 99 103 
33 3 5 7 9 13 18 23 24 27 28 32 33 36 37 40 43 44 45 57 59 61 65 77 78 79 83 84 87 90 94 99 103 104 
31 0 3 6 11 12 18 27 30 31 32 34 35 39 42 44 46 54 65 66 71 72 75 80 81 82 85 86 91 94 97 101 
39 7 8 9 11 15 19 20 26 28 29 32 33 34 36 38 39 40 44 45 48 49 50 51 55 56 58 62 64 65 67 82 88 91 93 94 96 98 99 104 
29 2 3 4 5 6 7 8 12 30 37 42 47 49 55 59 61 69 70 73 74 76 79 80 81 84 88 96 98 101 
30 11 13 17 18 22 26 28 30 32 36 37 40 45 46 47 48 54 57 59 66 68 69 71 73 76 77 82 83 85 103 
27 1 4 19 27 30 31 32 33 34 35 38 48 50 52 53 62 65 70 71 80 87 90 93 94 95 96 104 
21 1 3 8 15 24 34 42 43 44 51 58 59 64 69 73 77 84 88 91 98 99 
30 1 7 9 13 16 21 24 27 30 36 37 42 43 44 48 49 51 57 60 63 64 69 72 75 80 90 93 98 101 104 
17 7 9 14 15 27 30 43 49 61 71 73 74 75 81 91 95 97 
22 7 10 12 19 21 29 30 44 46 48 49 52 55 56 59 63 69 73 92 96 97 100 
23 4 13 27 28 32 34 36 37 38 42 51 56 64 71 72 74 78 83 84 86 88 93 99 
30 2 3 8 17 18 28 33 37 45 46 48 49 50 51 59 60 63 64 73 76 77 78 80 83 85 87 100 101 103 104 
23 2 7 8 9 11 26 31 33 41 51 54 55 57 66 72 76 80 88 92 93 94 95 97 
25 4 6 10 11 15 17 19 20 22 35 39 40 46 52 56 59 61 78 84 88 89 92 93 100 104 
27 0 1 3 4 8 13 18 22 23 26 27 30 31 34 40 41 44 57 63 69 80 90 91 94 99 100 101 
26 8 14 17 19 22 29 33 34 40 42 43 44 45 47 54 55 67 75 78 79 80 84 91 94 96 97 
24 2 5 6 8 13 14 18 19 24 25 38 49 59 60 61 73 74 76 77 80 84 90 97 98 
25 0 3 6 7 10 12 14 15 18 35 42 45 47 48 50 55 58 60 64 65 68 92 93 94 98 
25 3 7 13 14 19 24 25 26 29 34 37 48 59 61 62 63 78 79 81 82 87 88 90 93 104 
24 2 10 13 15 23 35 37 39 40 42 44 45 51 59 60 62 64 66 70 75 83 84 102 104 
23 7 10 11 18 22 29 33 35 38 39 42 44 48 56 57 60 81 83 89 91 93 101 104 
23 0 4 7 25 27 30 36 44 49 53 54 56 57 61 63 71 72 76 86 89 92 97 103 
