70:35
12 1 3 7 10 12 14 16 20 21 23 30 34 
3 9 15 27 
10 3 6 12 15 20 21 24 30 31 32 
8 1 5 6 12 15 19 26 31 
12 4 6 10 17 18 23 24 26 28 30 32 34 
12 1 2 3 6 14 21 23 24 26 28 30 32 
7 1 3 8 14 16 27 32 
11 3 4 5 9 10 11 12 21 22 27 33 
8 0 1 3 7 13 16 21 24 
12 2 4 5 6 7 11 25 26 29 30 33 34 
10 1 4 7 8 15 20 22 24 27 30 
7 3 5 7 16 22 32 34 
9 5 6 9 12 14 18 21 26 28 
7 7 10 18 19 25 26 30 
9 0 3 6 7 8 9 15 19 22 
7 2 6 13 17 19 28 34 
10 4 6 8 9 14 15 16 22 26 33 
4 4 21 28 31 
7 6 8 12 13 17 21 33 
7 4 16 20 25 27 28 34 
11 1 7 8 9 10 13 14 18 21 22 24 
10 5 7 10 12 13 18 19 20 25 27 
7 5 17 22 24 26 27 33 
13 1 3 5 9 10 15 16 17 20 23 25 32 33 
10 5 7 9 11 12 16 19 20 30 33 
7 1 7 13 16 24 31 34 
6 7 8 10 11 15 26 
13 0 1 8 11 12 14 15 16 22 23 25 27 30 
7 0 1 17 20 25 31 32 
11 1 7 10 13 14 15 22 23 25 27 28 
11 1 2 3 5 6 7 9 10 25 26 27 
9 0 3 8 13 15 18 21 27 32 
5 3 10 24 31 34 
11 0 8 9 11 16 21 23 25 30 33 34 
11 3 4 6 7 11 13 14 21 22 31 33 
6 3 4 9 17 23 33 
8 3 8 9 20 21 25 30 32 
7 1 19 23 25 28 31 33 
8 0 8 9 11 15 20 23 29 
7 8 10 13 15 20 30 32 
7 4 10 11 20 21 22 28 
11 5 11 13 15 17 19 22 23 27 30 31 
10 0 3 5 6 9 21 22 29 31 34 
8 3 4 8 13 24 26 27 32 
7 0 3 7 13 19 23 31 
16 0 5 6 8 9 13 15 16 17 20 21 22 27 28 29 33 
6 3 5 24 25 32 33 
13 1 3 4 5 7 8 16 21 22 23 24 25 28 
6 4 6 12 26 27 33 
6 11 15 22 24 32 33 
10 4 7 9 15 16 26 28 32 33 34 
11 0 8 10 12 13 16 18 21 24 25 30 
13 0 2 5 6 7 8 9 11 12 19 24 28 32 
11 3 4 12 15 18 19 21 24 25 26 33 
7 0 8 18 21 23 29 30 
12 0 7 9 13 15 18 19 20 25 26 27 30 
15 0 9 11 12 13 14 15 16 17 18 19 21 25 26 34 
12 1 2 5 6 9 10 12 27 28 30 31 33 
4 8 10 14 25 
7 0 1 5 14 16 23 32 
10 2 3 8 11 13 17 18 24 26 29 
11 3 4 7 8 15 17 20 23 27 31 34 
7 3 18 24 26 27 30 32 
8 5 7 13 17 20 22 23 29 
9 0 4 6 8 16 18 19 33 34 
8 2 3 4 8 10 15 31 34 
11 2 4 5 7 8 11 16 17 19 26 31 
16 1 2 4 7 13 15 16 18 24 26 29 30 31 32 33 34 
8 13 15 16 18 27 28 29 33 
10 2 4 9 10 12 17 20 27 31 33 
