70:70
31 0 1 4 6 7 14 15 16 17 18 22 26 29 30 31 33 36 38 40 43 44 48 51 52 57 61 63 65 66 68 69 
32 0 1 5 7 8 12 15 17 18 20 21 25 28 31 32 34 36 38 42 45 47 49 50 52 54 56 57 59 60 63 66 69 
38 0 2 7 8 9 11 14 15 18 19 20 22 24 28 30 32 33 34 36 37 38 40 42 43 46 50 52 53 55 58 59 60 61 62 64 65 68 69 
33 0 2 6 7 13 14 15 17 18 21 24 25 26 31 32 34 35 37 38 40 41 43 44 46 48 49 50 55 56 62 63 65 66 
33 0 1 4 8 15 18 24 25 26 27 28 30 31 34 35 39 41 43 44 47 48 50 51 54 56 57 58 59 60 61 63 64 66 
34 1 2 3 5 6 7 14 16 18 19 21 24 27 28 29 34 35 36 37 44 46 47 48 49 51 52 53 54 59 60 62 63 65 69 
36 3 4 6 7 8 12 13 14 15 17 20 21 23 24 25 28 29 30 31 34 38 41 44 46 47 48 49 50 51 52 58 59 62 64 67 69 
31 1 2 6 13 14 17 18 19 20 21 24 26 27 28 30 36 37 46 47 48 50 51 52 55 57 58 64 65 67 68 69 
33 6 9 11 14 16 17 19 20 25 26 27 28 30 31 33 35 37 42 43 44 45 46 48 49 54 59 60 61 62 64 65 67 68 
40 4 5 6 7 10 12 13 14 17 18 19 25 26 28 29 30 31 32 33 34 35 36 37 40 41 42 44 46 47 48 52 53 55 56 60 61 63 64 67 68 
35 3 4 5 7 11 12 13 19 22 23 24 25 26 27 28 30 31 32 34 35 36 38 41 42 47 49 51 52 55 56 62 64 65 68 69 
28 5 7 9 18 19 25 26 27 28 29 30 32 36 37 38 39 41 45 46 48 50 53 54 55 57 63 67 69 
40 0 2 3 5 6 10 11 12 13 14 16 18 21 23 24 27 30 31 35 36 37 38 39 42 45 48 54 56 57 58 59 60 61 62 63 64 65 66 67 68 
38 2 6 9 10 12 13 14 15 16 17 19 20 24 25 27 29 30 31 33 36 38 40 42 43 44 49 51 52 54 55 56 57 60 62 63 65 68 69 
35 1 3 4 5 7 10 11 12 13 14 15 17 19 20 24 27 30 31 32 33 34 36 37 42 44 48 54 56 58 61 65 66 67 68 69 
37 0 3 5 6 9 10 12 14 15 17 18 22 26 27 28 29 30 31 32 36 38 40 41 42 43 44 45 50 53 54 55 56 57 58 59 65 68 
40 0 2 4 5 8 9 11 12 13 15 19 20 24 25 26 27 32 33 34 36 37 39 41 45 46 47 48 49 50 51 55 56 57 58 61 63 64 65 66 68 
42 0 1 2 4 6 7 8 9 10 12 13 14 15 16 18 20 21 28 29 30 32 34 35 36 37 40 41 42 44 48 49 50 51 53 54 55 58 59 63 64 65 66 
45 0 1 3 5 6 9 11 14 16 17 18 19 20 21 23 25 29 31 32 36 38 39 41 42 43 44 46 47 50 51 53 55 56 57 58 59 60 61 62 63 64 66 67 68 69 
38 0 1 6 8 9 10 11 13 21 22 23 24 25 28 30 32 34 38 40 41 42 47 49 52 53 56 57 58 60 61 62 63 64 65 66 67 68 69 
38 1 3 4 5 8 10 11 12 14 16 18 20 21 22 23 30 32 33 36 38 42 44 45 47 48 50 51 52 53 55 57 58 60 61 63 64 68 69 
31 6 7 8 9 10 11 12 18 19 20 21 22 31 38 41 42 43 44 47 48 50 52 57 58 59 60 61 62 63 65 67 
27 2 5 14 15 16 18 20 27 30 32 35 37 39 40 42 44 46 52 53 54 55 56 57 63 64 65 67 
31 1 2 4 6 9 10 11 15 19 22 23 24 25 30 31 34 35 39 41 43 45 47 48 49 52 54 55 56 61 64 65 
37 0 1 5 6 7 9 12 14 15 16 18 20 21 22 23 25 26 27 28 30 31 34 36 37 38 43 52 53 56 57 58 61 64 66 67 68 69 
33 0 2 4 5 8 9 11 14 16 20 23 26 30 31 32 33 37 38 40 43 44 45 50 51 52 54 60 61 65 66 67 68 69 
35 0 3 6 8 10 11 14 15 23 24 25 26 27 28 31 32 33 34 35 36 40 42 43 46 47 49 51 54 55 59 60 61 65 67 69 
36 0 1 2 3 4 6 8 11 13 17 19 23 24 26 29 30 32 33 34 35 36 37 39 41 42 47 48 49 54 55 56 57 58 60 61 62 
33 2 3 4 8 9 11 18 19 22 24 25 27 29 32 38 39 40 41 42 44 45 47 49 50 51 52 54 55 60 61 64 66 68 
37 0 1 2 3 4 5 7 8 9 11 14 15 16 18 22 24 25 26 28 30 32 33 37 38 42 45 48 51 53 56 58 60 62 64 65 66 69 
38 4 6 7 8 11 13 14 15 16 18 22 24 26 27 28 29 34 35 36 38 40 41 45 46 49 51 52 54 55 57 60 62 63 64 66 67 68 69 
31 0 2 4 6 9 10 11 12 13 14 18 20 22 25 27 30 35 39 41 43 44 46 47 49 56 57 60 61 62 64 65 
36 0 4 5 6 7 8 10 13 15 16 19 20 27 28 30 31 32 35 37 38 39 40 46 47 48 50 54 55 56 57 61 62 63 65 66 68 
27 0 3 4 5 12 14 21 27 29 33 35 37 38 39 40 42 43 44 46 47 48 51 52 56 59 64 65 
37 0 3 4 5 7 8 9 10 11 12 13 14 15 16 23 24 27 28 30 32 35 39 43 46 48 52 53 54 55 56 57 59 62 63 66 68 69 
35 1 4 6 7 9 10 12 13 14 17 19 22 26 27 30 32 33 34 37 39 42 43 44 45 48 50 52 53 54 55 56 58 66 68 69 
37 0 1 2 3 4 5 6 7 8 9 12 13 15 16 17 18 20 22 27 33 35 36 38 42 43 45 46 47 52 53 55 56 57 60 62 67 68 
39 1 3 4 6 10 15 16 18 20 21 22 23 24 25 27 28 29 34 36 37 39 40 46 52 53 54 55 56 57 58 59 60 61 62 63 64 65 67 69 
39 1 2 6 7 8 11 14 16 17 18 25 26 30 31 32 33 34 35 36 37 38 40 43 46 49 50 51 53 54 56 57 58 60 61 62 63 64 65 66 
41 0 1 2 4 5 6 7 9 11 12 14 15 16 19 21 22 24 26 30 34 35 37 40 41 45 46 47 50 51 52 54 55 57 58 59 61 62 64 65 67 69 
35 1 4 5 7 10 13 15 18 20 21 22 23 26 29 31 32 33 35 39 40 42 43 44 45 46 56 57 58 60 61 62 63 65 67 69 
36 1 3 4 6 10 11 14 15 16 17 18 20 25 26 27 29 30 32 33 35 36 42 43 45 47 49 51 53 54 57 59 60 61 63 67 68 
41 0 1 3 5 7 8 9 11 13 17 22 24 25 26 27 28 31 32 33 34 38 39 40 42 44 46 48 49 51 52 55 57 58 59 60 61 62 63 64 66 69 
36 3 4 6 9 12 13 14 15 16 17 18 22 25 26 28 29 31 34 35 38 39 41 43 44 45 46 51 52 54 55 56 58 59 63 65 67 
36 2 5 6 7 9 10 11 14 17 18 20 23 24 26 27 30 32 33 35 36 37 39 40 46 47 50 51 53 55 58 61 63 65 66 68 69 
38 0 1 2 4 6 7 8 9 10 15 17 18 19 20 25 27 28 29 31 37 38 41 42 44 45 46 47 48 49 50 54 56 57 58 59 60 64 65 
36 2 3 4 5 6 9 15 16 17 18 20 22 26 27 29 30 31 32 34 37 38 42 45 47 48 49 51 54 55 59 60 62 63 64 67 68 
43 3 5 6 7 11 12 13 14 15 18 19 21 22 23 26 27 28 29 30 31 33 34 35 36 39 40 41 42 43 45 47 48 49 51 53 54 55 57 60 63 65 67 68 
38 0 2 4 8 9 10 11 12 14 16 21 22 25 26 28 29 30 34 37 40 42 45 46 47 48 49 51 53 54 55 56 57 58 60 62 63 64 68 
37 3 4 5 6 7 8 11 12 13 14 15 17 18 20 26 27 29 32 33 35 39 41 42 45 47 49 50 54 55 59 60 63 64 65 67 68 69 
35 0 1 4 6 7 10 11 15 16 18 19 26 27 28 31 35 36 37 38 39 40 41 42 43 44 45 52 53 55 56 59 61 63 64 67 
30 0 5 7 10 11 15 17 19 20 23 28 30 32 33 34 35 36 39 41 42 43 45 46 48 49 57 58 59 61 63 
33 0 1 3 8 10 12 15 18 19 21 23 25 27 28 31 36 37 38 39 40 42 43 45 47 51 52 53 54 56 57 58 61 66 
39 0 2 3 4 5 6 8 9 11 12 13 14 15 16 19 20 21 22 25 26 27 28 29 31 32 33 36 37 40 43 49 53 54 55 56 60 61 63 66 
35 1 2 9 15 16 17 18 21 22 26 29 30 31 32 33 35 36 37 40 42 43 44 45 46 47 48 49 52 58 59 62 63 65 67 69 
36 1 2 3 4 5 6 7 13 15 17 19 20 22 24 26 28 30 33 34 35 36 37 38 39 40 41 44 45 47 48 60 61 63 64 66 68 
30 1 8 9 10 12 14 18 20 27 31 34 38 40 41 43 44 49 51 52 53 54 55 56 58 60 61 62 63 65 68 
39 0 1 2 5 8 9 14 17 18 19 20 22 23 25 26 28 29 30 35 37 39 42 43 45 46 48 49 51 52 53 57 58 62 63 64 65 67 68 69 
37 1 2 8 9 10 11 13 14 15 16 18 21 23 24 26 28 30 33 34 36 37 38 39 42 43 44 47 49 50 51 52 58 60 63 65 68 69 
38 0 2 4 5 6 7 10 14 15 16 17 18 19 21 22 31 33 35 36 38 40 41 43 45 48 50 51 52 53 56 57 59 60 62 63 65 66 69 
30 1 2 4 5 8 9 14 15 17 22 23 26 27 28 30 31 35 38 40 46 48 50 53 54 57 59 60 64 66 69 
36 2 6 8 9 10 12 15 16 19 20 25 26 28 30 31 33 35 39 40 41 43 47 48 49 51 53 54 55 56 58 61 63 64 65 67 69 
32 0 4 8 9 17 18 19 22 23 24 26 29 30 32 33 35 37 40 42 44 45 47 49 50 52 55 57 58 59 62 67 68 
38 0 3 6 7 8 9 16 17 18 19 20 22 23 25 26 28 30 31 32 35 37 39 40 41 45 46 48 49 50 52 53 54 58 60 62 65 66 68 
37 2 3 4 9 10 11 12 13 15 16 17 18 20 22 23 25 31 32 36 37 39 42 44 46 47 49 53 54 55 56 58 59 62 63 64 65 66 
42 1 2 3 5 6 7 9 11 13 15 17 18 19 20 21 24 27 29 32 33 35 37 38 39 40 44 45 46 47 49 50 52 53 54 56 58 61 63 64 65 66 67 
29 0 3 5 6 8 9 10 17 21 23 25 27 28 29 31 33 36 38 40 44 49 51 53 55 58 60 61 62 63 
29 3 4 7 9 10 11 16 17 23 25 27 28 30 32 33 34 37 41 46 47 53 55 56 60 61 64 67 68 69 
36 4 9 13 17 18 22 23 24 25 26 29 30 35 37 39 40 41 43 46 47 48 49 50 51 52 53 55 56 58 59 60 63 65 66 67 69 
31 1 3 5 6 9 10 12 13 17 20 23 27 28 29 30 34 35 36 37 39 49 50 51 53 56 59 61 64 67 68 69 
