70:35
7 1 12 17 26 27 28 30 
9 5 9 17 18 19 22 27 29 34 
6 1 5 6 8 12 15 
11 2 3 10 11 12 16 17 19 21 23 25 
7 3 20 22 26 27 31 32 
10 8 11 19 20 23 25 26 28 29 30 
13 0 2 4 6 7 8 10 15 17 22 25 30 33 
10 7 12 13 14 15 24 25 29 33 34 
9 1 2 18 20 21 23 27 28 30 
8 2 6 19 20 23 28 30 34 
11 0 2 4 8 12 13 17 18 22 29 34 
4 8 12 31 34 
9 7 11 12 14 18 22 23 31 32 
9 3 4 5 11 13 17 21 22 23 
7 3 7 12 17 26 27 28 
8 6 15 17 19 22 28 29 30 
9 7 8 9 14 18 19 25 26 32 
12 2 7 10 15 16 18 19 21 22 23 28 30 
10 0 3 5 6 8 10 11 20 25 30 
11 1 3 11 12 13 18 21 25 26 30 32 
11 2 3 4 5 8 10 12 18 20 24 26 
8 3 6 13 17 18 20 31 33 
13 0 4 10 11 12 13 18 19 20 25 27 32 33 
9 0 11 12 13 14 18 23 25 30 
11 2 3 4 7 8 9 13 16 17 19 27 
10 0 3 11 19 21 25 28 29 31 33 
4 12 13 18 21 
9 2 3 7 11 13 14 18 29 30 
8 1 2 6 10 15 25 28 30 
8 0 1 3 6 10 23 26 33 
11 7 9 13 17 18 19 24 26 29 30 32 
6 8 10 13 16 18 23 
6 3 6 13 23 26 30 
8 0 2 4 18 20 22 23 29 
12 3 5 8 11 12 15 17 18 23 25 29 31 
10 3 4 7 22 23 25 26 28 30 33 
12 3 5 8 9 10 15 18 28 29 31 33 34 
9 1 7 14 15 20 21 29 31 33 
7 8 11 13 17 18 28 32 
10 3 11 12 13 14 22 23 29 31 34 
6 15 17 18 20 26 29 
10 0 1 8 11 13 16 19 22 24 31 
11 0 2 10 13 17 21 22 23 24 27 31 
10 0 2 3 7 10 13 20 26 31 34 
3 26 29 30 
8 3 9 14 22 25 30 33 34 
5 6 10 11 17 29 
9 7 11 12 14 15 27 28 30 32 
11 0 6 7 14 17 22 25 26 28 29 30 
6 1 6 7 12 21 30 
5 21 23 24 25 31 
3 9 25 30 
14 3 4 5 7 9 11 19 20 21 24 26 28 30 33 
7 1 2 7 9 18 20 31 
8 9 10 13 16 21 27 28 33 
5 7 16 18 25 33 
6 4 11 13 26 27 29 
4 0 7 14 17 
8 5 9 11 12 13 27 28 33 
12 0 1 5 7 8 16 17 19 21 22 23 24 
8 2 5 6 7 11 13 29 34 
14 0 3 5 6 9 10 12 15 17 20 21 26 29 33 
6 1 4 8 11 15 27 
9 0 5 9 13 15 17 21 22 23 
11 2 4 5 10 13 16 20 22 24 28 31 
10 1 3 5 11 13 17 18 20 23 30 
10 6 8 9 20 24 25 30 32 33 34 
12 2 6 13 15 16 23 25 28 30 32 33 34 
15 2 6 7 8 9 11 15 20 23 24 26 28 30 31 32 
4 1 6 16 19 
