70:70
42 0 1 3 4 5 6 8 9 13 14 15 18 21 22 24 27 28 29 30 32 36 37 39 40 41 43 45 46 49 50 53 54 55 56 57 58 61 62 63 64 65 69 
35 1 4 6 8 10 11 15 16 17 18 21 22 23 24 28 30 31 33 35 37 40 42 47 49 52 53 55 58 60 62 63 65 66 68 69 
42 0 1 2 5 6 8 10 11 13 14 15 17 18 19 20 23 26 27 29 30 33 35 36 38 41 43 45 47 48 51 52 54 55 56 58 60 61 65 66 67 68 69 
33 2 3 4 6 8 11 13 15 16 17 18 20 21 26 27 30 31 32 38 39 40 41 42 43 44 50 53 57 59 61 63 65 69 
35 1 2 3 7 8 11 14 15 17 19 20 25 26 28 30 31 32 34 35 36 37 38 41 42 43 44 49 50 51 54 57 59 60 62 64 
36 0 2 4 5 6 8 10 11 13 15 18 19 21 22 23 27 30 31 32 35 36 38 39 41 42 43 44 46 47 51 58 59 60 62 65 69 
39 0 1 2 3 6 7 8 12 17 19 23 24 26 27 28 29 30 31 33 35 36 39 43 44 46 47 48 50 52 53 54 59 62 63 64 65 67 68 69 
40 3 4 5 6 7 8 9 10 12 15 16 18 23 24 26 28 33 34 37 38 40 41 42 45 46 47 48 49 51 52 55 56 57 59 61 62 63 65 67 68 
37 0 2 5 6 8 9 10 13 14 15 16 18 20 22 23 24 25 26 32 39 40 45 46 48 49 51 52 53 54 55 56 58 60 63 65 66 68 
35 1 2 4 5 6 7 8 9 13 15 16 17 22 24 25 28 30 32 35 36 37 39 40 41 43 44 46 50 54 55 57 61 64 66 67 
45 0 1 3 4 5 7 9 10 12 14 15 16 17 18 20 21 24 25 27 28 29 31 32 34 36 38 40 41 42 43 44 47 50 53 56 58 59 61 63 64 65 66 67 68 69 
39 1 2 3 7 10 11 14 17 18 22 24 25 27 28 30 34 36 37 38 39 40 41 42 44 45 46 49 52 54 55 56 59 60 61 62 63 65 66 69 
36 2 4 5 6 8 10 11 13 17 18 19 20 23 25 28 30 31 32 33 37 40 42 45 46 48 50 51 52 55 58 60 61 64 67 68 69 
37 0 1 2 3 5 6 7 9 14 15 17 18 20 22 23 24 25 26 27 29 34 35 37 38 41 42 43 48 51 52 56 60 61 64 67 68 69 
34 2 3 4 5 9 10 11 12 13 14 15 17 21 25 26 28 31 33 34 36 37 38 39 40 41 47 50 53 55 56 57 63 64 67 
37 1 2 6 8 9 10 11 12 13 14 16 18 19 20 22 24 25 26 29 31 32 34 35 43 45 46 47 49 52 55 58 59 60 63 66 67 68 
29 1 6 8 10 13 14 15 18 20 21 22 25 27 28 30 31 35 37 38 46 50 52 55 57 58 60 61 64 66 
28 2 3 6 14 17 18 19 21 22 26 27 29 31 35 37 38 39 42 51 53 54 57 59 60 63 64 66 67 
36 4 5 6 7 8 9 11 12 13 17 21 22 26 27 28 32 33 37 39 40 41 42 46 47 48 49 50 51 53 55 56 58 59 61 67 69 
38 3 5 6 9 13 14 15 17 18 19 21 22 26 27 28 31 33 34 35 36 37 38 39 43 44 47 48 49 50 52 54 55 60 61 63 64 65 68 
31 3 4 5 6 7 14 16 18 24 25 27 29 31 32 36 37 40 41 44 47 49 52 55 57 58 59 61 64 65 66 69 
33 0 4 10 12 13 14 15 20 21 22 24 26 27 28 32 33 34 36 37 39 43 45 46 47 48 50 51 52 55 59 61 63 68 
37 2 4 5 7 10 12 13 15 18 19 23 25 26 28 29 30 33 34 35 37 38 39 42 44 45 46 49 50 51 54 56 58 59 61 62 67 69 
35 1 4 5 7 11 13 14 15 17 19 21 22 23 24 25 29 31 34 35 41 43 44 47 48 49 53 56 58 59 61 62 65 67 68 69 
37 0 4 6 8 9 10 11 12 14 15 16 24 25 26 27 29 32 33 36 37 38 39 41 46 47 48 49 53 54 55 61 63 64 65 67 68 69 
27 3 5 10 12 14 16 18 21 23 29 33 37 39 40 43 44 46 52 53 54 56 58 59 61 65 66 67 
32 2 4 7 10 11 12 13 15 16 17 20 23 24 29 32 34 35 39 40 41 44 45 48 50 53 54 57 61 62 65 66 68 
35 3 4 5 7 10 11 19 20 22 24 25 26 27 29 30 32 34 36 37 39 41 42 45 48 51 52 53 54 55 56 57 59 60 62 66 
41 2 3 4 6 7 8 9 11 14 16 18 20 21 25 26 27 29 33 35 37 38 39 41 44 47 50 51 52 53 55 56 57 58 59 60 61 63 64 67 68 69 
37 0 2 4 5 7 11 13 14 15 16 17 19 21 23 24 26 27 29 30 31 32 34 36 39 42 43 49 50 52 54 56 57 59 61 62 64 66 
37 1 2 3 4 10 13 14 16 20 21 22 23 25 27 28 31 33 34 35 37 38 39 40 41 45 46 48 49 51 56 59 60 61 62 67 68 69 
29 1 2 6 7 9 10 11 12 17 19 20 25 26 29 31 34 35 37 40 49 51 52 57 58 62 63 65 68 69 
29 0 2 5 13 14 17 19 24 26 28 30 31 33 34 35 37 42 43 46 56 58 59 60 63 64 65 66 68 69 
37 0 2 4 5 6 7 9 10 14 16 17 18 22 23 25 26 27 28 29 30 32 35 39 40 44 45 46 48 54 56 57 61 62 63 65 66 67 
35 1 4 10 11 13 14 17 18 19 20 21 22 24 25 28 31 33 36 37 38 40 47 48 49 50 51 52 58 59 60 62 64 65 67 68 
31 2 5 7 8 12 14 15 17 23 25 26 27 28 30 31 32 33 34 38 42 46 47 48 50 53 55 56 57 58 61 67 
37 0 1 5 11 13 14 16 17 20 21 22 24 28 29 32 33 34 35 37 38 40 44 45 49 50 53 54 55 56 57 58 60 64 65 67 68 69 
39 1 2 4 5 10 11 12 13 16 17 20 21 22 28 30 31 32 33 35 38 40 42 43 46 47 48 51 52 53 54 55 56 58 59 61 62 63 65 67 
31 1 2 5 12 15 17 18 20 22 27 29 30 32 35 36 41 44 45 46 47 49 52 53 55 57 61 63 64 66 67 68 
40 0 1 2 4 5 6 7 8 11 13 14 15 17 20 21 24 26 27 28 31 35 36 37 38 39 41 42 45 46 50 54 55 58 59 61 62 64 65 67 69 
36 0 4 6 8 10 11 12 13 14 16 17 19 20 23 28 29 34 35 36 37 39 40 44 47 52 54 56 57 58 61 62 63 64 67 68 69 
41 1 2 3 4 5 10 11 13 15 16 17 18 22 23 24 25 30 31 32 33 34 35 36 37 39 40 41 42 45 49 51 52 55 56 58 61 63 64 65 66 69 
31 2 3 4 5 7 8 9 10 13 15 18 20 23 25 26 27 28 30 31 32 37 40 44 45 48 50 53 55 57 62 63 
37 3 7 9 10 11 13 14 15 17 18 19 20 21 22 23 27 30 31 35 37 39 40 41 42 43 44 49 50 52 53 54 56 58 63 64 65 66 
43 0 1 4 5 6 7 8 9 10 11 12 14 15 17 18 20 22 23 24 26 27 29 30 32 33 34 36 39 41 43 46 47 48 50 56 58 59 60 61 65 66 67 69 
38 0 5 7 8 9 13 14 15 18 21 22 25 27 28 32 33 34 35 37 38 40 42 43 44 46 48 49 53 54 56 57 58 59 63 64 65 66 69 
31 2 3 5 7 8 13 14 15 18 21 24 27 30 31 34 37 40 41 43 44 45 46 47 51 54 56 57 61 62 63 69 
38 0 1 3 4 5 6 7 8 11 12 15 16 17 18 19 20 23 26 28 33 36 38 40 41 43 45 47 52 53 54 55 56 57 59 60 62 64 69 
42 0 1 2 3 4 7 8 9 12 13 15 17 18 20 21 22 23 24 26 30 31 33 34 35 36 37 38 39 41 44 47 51 53 55 58 60 61 63 64 66 67 68 
30 0 3 4 5 8 9 12 14 20 23 24 27 28 29 35 37 44 49 51 52 53 54 55 56 57 59 60 62 64 66 
37 3 6 7 11 13 14 20 21 22 23 24 27 30 31 32 36 37 38 39 41 42 47 48 51 53 54 55 56 57 58 61 62 63 66 67 68 69 
35 0 1 3 5 6 8 10 11 13 15 16 20 23 26 30 31 35 38 39 40 43 44 48 49 50 53 54 55 58 60 64 65 66 67 68 
37 1 2 5 6 7 12 13 14 19 20 23 25 27 31 32 36 37 38 41 43 44 47 50 51 52 53 54 55 56 58 61 62 64 65 67 68 69 
27 0 2 4 7 9 11 13 14 15 16 18 27 28 31 34 36 39 40 46 49 51 54 55 61 64 65 67 
42 1 2 3 4 6 7 10 11 12 13 15 16 17 18 19 20 22 23 25 26 27 29 31 32 36 39 40 41 42 43 44 45 48 51 53 55 59 61 64 65 66 69 
32 1 2 3 6 7 9 10 15 16 17 18 19 23 27 30 31 34 37 38 39 41 44 46 49 52 53 56 60 61 62 64 65 
32 5 6 7 12 15 17 19 21 24 26 28 29 30 31 32 33 36 38 42 43 44 45 48 50 51 53 54 57 58 59 62 65 
36 2 3 7 8 9 12 13 15 16 19 21 23 24 26 27 28 32 33 34 35 38 39 41 42 44 46 51 52 54 56 57 60 61 67 68 69 
31 2 7 8 9 11 13 14 18 19 20 21 25 31 33 34 37 39 42 43 45 46 49 51 52 54 55 58 59 63 65 68 
31 2 3 4 5 7 10 14 20 21 24 27 28 29 31 33 36 37 38 41 42 45 48 49 50 51 52 53 55 59 65 67 
37 0 4 6 8 9 10 13 15 18 19 21 22 25 28 29 30 33 34 35 36 37 38 39 41 43 44 48 50 54 57 58 59 64 65 67 68 69 
36 0 1 2 3 4 5 8 9 12 14 20 24 26 27 28 29 30 36 39 40 41 43 45 47 48 50 51 53 54 55 56 57 58 59 63 66 
34 0 4 6 7 8 9 13 18 19 20 23 24 26 27 28 31 34 35 36 37 38 41 42 43 46 47 49 50 52 53 57 62 64 65 
44 0 1 5 7 8 9 10 11 12 14 15 16 17 18 21 23 26 29 30 31 33 35 38 39 42 44 46 48 49 51 52 53 54 55 56 57 59 60 61 62 64 65 66 67 
31 0 5 6 10 11 13 18 19 20 22 26 29 33 34 35 36 38 40 41 42 43 47 50 51 52 61 62 63 64 67 69 
32 0 1 2 3 4 5 6 8 9 12 13 17 21 23 25 26 33 34 41 43 44 45 46 47 52 54 57 59 62 65 68 69 
36 0 3 4 5 7 8 9 11 12 13 15 18 21 22 23 25 27 31 33 34 36 38 40 41 42 44 45 47 49 52 55 57 59 60 61 62 
29 3 4 6 7 11 12 15 16 18 21 22 23 24 30 32 38 40 48 49 51 53 58 59 60 63 64 66 67 68 
31 1 2 4 5 8 9 10 12 20 23 24 25 28 30 31 32 33 35 37 38 40 44 48 49 51 53 54 55 64 66 69 
29 0 1 4 5 6 8 10 11 13 15 16 17 18 20 22 24 28 36 37 45 52 53 57 58 59 61 64 67 69 
