70:70
14 7 20 21 24 25 29 37 40 44 45 53 62 67 68 
22 0 1 11 12 14 20 23 25 26 29 35 38 40 44 45 46 50 58 60 64 65 67 
24 1 10 14 16 19 24 26 28 29 30 32 33 34 42 43 44 45 47 52 61 62 64 65 67 
16 4 11 20 23 34 37 39 40 41 42 50 55 60 61 62 67 
19 0 4 6 7 10 17 19 25 27 28 29 31 38 39 40 41 50 64 65 
20 4 5 6 7 8 11 17 23 24 26 32 34 36 37 39 40 50 60 62 65 
14 3 4 12 14 18 33 35 39 40 49 50 55 62 69 
15 0 2 4 6 10 15 28 29 31 41 43 49 55 64 68 
13 3 8 14 15 18 21 44 45 46 49 52 56 63 
22 2 5 8 12 17 20 24 26 27 33 37 38 42 43 45 48 51 53 60 63 67 68 
20 2 9 12 16 20 26 29 31 32 35 39 41 47 59 60 61 62 63 66 69 
21 1 9 15 19 22 24 29 34 35 40 47 50 52 53 59 61 62 64 65 66 68 
15 0 1 3 7 9 12 16 23 25 26 48 51 54 62 69 
20 0 2 6 10 19 26 28 29 31 34 37 39 42 46 48 52 53 57 61 66 
22 2 3 8 12 14 18 19 20 22 24 25 27 36 37 42 44 52 53 55 56 63 65 
25 0 1 4 5 8 12 14 16 17 20 22 24 30 32 33 36 38 39 42 50 54 56 62 66 68 
17 3 5 11 18 20 23 26 27 32 37 40 42 44 46 48 55 58 
24 0 2 3 5 12 13 16 17 18 21 23 30 32 33 34 38 39 46 47 51 57 61 64 68 
16 2 3 4 5 8 13 15 23 28 32 40 42 43 46 52 65 
18 2 7 8 9 14 17 20 21 25 28 32 35 38 43 44 46 60 68 
15 6 14 19 20 25 27 28 33 36 38 49 51 60 61 68 
22 3 8 17 20 21 25 26 29 32 33 38 44 46 48 49 51 52 53 56 58 62 68 
12 3 9 12 14 17 18 25 36 52 62 63 68 
14 2 11 13 17 18 23 29 30 50 59 63 66 67 68 
17 2 4 9 15 17 20 23 24 27 41 53 55 58 59 61 63 65 
13 2 4 26 28 35 39 43 44 49 54 56 63 66 
20 6 8 9 17 21 25 28 41 43 51 53 55 56 57 59 61 62 63 67 69 
11 1 4 6 9 20 26 27 40 44 46 49 
20 0 5 6 7 10 11 12 19 21 27 31 35 45 47 48 49 52 59 63 65 
22 2 7 10 11 13 16 17 19 28 31 33 40 44 46 47 50 51 53 60 62 63 68 
15 0 1 19 21 24 27 36 41 47 50 55 56 58 66 68 
17 4 6 11 12 14 20 23 34 36 39 41 43 55 59 62 63 65 
21 5 8 12 15 17 19 21 24 25 29 33 34 35 38 40 44 45 54 56 61 64 
27 9 10 11 14 15 17 19 22 27 29 34 35 37 38 39 42 43 45 46 48 51 55 57 58 60 61 63 
12 4 8 14 16 17 19 22 28 29 33 39 40 
21 6 11 12 16 21 22 25 26 28 29 32 38 41 46 50 51 53 57 60 63 69 
18 1 2 3 13 35 37 42 46 47 51 55 59 63 65 66 67 68 69 
17 5 10 14 15 22 27 32 33 37 38 42 50 54 56 66 67 69 
19 4 6 9 11 15 20 30 31 34 36 39 41 42 44 51 57 62 65 66 
19 5 6 9 12 16 17 18 22 27 32 41 45 48 50 51 53 64 66 68 
15 6 10 14 16 18 22 25 27 28 32 38 44 50 61 67 
19 2 5 20 21 26 27 32 34 36 40 42 45 49 54 55 63 64 65 67 
22 11 14 22 29 30 31 32 33 38 41 42 45 47 49 50 51 59 60 63 65 67 68 
19 0 2 3 6 7 9 10 12 19 20 27 34 37 39 42 47 53 61 63 
21 2 6 11 12 15 19 21 24 34 35 39 40 41 43 48 51 52 53 61 67 69 
13 2 13 15 17 19 29 38 41 44 52 55 56 64 
20 3 5 11 14 16 22 24 26 32 37 40 41 44 46 47 49 53 54 57 65 
14 2 16 22 24 25 26 32 34 36 45 49 56 60 63 
17 1 3 4 8 9 13 15 23 29 34 38 39 49 53 58 61 63 
20 1 6 12 14 21 34 35 37 39 42 45 48 49 50 52 56 59 60 61 67 
15 0 3 4 13 19 23 27 34 41 44 45 53 58 64 67 
15 4 9 12 15 21 23 24 26 28 39 45 50 60 65 69 
16 1 2 3 8 9 14 16 26 27 31 32 40 49 56 67 68 
17 1 2 6 22 26 28 33 36 42 43 50 52 53 56 57 59 66 
16 1 9 14 28 29 33 39 41 42 44 46 55 56 63 68 69 
21 1 2 3 5 9 16 20 22 23 28 31 34 35 41 45 53 57 61 63 65 69 
17 1 2 5 8 11 14 29 31 34 35 36 51 55 63 65 66 68 
23 0 4 11 13 15 19 20 23 26 28 29 31 35 38 39 42 43 48 52 56 59 62 67 
19 0 6 15 16 27 30 31 32 36 38 40 51 52 53 60 63 64 65 67 
19 3 10 13 17 23 25 26 30 31 35 37 45 46 54 58 59 60 64 66 
26 0 5 6 12 13 14 15 17 20 26 28 29 31 34 36 37 41 44 49 53 54 57 62 63 65 68 
15 4 6 11 25 29 31 33 37 41 44 50 52 55 61 63 
15 2 5 9 12 16 17 24 25 35 42 50 51 60 61 62 
12 4 6 8 14 17 24 28 41 42 51 60 69 
19 2 6 10 14 16 20 24 25 35 39 46 48 50 54 55 56 59 63 65 
17 5 10 15 24 25 31 34 38 40 44 45 47 50 61 64 67 68 
27 1 2 3 4 6 7 9 12 14 18 20 22 26 29 31 32 35 36 38 44 47 53 54 57 60 62 63 
21 12 13 15 16 18 19 21 23 25 28 30 38 44 47 50 51 54 56 59 60 65 
18 1 2 5 9 13 18 21 22 24 35 36 38 43 51 53 58 66 67 
20 2 3 8 9 10 11 12 13 17 19 27 28 29 36 38 48 49 54 62 67 
