70:105
49 0 1 3 5 6 7 10 11 13 14 16 18 22 23 25 28 29 30 31 33 36 41 44 45 46 47 48 49 50 54 56 57 59 60 61 62 63 64 70 73 74 75 78 84 87 89 91 97 98 
53 3 4 6 8 9 10 11 12 13 14 16 18 19 20 23 24 26 28 29 31 32 33 35 37 38 39 41 45 46 49 52 54 55 59 61 62 63 65 66 68 70 72 74 76 77 85 87 89 90 97 98 101 104 
51 2 3 4 5 6 7 14 15 16 17 22 23 25 27 28 30 31 32 34 38 39 42 43 45 46 49 51 53 54 57 63 64 65 66 69 70 71 73 74 78 79 81 84 85 86 90 97 100 101 103 104 
57 2 4 5 6 7 8 10 11 12 13 14 18 19 20 21 22 23 24 27 28 31 37 39 40 41 43 46 47 48 49 50 54 61 62 63 64 65 67 70 71 72 74 77 79 81 83 84 86 89 91 96 97 99 100 101 102 103 
56 1 4 7 9 10 12 14 15 16 18 19 20 24 26 27 28 30 33 37 38 41 42 44 46 48 49 52 53 55 56 59 60 61 62 63 64 67 68 72 75 77 79 80 82 83 84 87 93 95 98 99 100 101 102 103 104 
44 6 7 10 14 15 17 18 20 26 27 28 30 32 33 36 37 40 41 46 47 48 51 52 55 58 65 69 72 75 76 78 81 84 86 90 91 92 95 96 97 98 99 101 103 
49 0 1 2 3 7 8 10 15 16 19 24 27 28 29 34 35 36 38 40 41 43 44 45 46 47 49 51 53 54 57 58 59 60 66 67 69 71 74 75 78 84 85 88 95 98 99 100 101 103 
53 1 5 8 9 12 13 14 16 20 21 22 23 26 28 29 31 33 35 42 43 44 45 47 48 50 55 57 58 62 63 64 65 71 72 73 74 75 77 80 82 85 86 87 88 89 90 91 92 93 94 96 97 102 
57 0 1 2 4 7 8 11 12 15 20 22 23 24 27 31 32 34 37 39 41 44 46 47 48 49 53 54 55 57 58 60 61 64 65 66 67 68 70 71 75 77 78 79 80 83 84 85 88 89 91 92 99 100 101 102 103 104 
56 0 1 3 4 7 8 9 10 13 15 16 17 21 26 27 30 32 35 36 41 42 45 46 48 50 51 56 57 59 61 63 67 68 69 71 73 74 75 76 77 78 79 80 81 82 83 84 85 88 90 91 92 94 96 100 102 
54 1 2 3 4 5 6 9 10 12 13 14 15 16 18 20 21 22 23 25 26 29 31 40 42 45 46 47 48 49 50 51 54 57 58 63 65 66 68 70 72 73 75 80 82 84 85 86 87 91 92 95 96 103 104 
47 0 1 2 4 7 8 11 15 17 20 22 23 27 28 30 31 32 33 34 35 36 37 38 39 48 51 54 55 57 62 64 66 70 71 76 78 82 87 90 91 94 96 97 98 100 102 104 
56 0 1 5 9 10 11 12 17 18 19 20 24 30 33 35 37 38 39 40 41 42 43 44 46 49 50 51 52 54 59 63 67 70 72 74 75 76 77 78 79 81 82 84 85 86 88 90 93 94 97 98 99 100 102 103 104 
54 2 3 7 9 11 16 18 19 20 21 23 24 25 26 30 31 32 33 34 35 40 41 42 44 45 46 47 50 53 54 57 59 60 64 67 70 73 75 76 78 79 80 88 89 92 93 94 95 96 97 98 99 101 102 
43 3 4 12 13 17 19 24 26 27 29 34 39 40 41 42 44 45 46 47 48 51 53 56 57 58 59 60 63 65 66 67 71 72 75 79 81 82 83 85 87 94 95 97 
57 0 1 2 3 4 8 11 15 18 19 22 23 27 28 32 33 35 37 39 40 44 45 47 48 49 51 54 55 56 57 60 61 63 64 65 67 68 70 71 72 74 76 80 81 84 85 86 88 91 93 95 96 97 100 101 102 103 
51 0 1 2 3 5 6 7 8 9 10 11 12 13 14 20 21 22 31 32 33 34 36 38 39 42 48 50 51 53 55 56 58 59 62 66 67 68 70 72 75 76 79 80 81 88 89 90 94 96 100 101 
54 0 2 4 10 11 13 14 16 17 18 21 22 23 28 29 32 33 34 37 38 39 41 43 45 46 48 49 54 55 56 57 58 59 61 64 65 67 72 73 74 76 77 81 82 83 86 90 93 94 95 98 99 101 104 
50 3 4 5 7 10 12 13 14 15 20 21 23 24 25 34 38 42 43 45 46 47 48 49 50 52 58 60 61 63 67 69 71 74 76 77 80 82 85 86 89 90 91 92 93 94 97 98 101 103 104 
51 0 1 2 3 5 8 13 14 15 18 21 23 25 28 29 31 32 33 36 40 41 42 47 48 49 50 51 53 54 55 63 68 70 71 72 74 76 77 81 83 84 85 88 91 92 93 94 96 97 99 104 
54 0 5 6 8 10 13 15 17 18 19 20 21 22 28 30 32 34 36 42 43 45 47 48 49 50 52 55 56 57 58 60 61 62 63 64 65 66 68 70 72 74 76 78 83 84 85 86 89 90 93 94 97 98 99 
51 0 5 6 9 10 14 16 17 18 20 21 23 27 30 32 34 35 39 41 42 47 49 51 52 53 54 55 57 62 63 64 65 68 69 70 73 75 77 78 79 80 81 82 84 87 89 94 96 99 100 102 
51 1 2 3 4 6 8 11 13 23 24 25 26 27 29 31 32 33 36 38 39 42 43 44 45 48 51 52 55 57 58 59 60 61 63 65 68 70 73 74 77 81 82 86 90 93 95 98 100 101 103 104 
57 1 2 3 5 7 8 10 13 14 15 16 18 19 26 28 29 30 31 33 35 36 37 39 41 44 45 46 47 48 49 51 55 56 58 60 61 62 64 66 67 75 78 82 86 88 89 90 92 94 95 96 97 99 100 101 102 103 
49 1 3 4 6 7 11 12 15 16 17 18 21 22 24 25 26 27 29 30 31 32 36 38 41 42 46 47 48 49 56 60 66 70 73 76 79 82 83 84 85 87 90 93 94 95 99 100 101 103 
49 0 1 2 3 7 9 13 16 18 19 20 22 23 27 31 34 36 38 39 41 42 44 49 50 53 55 56 57 60 61 63 64 66 69 70 72 73 76 77 78 80 82 83 84 85 87 89 100 102 
51 0 1 3 7 9 11 15 21 22 23 24 28 29 31 33 35 41 42 43 48 49 50 54 57 58 60 62 64 65 66 67 70 71 73 75 77 78 79 81 82 83 87 89 90 91 92 94 97 102 103 104 
60 0 3 5 6 7 8 9 10 11 12 17 20 22 23 24 25 27 28 29 30 31 33 39 40 42 43 44 45 47 48 51 52 53 54 56 57 58 60 63 64 65 68 71 73 74 75 76 77 78 80 81 85 86 87 88 96 99 100 102 103 
58 1 2 3 4 5 6 10 11 12 13 15 16 17 20 23 24 27 28 30 31 33 34 35 36 39 41 43 44 45 46 47 49 50 51 52 54 56 57 64 70 71 75 76 77 79 80 82 84 86 89 90 94 95 97 98 99 101 104 
52 0 3 7 8 11 13 15 17 18 19 21 22 24 28 29 32 33 34 36 37 38 39 41 42 44 45 47 50 51 52 54 56 58 60 61 68 70 72 77 81 82 83 85 88 93 94 96 98 100 102 103 104 
62 1 2 3 6 9 10 11 13 14 18 19 20 21 25 26 27 29 30 35 36 37 39 40 42 43 44 47 49 52 53 54 57 61 62 63 65 66 67 69 70 72 73 75 76 77 81 85 86 87 88 89 90 91 92 95 96 97 98 100 101 102 103 
54 0 4 6 7 8 9 11 12 13 15 17 19 22 27 28 29 33 36 37 38 40 41 42 43 44 50 53 54 56 57 59 60 64 65 67 68 74 75 77 78 81 82 83 84 86 87 92 95 97 99 101 102 103 104 
56 0 3 6 10 11 13 15 16 20 21 24 25 26 28 31 32 36 39 40 42 44 45 46 47 49 51 57 58 59 61 62 63 64 65 66 67 68 70 71 74 78 80 81 82 85 87 88 89 91 92 93 96 99 101 103 104 
50 0 2 4 6 7 8 11 13 14 18 20 22 25 27 28 30 31 33 34 36 37 40 44 45 47 50 51 53 55 60 62 63 64 67 70 77 78 80 81 84 86 87 88 90 92 96 98 100 101 103 
53 4 6 7 8 11 15 16 17 20 21 24 26 28 29 30 31 32 33 34 35 37 38 39 41 42 44 45 47 48 52 54 56 57 58 60 61 63 67 74 76 77 78 79 82 83 84 85 88 90 92 94 98 102 
45 5 8 9 10 24 25 26 27 32 34 36 37 39 40 43 44 47 50 54 56 58 60 65 68 69 70 73 74 75 78 81 82 83 84 85 86 87 88 89 90 91 92 94 99 102 
52 0 3 4 5 8 9 15 17 20 21 22 23 24 33 36 38 40 41 43 46 51 52 53 54 55 57 58 59 60 62 64 65 69 70 71 72 73 74 75 77 80 82 83 85 87 89 90 94 100 101 103 104 
37 0 1 2 4 9 10 11 16 22 24 27 29 34 41 44 47 48 51 54 58 59 60 67 78 80 82 85 87 88 89 91 92 93 94 96 98 103 
55 0 1 2 6 7 8 9 10 11 12 13 15 16 18 20 21 23 24 27 28 29 32 34 35 38 41 42 47 49 51 53 54 55 56 58 62 63 66 67 68 70 72 74 75 77 78 79 82 84 87 88 93 94 95 97 
47 0 1 2 3 4 5 6 11 12 13 15 23 24 25 27 34 35 36 39 40 45 48 49 52 53 58 61 64 67 71 72 75 76 79 80 83 84 86 88 89 91 93 96 97 98 103 104 
53 1 3 4 6 7 10 11 12 13 15 17 19 22 23 26 27 31 33 35 36 38 41 42 45 46 48 49 51 55 57 63 64 67 68 70 71 72 77 78 79 80 82 85 87 88 92 94 95 96 98 100 102 104 
53 0 1 3 4 5 6 7 9 13 16 19 24 25 26 30 32 37 40 42 43 45 47 49 50 52 56 58 61 64 65 66 67 68 69 71 73 74 76 78 79 80 81 82 83 84 85 86 89 90 95 96 100 103 
48 0 1 2 3 4 9 12 13 20 23 26 27 28 29 30 32 33 34 36 38 39 42 43 44 45 47 49 52 54 56 57 61 63 71 74 75 77 78 80 82 83 85 90 92 98 99 101 104 
55 0 2 3 6 8 10 12 13 14 15 18 22 23 24 25 28 29 31 32 34 35 36 39 40 41 45 47 48 49 52 54 55 56 57 59 64 65 70 71 72 73 76 78 79 82 83 87 90 91 92 93 96 98 101 104 
56 3 5 6 7 8 9 10 11 12 13 16 21 23 27 30 31 32 33 36 37 38 41 44 45 46 48 49 52 53 54 57 58 62 63 66 67 68 69 71 75 76 77 78 79 80 82 83 84 86 87 89 99 100 101 102 104 
61 1 2 4 7 8 9 10 13 14 15 16 18 19 23 24 25 26 28 29 30 31 33 34 35 36 37 38 39 40 43 44 45 46 47 48 50 52 53 54 57 63 64 66 71 72 75 76 79 81 82 83 85 87 90 93 95 96 97 102 103 104 
52 2 6 8 9 11 12 13 14 15 16 18 19 21 22 25 31 33 34 35 37 38 42 43 46 48 49 50 51 54 57 58 59 60 68 71 74 75 76 78 81 82 85 86 88 89 90 91 92 94 96 101 103 
50 2 3 5 6 7 8 10 11 13 15 16 18 20 21 22 25 33 35 36 37 39 41 44 45 47 48 50 51 52 53 54 59 63 69 70 72 74 76 77 79 80 83 84 90 91 92 97 99 102 103 
50 4 5 7 13 14 16 19 24 25 27 28 30 37 38 40 43 44 50 51 52 54 56 57 62 63 65 66 68 72 73 74 75 76 78 79 80 81 82 84 86 87 89 92 93 94 96 100 101 102 104 
48 0 1 2 3 4 7 9 10 12 15 16 18 20 21 26 30 31 35 36 37 38 39 40 44 48 49 50 52 53 58 59 64 67 70 71 73 77 79 80 85 86 87 88 92 94 95 96 98 
66 0 1 2 4 5 6 8 10 11 14 16 17 19 20 21 22 23 26 27 31 35 36 37 39 41 45 46 47 48 49 50 52 55 56 58 59 60 62 63 65 66 67 68 69 71 72 75 77 79 81 83 85 86 87 88 89 90 91 92 93 95 96 97 100 101 103 
53 8 10 13 15 17 20 21 22 23 26 31 34 35 36 39 40 41 42 43 45 47 48 49 50 53 55 56 57 58 64 68 70 73 74 76 80 82 84 85 86 87 88 89 90 91 92 93 98 99 100 101 102 103 
61 1 2 3 8 10 11 12 13 14 15 17 18 20 24 25 26 27 28 30 33 34 37 40 42 43 44 45 50 51 53 56 57 58 59 60 61 62 63 64 67 69 70 71 73 74 75 77 79 81 82 84 85 87 89 92 96 98 99 100 102 103 
57 1 7 8 10 12 15 16 19 23 24 25 31 33 34 36 37 39 40 41 42 46 47 48 49 50 51 53 55 56 57 61 62 63 64 66 67 68 71 73 77 79 80 81 85 86 87 88 92 93 94 96 97 98 99 100 101 104 
54 2 6 7 8 11 12 14 17 18 19 20 22 23 24 26 27 29 30 32 33 38 39 42 45 53 54 56 59 61 63 64 66 67 68 69 70 72 76 77 82 83 84 85 86 87 94 95 96 97 99 100 101 102 103 
59 1 2 4 8 9 10 12 13 15 16 17 18 24 25 26 27 28 29 30 31 33 36 39 40 44 45 49 50 51 53 56 58 59 60 62 63 65 66 67 68 70 71 75 79 82 83 85 86 87 88 89 90 91 94 96 97 99 100 103 
50 0 1 2 6 8 11 14 16 22 23 28 30 31 34 38 40 41 42 45 48 51 52 54 55 56 59 60 61 63 66 67 69 70 72 73 75 80 81 84 87 89 91 92 93 95 96 99 100 102 103 
50 2 3 4 5 9 13 14 15 18 19 20 25 27 28 29 30 34 35 39 43 45 46 50 54 55 57 59 60 63 65 66 67 68 69 73 74 76 78 79 81 84 85 87 90 93 94 95 101 102 104 
50 1 4 6 11 13 16 18 22 23 24 26 27 28 30 33 34 36 38 39 41 42 44 46 48 49 51 52 55 58 60 65 67 69 70 74 76 77 81 84 85 88 89 90 91 93 94 96 97 100 101 
54 2 5 7 10 11 12 16 18 19 20 22 23 25 27 30 31 32 33 34 35 37 38 39 41 43 44 45 47 48 49 50 51 52 55 57 58 62 63 64 66 70 71 76 77 78 81 82 91 96 97 98 101 102 104 
47 3 5 8 11 12 15 16 17 20 21 22 23 25 28 30 31 32 36 40 42 44 45 59 60 63 66 67 70 71 72 73 76 78 80 81 82 83 85 88 89 90 91 92 93 95 96 103 
55 2 3 4 6 7 8 10 11 12 13 14 16 18 20 23 24 31 37 38 41 43 44 45 46 52 54 55 56 58 61 62 63 64 65 66 68 69 70 71 72 74 80 81 83 87 88 89 91 93 94 96 97 98 101 104 
62 0 2 3 4 6 8 10 11 13 15 16 21 22 23 25 27 28 30 31 32 34 38 39 40 42 43 44 46 48 51 52 53 54 56 59 61 63 64 65 69 71 72 74 76 77 79 81 82 83 84 87 91 92 93 94 95 96 97 98 99 102 104 
49 0 4 5 7 11 13 14 15 17 21 23 24 25 28 30 32 33 34 35 36 39 41 43 44 48 49 54 58 60 62 67 69 70 71 76 77 81 82 83 88 89 90 92 94 95 97 98 99 103 
61 0 1 3 6 7 8 10 12 20 22 23 24 25 29 30 31 32 33 34 38 40 41 42 45 46 47 48 49 50 51 53 55 59 61 62 63 64 66 67 69 70 72 73 74 78 79 81 82 85 86 87 88 91 92 93 94 96 97 100 102 104 
51 5 7 10 13 14 17 19 20 21 22 26 28 31 32 35 37 38 39 40 41 42 45 46 48 52 54 57 60 62 63 64 66 67 68 71 73 77 78 81 85 88 90 91 92 93 96 98 100 102 103 104 
46 3 4 6 7 8 10 11 16 17 21 24 27 29 30 32 33 35 42 46 48 50 52 53 54 57 59 61 66 67 68 70 71 72 73 75 76 81 82 87 88 92 94 97 100 101 104 
55 5 6 9 10 15 18 20 22 23 25 28 29 30 33 34 35 38 39 40 42 45 46 47 50 53 54 55 56 58 59 62 63 68 70 71 72 73 74 76 78 80 81 82 85 86 88 89 90 93 94 98 99 100 101 104 
49 3 5 7 9 11 12 14 17 19 20 21 25 26 30 32 33 34 35 39 41 43 45 48 49 51 55 58 62 63 65 66 67 68 69 72 74 75 80 81 85 86 88 90 93 95 97 99 100 104 
48 0 4 5 6 8 9 11 12 13 15 16 17 20 21 24 26 30 35 36 39 41 43 44 45 49 50 51 53 62 63 65 69 70 74 75 76 80 81 82 87 89 90 93 95 98 101 102 104 
