70:35
23 0 1 2 5 6 10 12 13 14 17 19 20 21 24 25 26 27 28 30 31 32 33 34 
12 4 6 10 12 20 25 27 28 30 31 32 33 
18 0 1 3 4 5 9 11 12 19 20 23 24 29 30 31 32 33 34 
19 0 2 3 6 7 10 12 14 16 17 18 19 22 23 25 29 30 31 32 
16 1 3 4 5 6 7 9 11 12 15 17 20 23 26 32 33 
21 0 4 6 7 8 9 10 11 14 17 18 21 22 25 26 28 29 30 32 33 34 
17 0 1 4 8 11 12 15 16 18 19 20 22 23 26 30 31 34 
17 0 1 2 6 9 10 11 12 13 14 17 24 28 29 31 33 34 
17 0 2 3 5 10 11 12 13 14 15 16 18 20 25 27 30 31 
16 0 1 2 3 4 5 6 20 22 25 26 29 30 31 32 34 
18 0 1 3 5 8 9 12 13 14 17 19 21 24 27 30 31 33 34 
18 0 1 2 3 4 7 10 11 14 16 21 24 25 26 27 28 29 33 
17 2 5 6 7 12 13 14 15 17 21 22 24 28 29 31 33 34 
14 1 2 4 5 6 10 14 16 19 26 27 29 30 34 
18 4 5 6 7 8 10 12 15 17 18 19 21 24 25 26 28 30 31 
19 0 1 2 3 4 7 8 9 11 12 14 18 23 25 26 28 29 31 32 
16 2 6 7 10 11 12 17 20 21 22 23 24 25 28 30 33 
12 6 8 9 14 16 17 19 23 28 30 31 33 
18 0 3 5 10 14 15 16 18 22 23 24 25 27 29 30 31 32 33 
19 0 1 2 4 5 6 8 11 12 15 16 18 21 22 23 24 26 29 30 
14 4 8 9 10 11 12 15 20 21 22 27 28 31 32 
19 1 3 4 6 8 9 10 11 13 15 16 19 21 22 24 28 29 33 34 
19 0 6 7 8 12 14 15 16 17 19 21 22 25 26 28 29 31 32 34 
20 0 1 3 5 6 7 8 13 14 15 16 18 22 23 25 26 27 30 32 34 
19 1 2 3 4 7 9 10 12 14 15 16 18 20 24 27 30 31 32 33 
13 1 8 11 12 16 20 23 24 29 30 31 32 33 
18 0 4 5 10 11 13 14 16 18 19 20 22 23 25 28 31 33 34 
19 2 3 4 10 11 13 15 16 18 19 22 23 24 26 28 31 32 33 34 
14 2 3 5 7 8 11 12 16 21 23 29 30 31 32 
18 2 5 7 8 10 14 16 17 18 19 20 22 25 26 27 28 30 32 
16 3 5 6 7 8 10 14 17 20 23 24 25 26 28 31 34 
16 0 3 4 5 10 13 15 16 18 21 26 27 28 29 33 34 
23 0 3 5 6 7 8 9 11 13 15 16 18 22 23 24 25 26 27 28 29 30 31 34 
18 0 1 8 9 10 12 13 15 16 18 23 24 26 27 29 31 33 34 
16 0 1 3 7 8 11 12 13 16 17 18 19 20 21 24 29 
17 0 2 5 6 7 12 13 14 17 18 21 22 23 26 28 31 33 
18 2 4 5 8 9 10 13 14 15 19 21 23 24 25 26 28 29 34 
21 0 2 3 4 5 6 7 8 10 11 13 14 17 18 22 23 25 27 28 31 33 
21 1 2 3 6 7 8 10 11 12 13 15 16 18 19 20 21 22 27 31 32 34 
12 4 5 6 7 9 12 17 23 24 28 30 33 
12 1 5 9 10 12 14 15 17 18 20 28 32 
19 0 1 2 6 7 8 9 11 15 17 20 21 25 27 29 31 32 33 34 
18 0 1 2 3 4 6 8 10 15 21 22 24 27 28 29 30 31 32 
13 1 3 7 8 9 12 16 17 18 20 27 31 32 
18 1 2 6 7 9 11 12 13 14 15 16 17 20 21 23 27 29 32 
18 1 3 5 6 7 8 9 11 15 18 19 21 23 24 25 30 32 33 
21 0 1 2 3 4 5 6 10 11 13 16 19 20 22 26 27 29 30 31 33 34 
17 0 1 4 5 6 8 10 11 12 13 14 16 19 22 26 29 30 
17 1 4 8 9 14 16 17 18 19 21 22 23 25 26 27 29 32 
20 3 7 8 9 11 12 13 14 15 17 18 19 20 23 26 29 30 31 32 34 
21 1 2 3 5 6 9 10 12 14 15 19 21 23 24 25 28 29 30 31 33 34 
13 1 11 15 17 20 21 22 23 24 26 29 30 31 
17 3 5 6 9 10 16 17 18 19 21 22 23 26 29 31 33 34 
18 0 1 4 6 7 10 11 12 13 15 19 20 22 23 24 27 28 32 
16 1 4 6 8 10 11 12 13 16 18 19 22 28 29 30 33 
17 1 4 5 6 7 9 10 11 12 17 20 22 27 28 29 31 32 
15 0 2 5 6 9 10 11 14 15 17 21 23 26 31 34 
15 0 1 2 3 7 8 9 10 12 13 16 18 27 30 34 
15 0 1 7 9 10 13 19 21 24 25 27 28 29 30 31 
20 0 3 5 6 7 8 10 12 14 15 18 19 22 26 27 28 29 30 31 33 
23 1 3 5 6 7 9 11 13 15 16 17 18 19 22 23 25 26 28 29 30 31 33 34 
18 0 4 5 9 10 11 12 13 14 16 19 21 27 29 30 31 33 34 
25 0 1 3 4 6 7 8 10 11 12 13 14 15 16 17 18 20 21 23 27 29 30 31 32 34 
14 0 4 5 6 7 8 9 10 15 16 24 27 31 33 
20 0 1 5 7 10 11 14 15 18 19 20 22 24 25 26 28 29 30 31 33 
16 0 1 4 8 10 12 16 17 18 22 25 27 28 29 30 34 
16 0 1 2 8 13 14 16 20 21 27 28 30 31 32 33 34 
20 1 4 6 7 9 10 11 12 14 16 18 20 21 22 23 24 25 28 31 32 
18 0 1 2 3 4 5 6 9 13 14 15 16 17 22 26 28 29 31 
20 1 3 4 5 6 7 9 10 11 15 17 18 19 20 21 23 24 25 30 33 
