70:35
13 4 8 10 12 16 18 23 24 27 28 30 33 34 
7 2 10 18 26 27 29 34 
12 1 4 5 11 15 16 22 24 25 26 28 31 
6 4 11 16 24 25 27 
6 0 6 8 19 29 32 
9 2 10 11 19 20 23 25 28 34 
6 0 4 22 26 29 31 
6 1 3 6 11 13 31 
10 1 5 6 12 19 21 22 26 30 34 
3 18 23 29 
10 3 4 11 12 19 26 27 29 31 34 
8 1 2 3 14 16 25 31 34 
6 0 16 19 26 30 31 
10 0 4 6 8 10 17 20 23 29 34 
11 0 1 2 4 9 11 20 22 27 28 31 
7 1 2 3 8 12 26 34 
8 4 15 20 24 26 30 31 33 
4 2 9 12 24 
12 3 4 7 8 11 14 18 19 23 31 32 34 
7 8 16 24 25 27 28 34 
8 6 8 11 15 16 27 28 30 
11 0 5 14 18 20 21 23 24 27 31 33 
9 1 3 5 10 11 12 19 30 32 
10 0 1 2 6 16 18 23 24 25 29 
16 0 1 3 5 7 9 10 12 16 17 18 19 21 23 28 30 
11 2 4 5 11 14 21 26 30 32 33 34 
5 0 7 10 20 29 
13 1 2 8 9 13 14 18 19 22 23 26 28 32 
8 2 5 14 17 19 21 22 32 
8 0 2 16 26 27 28 31 32 
8 6 8 15 25 26 27 28 32 
3 4 22 28 
7 3 8 17 19 30 31 34 
9 8 9 10 13 16 30 31 32 34 
9 5 13 14 15 19 20 21 26 31 
4 5 23 27 34 
12 1 2 11 15 17 20 21 23 24 30 33 34 
8 0 1 8 10 11 18 24 25 
10 1 3 4 6 17 18 19 24 29 30 
11 1 2 4 10 12 13 18 22 23 24 31 
6 0 12 13 22 29 31 
7 2 5 6 7 8 20 29 
11 0 5 6 8 10 17 24 26 30 32 34 
10 1 2 4 8 11 17 19 21 22 33 
9 6 11 12 24 25 26 27 29 33 
5 1 5 6 16 21 
6 3 4 10 24 28 34 
10 3 4 6 7 10 15 18 19 25 26 
5 1 16 22 23 24 
15 1 2 3 8 9 10 15 16 17 18 19 20 26 27 31 
6 2 7 20 25 30 31 
10 4 5 14 15 17 21 24 29 30 34 
8 8 12 13 22 24 25 26 34 
5 4 16 17 23 24 
6 3 4 14 16 28 29 
10 1 3 4 13 14 17 18 22 29 30 
9 2 4 8 14 17 20 21 27 32 
11 0 1 4 5 7 10 11 13 16 17 23 
8 8 9 15 22 24 27 28 30 
4 8 9 17 18 
7 0 6 7 13 17 18 31 
6 0 1 8 18 21 26 
7 0 3 5 9 10 16 28 
8 2 4 6 15 23 30 32 33 
5 12 13 29 30 31 
4 4 8 18 29 
11 2 4 8 13 21 24 25 26 27 29 32 
10 2 3 7 9 13 20 23 25 27 29 
11 0 1 3 6 12 20 23 24 28 31 33 
7 12 14 15 21 24 33 34 
