70:70
13 0 2 8 19 22 30 43 46 55 56 60 63 65 
22 3 9 11 12 16 17 18 20 21 22 24 25 32 34 40 41 43 47 49 52 60 62 
14 14 16 21 22 23 32 38 46 49 50 52 56 60 66 
13 0 2 21 22 28 30 33 39 44 48 55 60 64 
16 10 11 18 20 23 24 28 31 37 39 50 60 63 64 65 68 
18 1 2 5 6 13 14 16 22 24 35 46 50 54 55 60 64 65 67 
15 1 12 14 15 19 20 23 26 35 41 46 50 52 56 61 
25 0 1 2 4 7 9 17 22 26 27 28 30 31 33 38 39 50 51 52 53 61 62 63 64 65 
13 4 7 14 15 23 26 30 42 49 51 54 58 66 
22 0 9 11 13 14 19 20 24 26 27 29 31 36 37 40 42 45 48 51 59 60 62 
17 8 10 12 16 17 25 26 27 28 35 36 39 56 57 59 61 62 
18 1 4 5 8 9 17 20 21 25 32 35 39 42 43 51 52 53 62 
15 2 8 10 15 16 17 27 28 32 38 41 45 50 54 57 
20 5 9 11 15 18 25 28 29 32 33 35 36 39 42 44 51 59 61 64 65 
23 4 5 9 13 15 16 21 24 26 32 40 42 44 47 49 50 51 54 57 58 59 64 68 
15 0 1 3 7 10 26 29 40 48 52 56 58 67 68 69 
18 2 3 4 11 15 16 20 24 26 29 36 50 53 60 61 65 67 68 
23 3 4 6 8 13 17 23 25 28 34 36 37 41 49 51 52 53 56 60 62 64 65 69 
20 8 9 14 17 18 21 26 33 39 42 43 44 45 51 52 55 56 61 67 69 
15 4 8 14 20 21 37 40 41 43 59 60 61 65 67 69 
18 0 2 10 12 14 23 25 26 32 40 43 47 48 55 56 62 65 69 
21 4 5 8 10 12 19 20 21 31 32 33 34 36 38 39 40 42 43 53 60 63 
13 8 22 23 28 40 45 47 52 54 55 57 62 64 
18 0 7 17 19 24 32 33 34 40 44 49 55 56 57 62 65 66 69 
18 4 9 10 11 13 16 19 21 23 27 30 31 32 36 56 60 64 68 
15 8 11 12 16 22 25 27 32 40 42 46 54 55 60 64 
17 1 5 8 12 15 17 26 27 29 33 34 41 42 59 63 67 68 
13 4 6 11 12 14 28 32 38 46 57 66 67 68 
16 5 10 13 20 25 28 32 36 37 40 43 50 52 54 63 65 
17 2 5 7 16 17 19 28 32 33 34 36 44 52 53 58 61 64 
25 0 2 5 6 12 15 28 30 31 33 35 36 40 44 45 49 51 52 54 56 59 63 66 67 69 
15 6 8 11 16 21 23 24 29 43 44 47 50 62 63 68 
23 0 8 9 10 11 14 24 25 26 31 33 35 36 37 39 47 48 49 50 54 57 63 67 
16 0 1 5 20 21 38 39 40 44 45 46 50 52 57 62 63 
17 1 2 13 19 21 29 35 38 44 45 46 51 57 58 64 67 68 
12 3 13 22 24 26 29 31 41 48 51 56 65 
17 4 6 10 11 24 30 32 37 39 42 49 53 62 63 65 67 68 
23 0 3 5 6 11 12 13 14 16 21 25 28 32 33 36 42 51 52 57 58 62 64 68 
15 0 4 8 14 15 18 29 34 36 40 42 45 50 51 63 
14 2 4 6 8 11 13 15 25 41 42 43 44 51 64 
19 1 8 9 13 20 21 29 32 34 37 40 44 46 56 57 64 65 66 68 
18 0 1 6 8 10 16 18 25 27 32 40 43 44 51 52 55 56 58 
19 0 2 10 12 25 31 32 37 38 40 42 43 46 48 53 59 62 67 68 
17 1 15 17 24 33 35 39 40 46 52 55 56 59 60 61 65 67 
12 0 2 15 16 22 29 32 33 37 40 55 59 
22 5 6 10 11 17 18 20 22 23 28 30 33 40 42 43 50 51 54 55 56 58 60 
11 13 14 16 23 25 34 39 54 59 60 63 
22 0 5 7 9 10 12 14 15 16 21 24 26 32 33 38 39 41 45 47 55 59 68 
26 0 2 3 8 9 11 12 26 30 33 36 37 39 40 42 43 44 49 50 51 53 55 57 65 68 69 
15 2 3 7 8 9 12 13 15 18 25 27 41 51 58 65 
19 1 3 5 11 15 23 25 30 33 37 38 39 42 46 48 51 55 62 66 
17 2 4 7 8 10 17 18 24 38 40 41 42 43 52 53 64 68 
16 0 1 12 16 22 25 33 34 35 36 42 49 56 58 63 66 
22 1 5 8 9 15 18 19 23 28 34 37 39 40 41 46 49 51 53 54 57 62 66 
12 5 16 21 22 23 27 31 35 39 43 47 61 
18 1 4 7 8 12 13 22 23 26 31 40 45 51 59 60 62 64 65 
19 3 5 8 10 15 17 22 25 27 29 37 48 54 55 58 59 63 64 69 
19 0 7 20 29 31 35 39 40 41 45 48 51 56 57 59 62 64 68 69 
19 1 9 12 13 14 17 18 20 26 29 34 37 40 41 47 48 61 63 64 
16 10 13 14 18 19 21 24 31 33 35 36 37 39 44 48 54 
17 3 4 8 10 12 14 21 23 27 36 38 39 40 41 44 62 63 
14 1 15 20 27 39 45 46 47 49 54 61 66 67 68 
21 0 1 2 4 7 9 10 16 17 29 30 32 33 35 40 42 44 54 59 63 67 
19 2 7 9 13 17 20 23 25 27 31 32 34 41 43 45 48 51 52 53 
19 1 7 8 15 17 18 24 27 35 38 43 53 54 55 56 58 59 63 65 
18 5 9 11 14 15 17 19 20 21 23 26 29 30 31 34 45 64 65 
20 4 17 24 31 35 37 38 39 42 46 47 52 53 54 56 60 61 63 64 66 
14 0 3 8 9 16 18 30 34 42 43 52 56 60 64 
17 1 4 14 17 28 33 37 39 48 51 55 56 61 62 63 67 69 
9 0 1 8 41 48 52 56 63 67 
