70:105
52 1 2 5 7 8 9 10 11 12 19 24 30 31 32 33 35 36 38 40 42 43 46 47 50 52 55 57 58 59 60 61 62 63 65 66 70 72 74 80 81 82 83 85 88 92 96 97 99 100 101 102 103 
46 1 2 3 6 8 13 16 22 23 24 25 26 27 28 30 34 37 41 46 48 53 56 58 60 61 63 67 69 70 74 76 77 78 79 80 81 82 84 90 91 94 97 99 101 102 103 
46 2 3 4 9 13 14 21 22 23 24 27 30 33 35 37 44 46 50 56 57 58 59 60 61 64 65 67 70 71 72 75 77 79 81 84 85 86 87 89 90 93 98 99 100 103 104 
55 2 5 6 7 8 9 10 11 12 16 18 19 20 21 23 25 26 27 28 30 31 33 35 37 38 40 42 44 45 47 51 52 53 54 59 61 62 63 67 68 70 72 73 74 76 79 81 82 89 93 97 99 100 101 104 
58 0 1 4 8 11 12 13 14 16 18 19 20 22 25 26 27 28 30 31 32 33 34 37 38 39 41 44 46 48 53 54 61 62 63 64 67 69 71 72 73 74 78 80 82 83 84 86 88 90 91 92 94 96 98 99 100 103 104 
53 2 3 4 7 8 10 11 18 24 25 27 29 30 31 33 34 35 36 38 39 41 45 46 49 50 51 52 53 54 55 56 58 60 64 65 67 68 69 72 73 76 78 79 80 86 90 92 93 95 96 99 101 102 
49 5 6 9 10 11 12 13 17 18 20 22 24 26 29 30 33 36 37 38 40 42 43 46 47 48 49 50 51 53 54 55 57 60 61 63 64 65 68 71 75 79 88 89 90 92 99 101 103 104 
48 0 1 2 5 6 7 8 9 10 14 18 21 23 27 28 30 32 34 38 43 44 46 47 51 53 54 56 61 62 68 74 76 78 79 80 82 84 86 89 90 91 92 95 96 99 100 102 104 
52 3 6 8 9 10 12 14 16 21 22 23 24 29 30 32 35 37 40 42 46 48 49 52 55 56 57 58 59 61 63 64 66 70 71 76 78 79 80 81 82 83 84 85 88 90 91 92 94 95 98 101 103 
58 2 3 4 6 12 14 15 20 21 22 24 25 26 27 30 31 35 36 37 39 40 42 43 44 45 47 48 49 51 53 54 56 58 62 63 64 67 68 70 71 73 75 78 79 80 84 86 87 89 90 91 93 95 96 97 99 101 104 
51 2 3 5 6 8 12 14 19 20 22 23 24 26 27 31 32 33 34 35 44 47 48 49 50 52 55 57 60 64 65 72 73 74 75 76 80 81 82 83 84 85 87 88 91 92 93 95 98 100 102 103 
59 0 3 5 10 13 15 17 19 20 21 23 24 25 26 28 34 35 36 37 38 40 41 42 44 45 46 47 50 51 52 53 54 55 56 58 60 64 67 69 70 72 73 79 82 86 87 88 89 91 92 94 96 97 98 99 100 101 102 103 
49 0 1 2 8 15 17 19 20 21 23 25 26 27 28 31 33 34 37 38 45 48 49 51 55 58 61 62 64 66 67 69 70 71 72 75 79 80 81 85 86 87 88 90 92 94 95 96 100 103 
56 1 2 3 4 6 7 8 9 10 11 14 15 16 17 18 23 25 26 28 30 32 34 35 36 37 39 41 43 48 50 51 53 54 55 56 59 62 64 65 66 71 73 74 76 81 84 91 93 94 95 96 97 99 100 102 103 
54 1 2 8 9 11 12 14 15 21 22 23 25 28 29 30 31 32 39 44 46 48 50 51 52 53 56 57 58 60 62 66 67 68 69 70 71 74 77 78 79 80 82 83 85 86 87 90 91 93 95 96 97 100 102 
41 0 8 11 12 13 16 18 22 24 25 26 27 28 33 34 36 38 47 51 53 54 56 57 59 60 64 66 67 69 72 77 79 80 88 89 91 94 98 100 102 103 
51 0 2 7 8 11 12 13 14 16 18 19 20 21 24 25 27 30 31 33 35 37 38 39 40 42 44 46 53 55 61 63 64 65 67 70 71 75 76 77 79 81 82 86 89 91 92 93 95 97 100 103 
53 1 2 4 5 6 8 11 12 15 16 18 20 22 23 24 25 27 31 32 34 37 38 39 40 41 42 43 48 50 51 52 60 61 62 64 65 66 74 75 76 77 78 82 83 84 85 87 89 90 91 96 97 103 
48 0 3 4 9 10 15 16 18 21 25 26 27 28 31 34 36 37 39 40 42 43 50 51 52 53 56 57 58 60 61 63 67 68 71 72 79 82 85 86 87 89 91 94 95 97 101 102 103 
49 4 6 7 8 10 14 15 17 19 21 24 26 27 30 32 34 36 37 38 40 42 43 44 45 49 50 51 54 56 58 59 60 61 65 67 76 77 78 79 81 84 86 89 96 97 98 100 101 104 
47 0 2 4 6 7 8 9 11 15 20 26 28 33 34 42 43 44 46 49 51 53 58 59 61 63 64 65 67 68 70 71 73 75 77 78 80 83 85 88 91 92 94 95 97 99 100 102 
55 5 6 7 9 10 11 14 17 19 21 22 23 25 26 27 28 29 30 31 34 37 41 43 45 46 47 49 50 51 52 55 59 61 66 68 69 70 72 73 74 75 76 77 78 82 83 84 86 87 89 90 92 95 100 102 
53 0 2 4 6 8 9 10 11 13 18 20 21 22 23 25 28 29 32 35 38 39 40 41 42 44 45 47 49 51 52 53 55 56 57 58 59 62 72 77 81 82 86 89 92 93 94 97 98 99 100 102 103 104 
63 2 3 5 7 8 12 13 15 16 17 18 19 21 22 23 26 27 33 34 35 36 37 38 39 40 42 43 44 47 48 50 52 56 57 58 59 61 62 64 65 68 69 72 75 77 78 79 80 83 84 86 88 89 92 94 96 97 98 100 101 102 103 104 
45 3 6 10 15 17 21 23 26 36 38 39 40 43 45 49 50 53 57 58 60 62 66 67 68 70 72 73 74 75 77 79 82 84 85 86 87 89 91 92 94 99 100 101 102 104 
46 0 5 6 7 14 15 18 19 21 23 24 25 27 28 29 30 31 32 33 34 36 37 38 39 45 47 49 51 57 60 61 62 65 67 70 74 76 77 82 83 87 88 90 92 94 102 
55 0 1 3 4 6 8 9 10 11 12 14 15 18 20 21 22 24 25 28 29 31 32 33 36 38 39 40 43 46 50 61 62 63 65 67 68 69 71 72 73 76 83 84 86 88 91 92 94 95 96 97 98 99 103 104 
57 0 1 2 3 5 7 8 13 14 16 17 19 22 23 24 25 26 27 28 29 30 31 32 33 34 38 40 43 44 45 46 47 48 50 51 55 56 58 59 61 62 65 68 75 78 79 82 84 86 88 89 91 96 98 99 103 104 
53 1 2 5 8 9 10 11 12 16 18 19 21 23 24 27 29 31 34 36 38 40 41 44 45 46 47 48 53 55 56 59 61 62 64 66 67 68 69 71 76 77 78 79 84 86 88 91 92 93 95 100 101 102 
45 1 2 5 7 13 17 22 24 25 28 31 32 36 38 39 43 44 49 51 52 53 54 56 60 61 63 64 66 67 69 71 73 75 77 79 83 87 89 90 94 95 97 99 101 104 
51 0 2 4 6 7 8 9 12 13 16 19 23 24 25 26 31 32 33 37 40 45 46 47 48 50 53 54 55 60 63 65 66 67 68 70 73 74 81 83 84 85 86 87 92 93 94 95 97 100 103 104 
51 4 6 8 9 10 13 14 15 17 19 23 24 25 27 32 34 36 38 40 42 46 48 49 51 52 53 54 57 59 62 63 64 67 68 69 70 71 72 74 77 80 81 82 83 84 90 92 96 97 99 101 
62 2 3 4 5 6 7 11 16 17 20 21 24 25 26 29 30 35 36 41 43 44 47 48 50 51 52 53 56 57 58 59 63 64 65 67 68 69 70 72 73 74 76 77 78 79 80 81 83 84 86 87 88 89 90 93 94 95 96 99 102 103 104 
53 0 2 3 6 7 8 10 11 14 15 16 18 19 21 22 24 26 27 29 30 31 33 37 39 42 52 53 54 55 56 57 58 60 62 63 69 71 72 73 74 82 83 84 85 87 88 90 93 94 95 99 100 104 
54 4 5 7 10 12 13 14 15 16 17 20 21 22 23 24 26 29 30 31 34 35 36 38 39 41 45 46 47 48 51 52 53 54 55 56 58 61 62 64 66 68 69 75 81 82 86 88 89 91 94 96 97 101 103 
46 0 3 5 6 9 11 12 13 18 20 21 22 23 26 28 33 34 35 37 40 43 45 48 49 50 52 54 56 57 64 68 71 72 73 79 81 83 85 87 88 91 96 99 100 101 103 
50 1 2 3 4 6 7 9 12 15 17 19 20 21 25 27 29 33 37 39 42 43 46 47 48 49 51 53 59 63 67 68 72 74 78 81 82 85 86 87 89 93 94 95 96 97 98 99 101 102 103 
55 0 1 9 10 11 12 13 14 15 19 20 21 23 25 26 28 29 33 34 35 36 38 39 40 41 42 43 45 48 50 51 54 55 59 60 64 65 66 67 68 69 70 71 72 73 74 75 76 77 79 85 92 95 100 104 
50 0 2 8 9 10 11 13 14 15 17 21 22 25 27 28 29 30 31 32 34 38 39 43 50 55 57 59 61 63 64 68 69 70 72 74 75 77 81 82 84 86 87 88 89 90 91 92 94 96 97 
46 2 3 6 7 8 10 11 18 20 21 22 26 28 29 30 31 32 34 37 41 45 48 49 52 54 55 56 61 64 68 71 72 73 75 79 81 83 84 85 86 87 89 97 101 102 103 
52 0 1 2 7 8 10 11 12 14 18 20 21 22 23 24 25 26 27 28 29 31 32 33 34 35 39 41 43 44 47 48 49 57 59 62 63 64 65 67 68 70 74 75 78 82 83 85 86 87 96 100 103 
52 1 2 3 4 5 6 7 13 17 18 20 22 28 30 34 35 38 39 40 42 43 44 45 48 54 55 56 58 59 61 62 63 64 67 68 70 71 77 79 80 81 83 84 85 87 92 93 95 98 100 102 103 
46 1 6 7 9 10 15 17 20 22 24 25 26 28 29 30 32 35 37 40 41 42 43 44 45 49 50 53 56 60 61 63 70 74 76 78 85 86 87 89 90 92 94 95 96 97 101 
48 4 6 8 11 12 13 14 16 20 23 26 32 34 35 36 38 39 42 43 45 48 50 51 53 55 56 58 63 64 66 69 71 72 76 77 78 82 83 84 87 90 91 94 95 100 101 103 104 
52 0 4 5 6 7 8 10 12 15 16 17 19 21 23 27 33 35 36 37 38 39 42 43 48 49 50 53 54 55 59 60 61 62 63 64 69 73 74 76 79 80 86 87 88 90 92 94 95 96 99 102 104 
46 0 2 4 5 8 14 15 16 17 18 19 22 29 31 35 36 39 40 41 42 43 44 46 48 53 54 58 60 63 66 69 70 73 74 75 76 77 79 80 82 83 94 96 98 103 104 
49 2 3 5 7 10 11 12 13 15 18 19 23 24 26 32 33 38 39 40 41 42 45 46 48 50 52 54 59 60 67 68 72 73 75 76 77 79 82 83 84 86 88 90 94 95 97 101 103 104 
49 0 1 6 7 8 14 16 17 18 21 24 25 27 28 32 33 34 35 36 40 44 46 47 49 50 51 54 56 58 61 62 63 65 66 67 73 75 76 77 78 79 83 86 87 91 94 96 103 104 
61 1 2 6 8 11 12 17 20 23 24 27 29 30 31 32 33 35 36 37 39 40 41 42 43 44 45 46 47 48 49 51 55 58 59 61 62 63 65 66 68 69 70 71 72 77 78 80 81 82 83 86 88 91 92 94 95 96 97 99 100 101 
58 2 5 8 9 11 12 13 14 15 18 21 23 24 25 27 28 29 30 32 34 35 37 38 39 40 42 44 47 48 49 50 51 52 53 54 56 58 60 61 62 63 64 67 68 70 72 76 77 83 87 88 89 93 96 97 101 102 103 
45 3 5 9 10 12 15 20 21 22 24 27 29 30 32 34 36 37 38 39 40 43 44 48 49 55 57 58 61 62 64 73 74 75 76 78 79 82 89 90 91 94 95 96 101 103 
54 0 2 5 9 10 11 12 13 14 15 16 18 19 21 23 26 27 28 29 31 34 35 36 38 40 42 45 47 50 51 60 61 62 63 64 70 72 73 74 77 79 80 81 83 84 89 93 95 97 99 100 101 102 103 
59 1 2 3 6 7 8 9 12 13 15 16 17 18 20 21 23 24 25 26 27 28 31 33 34 37 39 42 46 47 49 53 54 55 56 58 60 61 63 64 65 67 70 71 72 73 74 75 77 78 81 89 91 92 94 97 98 99 101 103 
58 1 3 5 8 10 11 12 13 15 20 21 22 23 24 26 28 29 30 31 32 35 36 37 39 40 41 43 45 46 48 49 50 52 53 56 57 58 60 68 70 71 72 74 76 78 79 81 83 89 90 91 93 94 95 98 101 103 104 
48 0 2 3 4 7 9 10 15 16 25 27 28 33 36 38 39 41 44 45 46 48 50 51 54 56 62 63 65 68 70 72 75 76 81 83 84 85 90 91 94 95 96 97 98 99 101 102 104 
49 1 4 5 7 8 11 13 16 17 19 22 24 25 26 28 29 30 31 32 34 42 47 48 49 50 52 58 59 60 61 62 64 66 68 69 71 77 81 85 86 87 88 92 93 94 95 100 103 104 
49 3 4 7 9 13 14 15 16 18 19 20 21 23 24 31 32 34 37 38 39 40 41 42 43 44 46 51 53 54 55 59 60 67 71 73 74 75 76 81 89 90 91 92 94 98 100 101 102 103 
52 1 5 6 7 8 10 11 12 17 18 20 23 24 25 27 28 31 38 40 41 42 44 47 48 51 54 57 58 59 61 62 65 71 72 74 76 80 84 85 87 88 90 91 95 96 97 98 99 100 102 103 104 
62 3 5 7 8 9 14 16 17 18 19 22 23 25 26 29 30 31 32 33 34 36 38 40 42 43 44 45 47 49 50 51 53 54 57 59 62 63 65 67 68 69 71 73 74 75 77 78 79 80 82 83 84 86 88 93 94 95 96 97 98 100 101 
58 0 2 3 4 5 7 10 13 16 18 19 21 25 26 27 29 31 32 33 34 35 36 39 43 46 47 49 50 51 52 54 55 57 58 61 64 65 66 68 72 74 75 77 78 79 80 82 84 87 88 89 92 93 94 95 97 103 104 
51 3 4 5 6 8 9 10 11 12 13 14 15 16 17 20 22 25 27 31 37 39 40 41 43 49 50 51 54 58 59 61 63 65 66 68 69 70 72 74 81 85 86 89 90 91 95 96 97 98 102 104 
45 0 8 9 11 12 14 18 24 25 26 29 30 31 32 33 34 35 38 39 41 43 46 48 50 51 53 57 59 63 66 68 71 73 76 78 80 81 87 89 92 93 95 96 97 99 
64 0 1 2 3 4 6 8 9 10 15 16 17 18 19 20 21 24 26 31 32 34 35 38 39 40 42 44 46 47 48 52 53 54 55 56 57 58 59 60 62 63 67 68 69 70 71 73 74 76 78 79 80 81 83 86 87 88 90 92 95 96 98 103 104 
57 0 1 2 12 14 16 18 21 22 26 28 32 33 34 36 37 39 40 41 42 43 44 45 46 47 48 50 51 52 53 54 56 58 60 61 62 64 65 68 69 75 76 77 80 82 83 84 85 90 91 92 93 95 97 99 101 104 
51 4 5 7 8 11 13 14 16 17 19 20 22 25 27 29 30 31 33 34 35 36 38 41 42 43 44 45 46 47 55 57 58 60 63 65 66 67 68 74 77 78 81 83 84 85 87 91 94 100 103 104 
56 1 2 3 4 8 9 11 12 14 16 17 19 20 23 24 28 30 33 34 35 36 37 39 40 43 44 46 47 49 51 53 54 55 58 61 63 70 71 72 75 77 80 81 82 83 86 87 89 90 91 93 95 96 97 102 103 
53 0 1 3 4 10 12 14 16 17 18 19 21 22 23 24 25 26 27 29 30 42 44 45 51 52 53 54 55 56 59 66 67 68 69 71 73 75 76 80 82 86 87 88 90 92 93 95 98 99 100 101 102 104 
50 0 1 4 5 6 11 14 16 17 19 21 22 24 25 26 32 33 34 35 38 40 41 43 45 47 50 56 58 61 62 66 67 68 76 77 81 83 84 85 86 87 88 92 93 96 97 98 99 101 102 
50 1 3 4 6 8 11 14 16 17 23 26 28 32 34 35 36 37 38 39 44 45 46 48 49 50 51 52 54 55 57 60 63 64 67 74 79 81 83 84 85 86 89 94 95 96 98 99 101 103 104 
54 0 1 4 5 7 8 10 11 13 14 17 19 20 23 24 25 26 27 28 29 30 31 33 39 40 41 43 44 47 49 50 51 52 53 55 60 61 66 67 68 69 70 72 73 81 82 83 84 86 95 97 101 103 104 
