70:70
45 1 2 3 5 6 7 9 10 11 14 15 18 20 22 23 24 25 26 27 28 30 31 32 33 34 35 40 45 47 48 49 50 51 52 53 54 55 56 57 59 60 64 65 68 69 
33 1 3 14 15 16 17 21 23 31 36 37 38 39 40 41 42 43 44 45 46 47 48 49 50 52 54 55 57 59 63 65 67 69 
41 0 2 3 7 10 15 17 18 20 22 23 24 26 28 29 30 31 33 36 37 38 40 44 45 46 47 49 50 51 52 53 54 55 56 57 58 59 61 63 65 66 
30 2 3 8 9 10 11 12 13 16 19 20 25 26 27 28 29 33 34 37 38 41 42 46 48 49 50 56 58 61 64 
36 1 2 3 4 9 10 11 13 15 17 18 19 20 21 22 25 26 28 29 30 31 34 40 49 51 52 55 56 57 60 61 62 63 65 66 68 
41 0 1 4 5 6 7 8 9 10 12 13 16 17 18 23 26 28 30 33 34 36 37 39 41 42 44 45 48 51 52 54 55 56 60 61 62 63 64 66 68 69 
32 0 2 7 8 9 10 14 16 21 22 23 24 27 29 34 36 37 40 41 43 44 45 47 50 56 58 60 65 66 67 68 69 
37 3 8 9 11 12 13 14 15 16 17 18 20 21 25 26 27 28 31 33 35 36 37 38 42 44 45 46 47 49 52 55 59 61 63 65 67 69 
31 1 3 4 5 8 9 11 19 20 21 25 26 27 30 32 33 36 37 38 42 43 45 46 50 52 56 58 61 64 65 67 
32 0 1 3 5 6 7 10 13 16 18 19 21 23 28 30 31 32 34 37 38 40 41 43 45 49 50 52 54 55 56 62 65 
42 1 3 4 5 6 7 8 9 10 11 12 13 15 16 17 18 19 20 22 23 24 27 29 31 34 36 37 41 44 48 51 55 57 58 59 61 62 63 66 67 68 69 
39 2 4 7 8 9 10 11 12 14 15 17 18 20 22 24 27 28 30 32 33 36 37 38 39 40 41 44 45 48 49 52 55 57 58 63 64 66 67 69 
37 1 4 7 8 9 10 11 15 19 22 25 26 27 28 29 30 31 33 37 39 41 42 43 45 48 50 52 53 55 56 58 60 62 66 67 68 69 
42 0 2 4 5 6 7 9 14 15 18 21 24 25 27 29 31 32 35 36 37 38 39 40 42 45 46 47 50 52 54 55 56 57 58 60 61 62 63 65 67 68 69 
37 0 1 2 3 4 6 9 10 11 13 14 15 16 17 18 20 23 24 26 30 31 33 34 45 47 48 49 55 56 57 59 61 62 64 65 67 69 
32 2 4 8 9 11 17 20 25 26 27 28 29 31 34 37 40 43 44 51 52 53 54 55 57 58 59 60 62 64 65 68 69 
31 3 5 6 7 9 10 14 18 21 24 25 26 27 33 34 35 37 42 43 44 45 46 47 49 55 57 58 61 62 64 67 
26 1 5 6 8 9 11 15 19 21 22 23 24 29 31 33 34 35 37 40 43 44 48 49 59 61 67 
34 0 1 2 3 7 8 9 10 11 12 13 14 15 22 23 24 25 26 28 29 35 36 37 38 42 45 48 51 52 55 58 59 63 68 
33 4 7 9 11 12 13 16 18 19 21 25 26 27 28 30 31 32 36 47 48 50 51 52 53 54 59 60 61 62 63 66 67 68 
34 1 4 10 11 12 15 16 17 18 19 20 21 22 23 25 26 28 33 36 37 39 40 43 45 50 52 54 58 60 63 64 65 66 67 
36 3 4 5 6 7 11 13 15 17 20 26 27 28 29 31 33 34 35 36 38 39 40 41 42 43 44 45 46 56 57 60 63 65 66 67 69 
29 0 1 4 6 11 14 20 21 22 23 24 29 30 31 35 36 37 38 39 46 47 48 49 52 59 60 64 66 69 
35 1 2 3 6 7 9 10 14 17 18 19 21 23 25 27 28 29 30 33 34 36 37 40 41 43 45 48 56 59 60 62 64 65 67 69 
34 0 1 4 5 8 10 13 15 18 19 21 22 23 25 26 27 28 29 31 32 33 34 38 43 45 48 51 53 54 56 63 64 67 69 
35 0 1 2 3 5 6 7 15 16 17 19 21 22 25 26 29 30 35 37 38 40 41 47 48 49 50 53 54 58 59 62 64 67 68 69 
34 1 4 5 10 13 14 19 22 23 24 25 28 29 30 31 32 34 35 36 38 40 48 50 51 52 53 54 56 57 64 65 66 67 69 
35 1 3 4 6 14 15 19 20 21 23 24 26 27 28 31 32 35 36 38 40 43 47 48 52 53 55 56 57 60 61 63 65 66 67 68 
36 5 9 10 11 13 18 19 20 21 23 24 25 26 28 31 32 33 34 39 41 42 47 51 52 53 54 57 58 60 61 62 63 64 65 66 68 
29 0 1 5 9 11 12 15 16 17 23 24 25 27 31 37 38 43 44 46 47 49 50 52 55 57 61 65 66 69 
39 0 1 2 3 4 8 9 10 11 16 20 23 24 26 29 30 32 33 34 36 38 39 40 43 44 46 47 48 49 55 56 60 61 63 64 65 67 68 69 
38 1 3 5 8 9 11 15 16 17 18 19 20 21 22 23 26 28 29 30 34 35 36 37 38 39 40 41 42 43 44 45 47 48 51 52 65 68 69 
37 3 4 8 10 12 17 18 19 20 21 25 29 30 32 34 35 36 41 42 45 47 49 50 52 53 54 55 56 57 58 59 60 61 63 65 67 69 
45 0 1 2 4 5 9 11 12 13 14 15 16 17 19 20 21 23 26 27 28 29 30 31 32 35 36 38 43 44 48 49 50 51 52 55 56 57 58 59 60 63 64 65 67 69 
32 2 5 6 7 9 15 19 20 24 26 28 30 31 33 35 36 37 39 40 41 42 43 44 47 49 50 51 57 59 62 64 66 
32 1 3 4 5 8 14 16 17 19 20 23 26 28 29 30 31 33 34 36 37 40 42 43 44 54 58 59 60 61 62 68 69 
44 1 2 4 5 6 7 8 9 10 12 13 14 15 17 18 20 21 22 23 26 27 29 31 34 35 36 37 38 42 44 46 47 48 49 50 51 52 53 55 56 62 65 67 69 
46 1 2 3 5 6 7 8 9 10 11 12 16 17 18 20 21 22 23 24 25 28 30 33 36 38 40 41 42 43 44 45 46 47 48 50 51 52 55 57 60 63 64 65 66 68 69 
32 1 2 3 6 8 10 11 13 14 15 16 19 22 23 24 27 28 30 32 36 37 39 43 44 48 50 51 53 54 59 64 69 
38 0 1 2 4 5 6 7 13 14 17 20 21 22 23 24 28 29 32 34 36 39 40 42 43 44 45 46 47 52 53 54 55 59 60 63 65 66 69 
34 1 6 13 15 16 17 19 23 24 25 27 28 29 30 33 35 37 38 40 42 43 46 47 48 50 53 54 57 58 60 61 63 64 67 
32 0 3 6 11 17 20 21 22 26 27 29 30 32 34 36 39 40 44 45 52 56 57 59 60 61 62 63 65 66 67 68 69 
38 0 1 3 4 5 6 8 9 11 16 17 19 21 22 26 27 28 29 30 31 33 34 41 42 47 48 49 50 53 54 56 57 58 59 63 65 66 69 
40 2 5 7 8 11 12 16 17 18 22 23 24 25 26 29 31 32 33 34 36 40 41 42 43 45 46 47 48 49 52 53 55 56 57 59 62 65 66 67 69 
40 1 3 6 8 9 11 13 14 16 17 18 19 20 22 26 28 29 30 31 32 34 35 36 37 39 40 42 43 46 47 48 49 52 54 60 63 65 67 68 69 
36 0 2 4 7 12 14 18 19 21 22 23 26 27 31 32 34 36 39 40 43 44 47 49 50 51 52 53 55 56 57 58 62 63 64 65 68 
32 0 1 2 9 11 12 13 15 18 19 24 25 26 28 29 30 31 32 33 34 35 40 44 45 52 54 55 56 57 58 60 65 
40 0 3 4 5 6 8 9 10 11 14 15 16 18 20 22 23 24 25 26 27 29 30 31 33 34 35 36 38 39 40 42 48 49 51 55 61 62 64 68 69 
37 0 1 4 5 6 7 8 9 10 12 13 16 19 20 22 24 26 27 29 33 34 36 37 38 41 42 43 44 45 50 51 52 58 59 60 67 68 
34 2 3 6 8 12 13 14 18 19 20 21 24 28 29 31 34 36 41 44 46 47 50 52 53 55 56 57 58 60 63 65 66 67 68 
31 3 5 6 7 8 9 12 13 14 16 18 20 23 25 26 27 28 29 31 32 39 40 42 45 47 51 54 59 61 62 67 
38 1 2 5 7 10 14 15 16 20 21 22 23 24 26 27 28 29 32 34 35 36 37 40 46 52 53 54 55 56 58 59 61 62 63 64 66 67 69 
26 0 5 8 9 11 12 15 16 23 24 28 31 33 34 39 41 45 46 49 50 52 55 61 63 68 69 
30 1 2 4 5 12 15 17 18 19 25 30 32 34 35 37 39 42 43 45 47 51 52 53 54 55 62 64 66 67 69 
37 4 5 6 10 12 13 14 15 16 19 20 21 22 24 26 27 29 31 33 34 37 42 44 45 48 50 53 54 55 57 58 60 63 64 66 67 68 
33 0 3 5 9 10 11 13 14 16 17 18 25 28 30 33 34 35 36 37 38 39 40 42 43 47 49 54 55 58 59 63 67 68 
40 0 1 2 3 4 5 6 7 8 9 10 11 13 15 18 25 28 30 32 34 35 37 40 41 42 43 44 46 47 52 54 55 56 57 60 61 62 63 65 67 
37 0 1 3 4 5 6 8 10 11 12 14 17 18 21 24 25 26 27 28 31 35 36 40 41 45 47 48 54 55 58 59 60 61 63 65 66 68 
34 0 2 3 4 6 8 10 11 12 13 16 17 18 23 28 32 34 36 40 44 45 46 47 51 52 53 57 58 59 61 62 63 67 68 
30 4 10 13 14 19 20 22 24 25 26 27 33 34 37 42 45 46 48 49 50 52 54 55 58 61 62 63 64 66 67 
40 1 3 5 6 8 10 11 12 13 16 20 21 25 29 32 33 35 37 38 39 41 42 44 45 49 50 51 52 53 54 55 58 59 63 64 65 66 67 68 69 
33 0 1 3 8 13 14 15 16 19 20 22 23 24 25 26 27 28 31 36 38 40 41 44 47 54 56 58 59 60 63 64 66 68 
45 1 3 4 5 6 7 11 13 14 17 18 19 23 24 25 28 29 30 32 33 34 35 36 37 38 40 41 43 44 45 47 48 49 50 52 53 54 57 58 59 60 61 62 63 65 
39 0 3 4 5 6 7 10 11 16 18 19 21 23 25 26 27 28 29 31 32 35 36 38 42 43 46 48 49 50 51 52 53 54 56 58 61 66 67 69 
36 0 1 2 3 4 6 9 15 17 24 26 30 32 33 34 36 37 38 42 43 45 46 48 49 51 54 55 56 57 59 60 64 66 67 68 69 
45 2 3 4 5 6 7 11 12 13 15 16 17 20 23 24 25 26 28 29 31 32 33 35 36 37 39 40 41 43 44 46 47 49 50 51 52 53 56 58 60 61 63 64 65 69 
33 2 3 5 7 11 14 15 16 17 18 19 22 24 26 28 30 31 33 34 37 41 44 45 46 47 52 53 54 58 59 61 62 63 
42 0 2 4 5 6 7 10 11 12 13 14 15 17 18 19 20 28 29 30 31 33 34 35 37 39 42 44 45 46 47 49 51 52 53 55 56 59 62 64 65 66 69 
39 1 3 4 5 9 10 11 12 13 15 16 19 22 23 26 28 29 31 32 36 37 38 41 43 45 46 47 48 49 50 52 54 55 56 57 58 61 63 69 
37 1 3 4 5 8 10 14 18 20 21 23 24 29 30 31 35 37 39 40 41 42 43 46 48 50 51 53 54 57 59 60 63 64 65 66 67 69 
