70:35
20 0 1 2 6 8 9 10 12 13 15 16 18 19 21 24 26 27 30 31 33 
15 1 2 4 8 11 12 13 14 15 16 18 21 22 23 34 
18 0 7 11 12 13 14 16 18 20 21 22 23 25 28 31 32 33 34 
14 0 3 4 7 12 21 23 24 25 27 29 30 32 34 
16 1 3 6 7 10 12 13 15 18 19 22 24 26 27 30 33 
16 3 5 6 7 9 10 11 12 14 18 20 23 25 27 28 32 
15 2 3 4 8 9 11 12 14 15 19 21 25 27 29 30 
19 0 1 3 5 6 8 11 14 16 17 19 21 22 23 25 27 28 29 30 
16 0 4 8 11 13 14 15 16 17 18 22 23 24 26 27 29 
21 0 1 2 6 7 10 11 12 13 16 18 19 22 24 25 27 28 31 32 33 34 
18 1 3 4 5 6 8 10 13 14 17 18 20 25 27 28 29 30 31 
14 1 2 9 12 14 16 23 24 26 28 29 30 31 33 
16 0 1 4 6 8 10 12 15 16 19 24 25 27 29 30 33 
15 1 4 7 9 13 15 16 17 20 21 28 29 30 31 32 
14 9 10 12 13 15 19 21 22 23 25 31 32 33 34 
15 8 9 10 11 13 15 17 18 19 26 29 30 32 33 34 
18 2 3 4 5 7 8 10 11 13 15 16 20 23 24 26 27 29 32 
14 1 2 3 5 6 12 13 16 17 25 27 31 33 34 
14 0 1 3 9 14 15 16 17 19 21 22 30 31 32 
19 0 4 6 8 9 10 11 13 14 15 17 18 19 22 26 28 31 32 33 
16 2 3 4 5 7 12 14 17 19 22 25 26 29 32 33 34 
21 0 1 4 5 6 7 9 10 13 15 17 20 21 23 25 26 29 31 32 33 34 
18 2 4 5 8 11 15 16 18 19 22 24 25 26 29 31 32 33 34 
16 0 3 7 8 10 15 17 21 23 24 25 26 28 29 33 34 
19 2 4 10 11 15 17 18 20 21 22 24 25 26 27 28 30 31 33 34 
20 1 3 7 10 12 13 15 16 17 18 19 24 25 26 27 29 30 32 33 34 
22 0 2 3 7 8 10 11 12 14 16 17 18 19 20 21 22 23 24 25 27 30 31 
17 0 1 2 4 5 6 8 15 16 17 18 19 23 28 29 31 34 
19 2 3 4 5 6 7 9 10 12 14 20 21 22 23 24 25 28 33 34 
26 1 3 4 5 6 7 10 11 12 15 16 17 19 20 21 22 23 24 27 28 29 30 31 32 33 34 
15 0 3 4 8 11 15 18 19 24 26 27 28 31 32 33 
15 0 2 3 7 9 12 15 16 18 19 21 24 25 28 29 
19 4 8 11 12 13 15 20 21 22 23 25 27 28 29 30 31 32 33 34 
21 0 3 4 5 8 10 12 13 16 18 20 22 24 26 27 29 30 31 32 33 34 
18 0 4 5 8 9 11 13 15 17 19 21 22 24 26 27 29 30 32 
17 0 1 3 8 9 13 14 17 18 24 25 26 27 28 31 32 33 
22 1 2 5 6 7 8 9 10 14 15 17 18 19 20 21 22 24 25 28 29 31 32 
14 1 6 7 9 11 14 15 16 17 19 21 26 29 30 
23 0 2 5 6 8 9 10 13 14 16 17 18 19 22 23 25 27 28 29 30 31 32 33 
20 1 2 5 7 9 10 11 12 15 19 20 21 24 25 27 28 30 31 32 33 
18 0 2 3 5 7 9 11 12 15 16 19 20 21 23 28 29 30 31 
14 2 4 9 10 13 16 20 22 23 25 27 28 29 31 
20 0 1 4 5 6 9 12 14 15 16 18 19 20 23 24 27 30 31 32 34 
19 0 1 2 3 4 13 14 15 17 19 20 22 23 25 28 29 31 33 34 
19 2 3 6 13 14 16 17 18 21 22 23 24 26 28 29 30 32 33 34 
18 1 2 5 6 7 9 14 15 16 17 18 22 23 24 26 27 30 34 
17 0 1 3 5 6 11 12 15 17 18 22 26 27 29 32 33 34 
18 0 1 4 5 6 7 9 13 14 17 18 21 23 25 28 30 31 32 
19 0 1 2 5 6 8 11 14 15 17 18 19 21 28 29 31 32 33 34 
15 0 5 8 10 12 13 15 16 17 18 25 26 27 32 33 
16 2 6 8 10 19 23 24 25 26 27 28 29 31 32 33 34 
19 0 1 2 6 7 10 12 13 14 18 19 20 21 22 24 26 27 31 32 
20 1 2 4 5 6 9 11 14 15 16 18 20 21 22 26 27 31 32 33 34 
19 0 1 2 3 4 5 7 8 11 13 15 18 19 21 22 24 27 28 32 
17 0 1 4 5 6 8 12 13 14 15 16 17 23 25 30 33 34 
17 0 3 5 9 11 12 13 18 20 23 24 25 26 27 28 32 33 
16 0 2 5 9 13 20 22 23 24 26 28 29 30 31 32 34 
15 1 4 10 13 14 16 17 20 23 25 30 31 32 33 34 
18 0 9 10 11 13 15 18 19 20 23 24 25 26 27 28 29 31 32 
22 0 1 5 7 9 10 11 12 14 15 18 20 24 25 26 27 28 30 31 32 33 34 
19 0 2 3 4 6 7 11 15 17 18 19 20 21 25 26 27 29 30 32 
17 0 1 2 4 10 12 13 14 19 20 22 24 26 27 31 33 34 
18 0 5 6 7 12 13 14 17 20 25 26 27 28 29 30 31 32 34 
15 1 2 3 6 8 15 16 17 20 21 22 23 24 33 34 
20 1 2 3 4 5 10 11 15 17 19 20 21 23 25 26 28 29 30 32 34 
19 2 3 6 8 14 16 17 19 20 21 23 24 26 27 28 30 31 33 34 
19 0 1 4 5 6 7 8 9 12 16 18 20 21 22 23 25 29 31 33 
14 2 3 5 10 11 12 13 14 16 20 21 25 29 32 
22 1 5 6 8 9 10 11 13 16 17 18 19 22 24 25 26 27 28 29 30 31 32 
23 0 2 3 4 5 7 10 11 12 13 15 16 17 18 22 23 24 26 28 29 31 32 34 
