70:70
27 1 2 3 4 5 8 9 11 14 20 22 24 25 26 27 30 34 35 39 42 45 49 50 51 57 61 64 
35 0 2 3 4 5 11 12 16 17 18 19 20 29 30 34 35 37 38 40 41 43 46 47 48 49 51 53 54 56 57 58 61 64 65 67 
28 4 6 7 9 10 11 13 15 18 19 24 27 29 30 32 33 37 41 43 46 48 53 54 55 56 57 58 59 
36 0 1 3 9 11 13 15 16 17 20 21 22 23 24 25 30 33 35 36 38 41 42 44 45 46 48 52 53 55 56 58 61 62 63 65 69 
37 0 2 4 7 10 11 13 14 15 16 18 19 20 24 25 26 27 28 29 30 34 38 39 41 43 44 45 47 51 58 59 61 63 64 66 68 69 
27 0 6 8 10 11 21 22 23 27 28 29 32 33 34 35 39 40 42 43 45 46 53 59 61 63 65 66 
32 3 4 7 8 9 11 14 17 20 25 32 33 34 36 38 41 44 45 48 49 50 53 55 57 58 59 62 63 64 65 66 67 
37 4 7 9 10 11 14 15 19 20 23 24 28 29 30 32 35 37 38 39 44 46 47 49 50 52 53 54 55 58 59 60 61 63 64 65 67 69 
39 3 4 5 8 9 12 15 16 18 19 21 25 26 27 28 30 33 34 35 36 37 39 40 42 44 46 48 49 51 55 59 61 62 63 64 65 67 68 69 
34 2 3 4 5 7 9 13 14 15 17 19 20 22 23 24 28 30 33 38 40 42 44 47 50 54 56 61 62 63 65 66 67 68 69 
28 1 2 3 9 10 11 12 13 14 20 21 25 30 37 38 39 43 48 49 54 55 58 61 62 64 65 66 68 
36 0 1 4 5 8 9 10 14 16 17 19 20 21 27 29 32 33 35 37 38 39 40 41 44 45 47 49 51 52 53 55 56 57 58 60 64 
34 1 4 5 6 8 9 12 13 14 16 17 18 20 22 23 24 28 31 34 37 39 44 47 48 49 53 54 59 60 62 63 64 66 68 
28 0 8 9 12 13 14 15 16 17 19 20 21 24 30 32 35 36 39 41 42 47 50 51 52 54 58 60 65 
34 0 10 12 15 16 17 18 22 27 31 34 35 36 40 41 42 43 44 45 47 48 50 51 53 55 56 58 59 61 62 63 64 65 67 
32 0 1 3 4 6 7 8 11 12 15 17 19 20 22 23 25 29 30 34 35 38 39 41 47 50 52 54 55 56 60 65 67 
32 2 3 4 7 11 12 15 17 18 20 21 22 26 28 29 34 35 36 37 38 39 41 43 44 45 46 47 58 63 65 66 67 
39 0 1 3 4 8 9 10 13 14 15 17 26 27 30 31 33 34 35 36 38 39 41 44 45 47 48 50 51 52 53 54 55 57 59 61 64 67 68 69 
33 0 1 6 8 9 11 13 14 19 20 22 24 26 27 30 32 37 40 41 42 43 45 47 48 51 53 57 58 59 60 62 63 66 
32 1 2 5 6 8 9 10 12 15 18 19 21 28 31 32 33 36 37 38 40 43 44 47 48 49 55 56 57 58 60 63 64 
42 0 1 5 7 8 10 12 14 15 18 19 21 22 23 25 26 27 28 29 30 31 32 34 35 38 39 42 44 46 47 48 50 52 53 54 61 62 63 64 66 67 68 
34 0 1 2 3 7 9 11 12 15 16 17 19 23 24 29 31 32 34 35 37 38 39 44 45 48 51 54 55 56 59 61 62 64 65 
36 0 1 5 9 12 14 18 19 21 26 29 32 33 34 35 36 37 38 39 40 41 42 45 46 47 48 50 53 57 58 60 61 62 64 68 69 
36 0 2 3 4 6 10 11 12 14 15 17 18 19 21 22 23 26 29 30 36 37 38 39 42 43 46 47 50 53 54 57 59 60 61 63 66 
37 0 2 3 7 11 12 14 15 16 17 19 20 21 22 23 24 25 26 28 29 30 31 34 37 39 42 43 44 49 51 53 56 59 60 67 68 69 
32 2 3 4 5 7 13 14 16 20 22 24 26 28 30 32 33 37 39 41 42 44 45 46 47 49 50 55 57 58 62 63 68 
33 1 3 5 6 7 9 12 13 14 16 19 21 24 27 28 31 33 34 38 39 42 43 44 47 51 54 55 58 59 60 63 65 66 
35 0 3 4 8 10 11 13 14 16 19 20 21 24 28 30 31 32 33 35 38 39 40 42 48 49 51 52 56 58 60 64 65 66 68 69 
35 0 1 5 6 8 10 11 12 13 15 19 22 23 24 25 27 28 32 33 34 35 39 40 42 43 44 46 47 51 55 56 61 62 65 68 
33 1 4 9 10 11 14 15 16 17 18 20 23 28 30 35 36 37 39 41 42 44 45 47 49 52 54 56 58 59 62 63 65 69 
39 0 1 2 3 4 5 7 10 11 13 16 17 21 22 26 27 31 32 33 34 35 37 38 39 40 46 47 51 53 54 55 56 57 59 60 61 62 64 69 
32 0 6 9 11 12 14 16 18 21 22 24 26 27 28 29 30 32 33 34 39 41 43 45 52 54 55 56 58 62 63 67 69 
35 1 7 8 10 11 12 17 18 19 21 23 24 26 27 28 32 33 38 39 40 41 45 46 50 53 55 57 58 60 63 64 65 66 67 69 
27 1 3 7 9 19 20 22 23 24 25 31 34 38 39 40 42 44 47 48 49 50 52 54 58 61 66 69 
37 2 4 7 9 10 11 12 15 16 18 19 20 23 24 25 28 29 30 32 33 36 40 41 42 43 45 47 48 53 55 57 58 61 65 66 68 69 
27 1 2 3 4 11 12 14 16 17 18 19 23 27 30 33 37 42 43 50 51 55 56 57 58 59 63 65 
35 0 2 5 6 7 9 10 15 16 17 18 20 22 31 32 33 36 37 40 41 45 48 49 50 51 56 59 60 61 62 63 64 66 68 69 
31 1 2 3 4 6 11 12 16 17 19 20 21 22 23 26 29 31 34 38 41 44 49 51 52 53 58 60 61 65 66 67 
37 4 6 8 9 10 11 12 14 16 20 22 23 24 26 29 30 34 39 42 43 44 45 46 48 54 55 56 57 59 60 61 62 63 64 65 68 69 
43 0 4 5 6 7 9 10 11 12 15 16 17 19 22 25 26 28 29 30 31 32 33 35 36 38 40 42 44 45 46 51 52 55 58 59 61 62 63 64 65 66 67 68 
32 0 2 4 7 8 11 13 14 15 18 20 21 22 23 24 25 30 31 33 35 36 38 40 41 43 46 50 53 54 55 61 69 
42 0 1 2 3 4 5 10 11 12 13 15 16 17 18 19 20 21 22 27 28 30 40 41 43 44 45 48 49 50 51 53 54 55 56 57 59 61 62 63 65 66 69 
48 0 2 4 7 8 9 10 11 15 16 18 19 20 21 22 23 25 26 27 29 30 31 33 34 35 38 39 40 43 45 46 47 48 50 51 53 55 56 57 58 59 60 61 62 63 65 66 68 
38 0 5 6 8 9 10 13 15 16 17 18 19 20 21 24 26 28 30 31 32 33 34 35 36 38 40 41 42 44 45 48 49 50 55 56 61 64 65 
35 2 3 6 13 14 15 16 18 19 20 23 27 30 31 32 34 37 39 40 41 43 45 46 48 50 51 52 57 58 59 62 63 66 67 68 
34 1 2 4 9 10 15 17 20 24 25 26 29 34 35 36 37 39 40 41 46 47 49 50 51 52 53 54 55 58 59 60 64 65 68 
33 1 4 5 6 7 9 11 14 16 18 19 20 21 24 25 26 27 29 34 36 38 41 45 46 52 55 59 61 62 63 65 66 68 
35 1 5 8 9 11 16 17 18 19 21 22 25 26 28 29 32 33 37 39 41 42 44 46 48 49 51 53 55 56 57 58 60 64 65 69 
36 0 1 3 5 6 8 10 16 17 19 20 21 22 24 25 26 28 30 31 33 35 38 40 42 43 45 50 53 56 60 61 63 64 65 68 69 
31 1 4 6 7 9 12 13 14 16 19 20 22 24 26 31 32 34 35 36 41 46 47 48 49 53 55 60 62 63 64 65 
35 3 4 6 11 12 17 20 21 22 23 28 30 32 33 34 37 41 42 43 44 47 48 50 51 53 56 57 58 59 60 62 63 65 66 68 
38 1 2 4 5 7 10 12 13 14 15 17 18 19 22 24 27 29 31 32 33 34 36 38 39 40 41 45 47 48 49 57 58 59 60 61 64 66 68 
31 2 4 6 9 10 12 14 15 18 19 20 22 24 25 26 29 30 33 35 36 40 41 52 54 56 57 58 59 64 67 68 
35 0 1 6 7 8 9 10 11 14 16 17 18 21 22 26 27 29 36 37 40 41 47 48 49 52 53 54 55 58 59 61 62 63 66 69 
35 0 1 2 3 4 5 6 8 10 11 17 18 21 22 23 26 31 32 33 35 36 40 41 42 47 49 50 52 53 55 56 58 62 67 68 
38 2 7 8 9 11 12 13 14 16 19 20 21 22 24 25 26 27 30 31 33 34 35 40 41 42 43 46 47 48 50 52 54 55 56 60 62 63 69 
36 4 5 6 9 12 15 16 19 21 24 26 28 30 31 33 34 35 38 39 40 42 43 46 47 49 50 51 52 53 54 58 59 66 67 68 69 
34 0 2 3 5 6 7 10 11 12 14 15 16 18 20 22 24 27 28 29 30 31 34 39 40 41 46 49 50 52 55 58 65 66 69 
36 1 2 3 4 6 7 11 16 17 18 19 22 24 25 34 35 37 38 39 40 41 44 47 48 51 53 55 56 60 61 62 63 64 65 66 68 
37 0 1 2 3 4 5 8 11 13 14 17 18 19 25 27 29 30 31 33 34 37 40 42 43 45 48 51 52 54 55 57 58 60 63 65 66 67 
32 0 3 5 6 8 12 15 16 17 18 22 26 28 31 33 38 41 45 46 47 49 51 53 54 57 59 60 61 62 63 66 67 
34 0 6 10 13 15 18 19 23 24 25 26 27 28 29 33 34 36 37 38 45 47 48 49 52 53 54 55 57 59 60 61 63 68 69 
30 1 3 10 13 14 18 19 21 23 26 29 30 32 33 35 39 41 42 45 46 47 52 56 60 62 63 65 67 68 69 
33 4 5 6 9 10 11 13 16 17 22 23 24 25 30 31 34 35 37 38 39 43 47 49 52 53 55 57 59 60 62 66 68 69 
36 0 4 6 7 8 11 12 15 17 20 25 26 27 30 32 33 35 36 39 41 43 45 48 49 50 52 53 54 55 56 58 59 60 64 66 67 
38 1 3 6 7 8 12 14 15 16 17 18 19 24 26 28 30 31 32 33 35 39 40 41 42 44 45 47 49 51 53 54 56 57 58 63 65 66 68 
38 0 3 4 5 7 10 11 14 15 18 20 21 24 25 27 28 29 31 37 39 42 47 48 49 50 51 52 54 55 56 57 59 60 61 64 65 66 69 
40 0 2 6 12 13 14 15 16 18 19 20 21 26 27 30 33 35 36 37 38 42 44 47 48 49 51 52 53 54 55 57 58 59 60 62 64 66 67 68 69 
33 2 3 5 6 12 15 17 19 22 25 27 28 30 31 35 36 37 39 44 45 47 49 51 52 54 57 59 60 61 63 64 66 69 
37 1 2 4 6 7 9 10 14 16 17 18 19 23 26 27 28 31 32 34 35 36 37 38 39 43 44 45 48 49 50 54 59 60 61 67 68 69 
