70:35
16 3 4 6 12 14 16 17 20 22 23 24 25 28 32 33 34 
8 1 13 15 16 25 26 29 32 
4 7 10 25 31 
9 0 4 5 9 22 24 26 28 29 
9 1 4 15 17 21 24 28 31 34 
10 8 9 10 13 19 22 25 26 27 33 
8 0 8 9 14 23 28 32 34 
14 0 2 5 6 7 12 15 16 17 19 26 28 31 32 
9 6 13 16 18 20 21 24 31 32 
10 5 7 11 22 23 30 31 32 33 34 
5 1 6 15 20 21 
5 2 14 18 29 31 
9 1 8 10 16 18 26 28 31 33 
5 10 11 14 23 31 
4 19 21 26 32 
8 2 5 6 8 16 20 32 33 
11 1 2 4 6 8 13 16 22 27 31 33 
8 0 3 10 16 17 24 27 28 
10 3 4 6 8 18 19 26 27 28 32 
8 7 10 17 19 22 24 30 31 
16 0 2 3 4 6 8 10 12 13 14 17 20 22 28 30 33 
14 3 5 6 8 12 15 16 21 23 25 26 30 31 34 
9 3 13 14 24 25 27 28 29 34 
7 3 4 7 15 21 24 31 
11 0 3 8 9 11 13 14 17 19 20 21 
4 8 17 25 30 
3 1 4 26 
6 14 15 20 22 26 27 
9 1 5 7 10 16 22 24 28 34 
15 1 6 7 9 12 13 15 18 19 21 24 25 26 29 32 
9 4 6 9 20 22 24 25 31 33 
8 2 4 5 12 15 17 32 34 
11 0 1 3 5 10 17 18 20 23 27 30 
6 4 11 24 28 33 34 
9 1 3 7 13 15 20 21 24 30 
5 4 9 13 16 32 
13 0 2 5 6 9 10 11 14 15 20 23 29 30 
10 3 8 13 15 16 19 21 23 31 33 
10 3 4 12 18 20 21 26 29 30 32 
10 0 1 4 6 9 17 25 27 28 34 
11 2 6 7 10 15 16 18 21 24 29 32 
9 1 8 9 19 26 27 28 29 33 
9 0 9 13 18 20 21 24 29 30 
9 7 8 17 20 24 27 31 32 33 
5 15 20 21 23 33 
11 0 2 5 7 14 15 19 25 26 32 33 
8 1 10 16 17 18 25 28 32 
9 1 12 14 16 19 29 30 32 34 
11 0 1 3 9 16 20 21 29 31 32 34 
9 4 6 9 10 14 15 17 23 28 
12 4 8 9 14 15 18 19 20 21 24 32 33 
5 0 4 13 16 21 
9 3 7 8 13 14 21 22 29 33 
12 0 3 5 8 11 16 18 19 20 28 31 34 
11 4 6 7 9 16 22 26 28 29 32 34 
11 0 3 13 14 20 21 24 25 28 29 31 
9 2 8 10 20 22 28 29 30 33 
6 5 7 9 20 31 33 
13 1 4 9 11 12 15 17 23 25 30 31 32 33 
9 0 1 5 14 18 20 24 25 32 
5 4 19 20 21 26 
7 3 7 8 9 21 23 25 
11 0 3 6 8 13 14 15 20 25 27 32 
8 0 9 13 15 16 17 28 31 
5 13 26 31 32 33 
13 1 7 8 19 21 23 25 28 29 30 31 32 33 
9 5 9 11 16 22 25 28 29 33 
11 4 7 9 12 14 16 23 29 30 31 34 
6 3 6 12 15 17 20 
8 0 1 12 13 18 19 22 30 
