70:105
30 6 8 12 13 14 18 20 22 25 28 30 39 42 45 51 53 56 57 59 64 67 68 70 72 73 78 81 84 93 102 
27 2 6 12 13 17 18 25 27 29 33 37 38 42 44 52 56 57 60 66 67 69 72 74 75 82 91 101 
24 1 6 9 13 16 43 46 48 49 54 55 56 63 69 70 73 78 83 84 88 95 97 98 101 
34 1 2 3 5 16 19 20 23 30 31 33 34 36 37 38 40 42 48 51 54 60 64 67 68 71 73 75 79 82 88 90 91 98 101 
20 7 13 15 16 18 24 26 27 32 36 40 42 45 53 64 66 67 72 83 98 
23 6 9 13 27 29 39 41 45 48 50 54 59 62 71 72 77 86 87 88 98 99 103 104 
20 0 15 16 18 28 32 35 36 37 46 52 54 55 72 73 83 89 92 101 104 
25 2 8 9 17 19 21 23 35 42 43 51 53 55 57 60 68 74 75 76 85 86 93 95 98 104 
22 2 6 12 14 15 20 29 31 36 51 55 59 61 65 68 72 78 83 87 89 92 103 
26 4 8 12 15 16 20 21 24 33 41 42 44 51 52 53 55 59 65 66 67 68 74 78 88 92 98 
34 4 6 9 10 12 16 17 18 20 22 32 35 37 40 41 43 45 46 48 49 50 52 53 63 69 72 73 76 80 83 86 97 100 104 
27 0 1 2 3 6 7 9 10 14 15 21 35 37 44 48 49 52 56 57 61 77 80 83 86 93 98 102 
22 2 4 7 14 18 28 37 39 40 43 44 45 51 56 62 63 74 84 89 99 102 104 
27 1 3 5 9 12 13 18 22 26 27 30 34 48 50 53 54 57 69 70 76 79 87 90 93 98 101 102 
35 2 7 13 20 22 27 29 33 35 38 40 42 43 44 48 49 52 54 55 58 61 64 77 78 79 80 83 86 89 90 92 94 98 99 104 
27 1 2 4 12 13 17 19 21 23 24 31 36 39 44 54 57 59 62 63 65 76 87 90 92 98 100 101 
21 1 10 11 14 19 20 29 33 39 40 49 56 57 82 84 86 87 95 98 99 100 
21 0 1 5 9 18 19 20 29 39 42 44 48 54 58 60 62 68 84 88 91 93 
27 2 4 5 13 15 16 17 19 23 26 32 35 41 42 48 52 54 68 74 79 82 87 89 93 98 101 104 
35 0 1 3 5 8 9 17 32 36 37 38 39 40 41 44 51 55 58 59 61 64 65 67 68 76 77 78 80 87 88 92 93 94 95 96 
25 1 3 5 16 17 30 32 37 42 48 49 60 63 70 73 75 76 79 85 87 90 92 95 96 104 
30 2 5 7 12 13 16 18 24 29 32 33 45 48 52 54 55 56 58 61 64 65 69 73 77 81 82 86 90 94 98 
21 2 7 12 20 22 27 44 50 51 53 60 63 64 66 69 74 80 84 86 90 95 
28 2 7 10 14 16 18 21 30 32 33 36 40 43 50 53 57 64 66 68 70 79 83 88 90 98 101 102 104 
24 9 17 18 19 25 30 32 41 42 46 49 59 62 63 64 69 70 73 74 77 80 99 103 104 
24 5 12 14 15 17 20 33 34 35 39 49 50 57 71 74 76 80 83 85 88 91 96 97 98 
30 4 5 13 16 17 21 24 26 27 29 34 42 43 45 46 48 50 55 59 63 71 74 76 77 78 79 85 92 93 99 
23 20 24 26 29 30 31 37 41 44 49 50 57 60 64 71 72 79 83 87 89 94 99 102 
24 0 2 5 11 13 19 26 28 33 34 35 39 45 53 62 70 71 72 78 89 90 95 98 101 
26 5 7 16 20 29 33 42 46 50 55 56 61 62 66 72 79 83 85 86 90 92 94 96 100 101 103 
33 2 4 5 7 9 11 12 13 15 16 23 26 29 30 31 33 36 39 42 45 50 52 56 58 61 75 76 77 81 85 87 95 100 
22 0 5 12 25 28 30 32 42 46 48 51 57 62 69 71 73 91 97 98 101 102 104 
27 6 9 26 31 36 40 41 42 45 46 48 52 61 63 65 69 76 77 79 83 85 93 95 96 98 99 102 
20 5 14 15 16 35 37 39 45 48 49 50 56 64 68 72 77 86 92 97 104 
31 0 4 9 10 12 14 20 21 23 24 31 32 37 38 40 41 42 45 46 52 67 72 73 76 84 88 93 98 101 102 104 
30 6 7 11 14 15 18 24 27 28 29 36 39 42 49 51 54 55 58 62 63 68 69 76 79 82 87 91 94 101 102 
20 2 3 5 10 13 15 21 29 36 38 47 54 58 59 62 65 79 94 102 103 
31 2 5 11 14 16 19 22 23 32 37 39 40 42 44 45 51 54 55 56 58 60 67 72 79 82 84 87 90 91 92 98 
23 4 8 9 26 29 31 34 38 42 46 48 51 61 63 64 74 77 78 80 81 88 94 99 
34 2 12 14 22 25 26 27 29 31 41 43 47 48 51 52 57 59 60 63 64 65 70 75 78 82 83 84 90 91 94 95 99 101 103 
36 0 1 10 11 14 15 17 18 20 21 23 24 27 33 37 41 44 47 51 53 54 58 70 72 73 75 76 78 79 82 88 90 96 97 100 103 
22 1 2 5 12 17 18 31 32 43 45 48 54 55 62 65 70 83 86 91 94 96 100 
20 0 2 5 7 9 11 12 23 26 44 45 56 58 63 68 82 86 89 101 102 
32 0 1 7 13 14 15 18 22 26 27 28 31 36 37 40 43 44 46 49 53 57 59 60 64 65 75 86 89 95 97 100 103 
32 0 1 7 8 12 15 18 20 23 28 36 38 39 40 42 43 50 54 59 74 75 76 78 79 81 82 85 93 95 97 101 103 
30 5 8 10 11 16 20 22 23 30 32 33 36 37 38 39 41 45 49 54 66 69 70 81 82 85 91 92 96 102 103 
30 0 1 4 7 9 13 15 22 23 24 25 26 27 28 39 45 47 49 51 53 56 66 68 71 72 79 86 90 95 101 
30 3 4 6 11 17 20 23 25 31 34 35 37 39 43 45 48 50 51 55 57 67 70 72 75 80 89 90 95 98 99 
26 0 5 8 9 13 15 26 30 35 39 41 45 49 53 57 58 59 65 71 81 82 85 87 88 90 91 
24 2 7 8 11 22 24 29 34 41 45 49 51 56 58 59 65 71 77 78 80 91 92 98 101 
24 4 11 19 22 30 32 34 38 39 40 44 46 59 60 61 79 81 84 86 89 95 96 101 103 
24 0 4 9 11 13 19 22 23 28 31 33 37 40 47 59 64 68 71 75 80 84 87 90 100 
29 1 6 7 10 12 17 21 22 28 30 35 38 39 42 47 53 57 64 65 72 74 76 83 92 93 95 96 97 99 
23 3 8 13 22 25 26 33 35 40 41 44 45 49 52 62 63 65 72 78 89 92 95 104 
32 1 7 8 12 19 23 27 28 30 31 35 36 38 40 42 47 49 50 62 63 64 66 67 72 74 86 95 96 98 102 103 104 
34 0 7 10 14 16 18 21 23 25 26 30 32 40 43 44 47 48 53 60 62 63 68 69 71 75 78 80 84 90 93 95 98 102 103 
39 1 12 18 19 20 21 24 29 31 34 36 38 54 56 59 62 63 64 65 67 68 69 70 73 75 79 83 85 87 88 89 90 93 94 95 97 98 100 102 
28 1 5 8 11 14 17 19 27 28 35 38 43 45 49 53 54 56 59 60 69 78 88 90 92 94 97 100 104 
31 3 9 10 13 15 16 20 23 26 29 31 33 34 40 41 43 44 45 48 50 51 55 56 64 78 81 90 94 99 101 103 
25 5 6 8 12 17 20 21 22 25 32 36 37 44 47 49 52 69 71 77 79 80 86 94 96 103 
26 9 11 13 17 19 20 22 24 26 28 35 50 52 53 55 59 61 68 72 73 80 83 92 93 95 97 
23 3 6 7 9 13 22 24 33 40 62 69 70 74 75 77 79 83 85 87 89 92 94 104 
21 12 20 29 31 34 39 42 50 52 55 61 63 64 65 66 71 73 74 75 87 99 
31 3 9 15 16 17 24 29 36 37 38 40 45 46 47 48 56 58 59 60 61 63 70 79 80 84 86 87 88 98 102 104 
21 5 11 13 15 21 29 35 37 45 47 55 63 66 69 77 85 86 93 94 95 104 
17 2 7 8 28 29 42 43 44 61 64 66 77 79 81 87 88 93 
31 0 3 9 16 20 22 28 29 40 56 61 63 65 66 68 71 72 73 75 77 78 79 83 85 90 95 97 99 100 102 103 
20 2 3 5 18 21 45 54 59 60 63 65 68 75 78 80 88 90 91 92 94 
22 5 7 12 28 29 30 34 35 47 55 56 59 67 71 75 80 84 88 89 93 95 100 
21 2 3 4 10 24 27 28 37 49 52 54 61 62 63 70 73 80 81 87 93 98 
