70:70
36 0 2 3 7 8 10 16 18 19 20 21 22 25 26 27 30 32 33 34 35 36 37 38 39 40 42 43 47 50 53 59 61 62 63 64 67 
29 4 9 10 12 13 14 20 23 24 25 26 31 33 37 38 42 43 44 47 50 52 54 55 56 57 58 60 68 69 
30 0 5 6 10 16 19 23 26 27 29 30 33 38 39 43 45 48 50 53 54 55 56 57 60 61 63 64 65 68 69 
35 1 4 5 6 7 8 9 10 11 15 16 18 21 23 24 25 27 29 30 32 34 36 39 48 50 51 52 53 54 56 57 60 65 66 69 
43 0 3 4 7 8 9 10 11 12 13 14 16 17 18 20 21 23 24 25 26 27 29 30 31 33 34 37 38 40 41 42 46 48 49 50 55 57 58 60 62 64 65 69 
33 2 3 6 7 8 9 13 14 15 16 17 20 23 29 32 33 39 40 41 45 46 47 48 51 53 54 56 57 60 61 63 68 69 
30 2 5 8 12 14 16 22 23 25 29 30 34 35 37 38 40 41 43 45 47 49 50 51 52 54 55 61 62 67 69 
31 0 2 5 8 9 10 13 14 17 24 25 27 29 30 33 37 38 39 43 44 45 46 48 50 51 54 56 64 65 66 68 
35 0 1 6 8 9 11 13 14 16 17 18 20 27 29 30 32 36 40 42 44 45 46 47 50 55 56 58 59 61 62 63 64 65 66 67 
35 0 1 3 4 5 8 10 14 15 19 23 26 28 29 31 32 37 38 39 43 48 49 51 52 53 54 56 58 59 61 62 63 67 68 69 
42 0 1 2 7 8 9 11 12 16 18 20 21 22 23 24 26 28 30 31 33 34 35 36 37 38 40 41 42 47 49 50 52 53 54 58 59 60 63 64 66 67 68 
32 4 7 10 14 15 16 17 20 21 24 30 32 36 37 39 40 41 42 44 45 48 50 52 54 55 56 59 61 62 63 67 68 
36 1 2 6 8 9 10 11 12 14 15 18 21 23 24 27 28 30 33 34 37 39 41 42 46 47 48 49 50 51 53 54 58 61 62 68 69 
32 2 3 8 10 11 15 17 20 24 28 32 33 35 37 39 40 41 43 44 45 46 49 55 56 57 59 62 63 64 65 66 69 
39 0 7 9 10 11 12 13 15 16 17 18 19 20 21 22 24 25 28 29 30 31 32 36 38 40 41 42 45 47 48 49 52 54 56 60 63 64 66 69 
32 7 9 10 11 14 15 17 19 21 22 24 28 29 30 32 34 36 37 39 41 42 44 45 47 51 54 55 56 59 61 62 67 
36 0 4 5 6 8 10 12 13 15 16 17 19 20 22 24 25 26 29 30 33 39 40 42 43 47 49 50 51 55 58 59 61 62 65 66 69 
37 1 6 7 8 9 10 12 13 14 15 16 17 19 23 24 26 28 29 32 34 36 38 41 42 43 45 46 49 50 51 54 57 58 60 61 62 67 
36 2 6 7 10 15 17 18 19 22 23 24 26 28 32 34 35 36 38 40 41 43 44 45 46 48 50 51 52 53 56 58 59 63 65 66 69 
36 1 3 4 7 12 13 14 17 19 21 26 28 30 31 32 33 35 36 37 40 41 43 44 46 47 48 50 51 52 53 58 59 62 65 66 68 
29 2 3 6 7 9 12 15 16 17 18 20 29 31 36 39 43 44 46 49 51 52 54 56 57 60 62 63 64 68 
33 1 2 4 6 7 9 14 15 18 20 22 26 30 34 35 41 42 44 47 48 51 52 53 54 55 57 59 60 61 63 64 65 69 
26 0 4 5 6 8 9 16 18 25 27 31 32 33 35 38 40 45 49 55 59 60 61 63 65 67 68 
38 0 1 4 5 6 8 9 10 12 16 17 22 23 24 25 26 27 30 34 35 36 37 38 39 40 41 42 43 46 51 53 55 56 57 58 61 63 68 
39 0 3 4 6 7 10 11 12 13 16 19 23 24 26 28 29 30 32 34 35 36 37 41 42 43 44 46 47 49 51 53 58 59 61 64 65 66 67 68 
33 0 1 3 4 6 7 8 9 10 12 15 20 23 24 26 28 29 30 31 32 33 36 37 39 40 41 44 52 58 60 62 63 65 
34 2 9 10 13 14 15 18 19 21 24 25 26 27 30 35 37 39 40 41 45 46 49 51 52 53 54 56 57 58 59 62 63 64 67 
35 0 3 5 6 9 13 17 19 20 25 26 28 29 30 34 35 36 38 39 41 43 44 46 47 49 50 51 53 57 58 60 61 63 64 68 
34 1 5 6 9 11 12 14 15 16 18 21 23 25 26 27 29 35 36 38 43 44 46 49 50 51 53 55 56 59 60 64 65 67 68 
41 0 1 4 5 6 9 10 13 14 15 17 19 20 23 24 25 27 29 30 32 33 34 36 39 42 43 45 47 48 49 50 52 53 54 56 58 61 62 63 68 69 
33 1 2 7 8 9 13 17 19 20 21 25 26 30 33 34 37 39 40 43 45 46 49 52 53 54 55 56 59 60 63 65 68 69 
34 2 3 4 8 11 12 13 14 16 17 18 21 22 23 25 26 27 34 35 36 37 41 43 44 45 49 50 51 54 55 56 58 64 69 
29 7 9 10 12 19 23 24 25 26 28 29 31 35 37 39 42 43 46 50 51 52 53 56 58 61 63 67 68 69 
31 0 2 3 5 6 7 12 13 16 17 19 20 21 25 27 32 34 35 38 40 41 46 49 50 55 56 60 63 64 67 69 
37 0 2 5 6 8 10 11 14 16 17 18 21 23 26 27 28 30 31 35 36 38 39 41 42 44 47 49 50 54 57 60 61 62 63 64 66 67 
35 2 3 5 9 12 13 15 17 18 20 22 23 26 27 28 29 30 33 34 38 39 40 41 42 43 46 47 50 51 52 54 55 58 59 67 
34 4 5 7 10 11 13 14 15 19 20 24 25 34 36 38 41 42 43 46 47 49 50 52 55 56 57 58 59 60 61 65 66 67 68 
31 3 5 7 8 9 15 16 27 33 34 35 39 40 41 42 43 44 46 47 49 51 52 54 55 58 62 63 64 65 67 68 
42 0 1 2 3 4 5 6 10 11 12 14 15 18 20 21 24 26 27 28 29 30 33 34 35 37 38 39 41 42 46 47 48 49 50 54 55 57 58 62 63 65 67 
31 1 2 3 4 8 9 10 11 14 15 19 21 26 27 28 32 37 38 39 41 43 46 47 48 52 53 56 57 59 60 63 
31 2 6 7 8 10 13 14 15 16 17 19 20 23 24 28 31 32 35 36 37 38 43 48 49 52 55 58 60 62 65 68 
36 2 3 4 5 6 8 9 10 11 14 18 21 23 25 26 28 29 30 32 34 35 36 37 38 44 45 46 49 51 53 54 58 60 63 65 68 
38 0 1 2 3 6 7 8 10 11 12 13 16 17 19 20 23 24 26 28 33 37 40 41 42 44 48 49 51 54 56 58 60 61 62 64 65 66 69 
32 2 4 8 11 12 15 16 17 21 22 23 25 27 28 29 30 32 35 38 40 41 43 47 48 50 53 54 58 60 63 64 68 
35 2 4 6 7 8 9 10 11 12 13 17 20 24 27 30 31 33 34 38 40 41 42 43 44 46 48 51 53 54 56 59 62 63 66 68 
32 1 3 4 6 7 9 10 12 14 16 18 19 21 22 23 25 28 30 31 33 34 35 37 40 44 48 50 51 53 54 58 68 
40 2 3 6 7 10 13 14 15 17 18 19 22 24 25 27 28 33 34 35 36 37 39 41 42 44 47 49 50 52 53 54 55 56 57 59 60 62 64 65 66 
35 2 4 5 6 7 8 10 12 13 14 20 22 23 28 29 34 35 36 38 40 42 44 45 46 47 48 49 51 53 54 55 56 58 59 65 
38 0 1 4 5 6 8 9 11 12 16 18 21 24 25 28 32 33 34 37 38 41 42 44 46 50 51 52 53 54 55 56 57 58 62 63 64 65 69 
29 1 4 5 9 11 13 14 22 25 26 28 29 30 32 34 37 42 43 46 47 51 56 57 58 59 60 62 66 69 
26 0 1 5 6 10 11 12 14 20 23 24 25 31 35 39 41 44 52 53 56 57 59 62 64 66 67 
31 1 2 3 4 5 6 8 10 12 14 15 19 24 25 28 29 34 36 37 39 40 44 45 50 52 53 54 56 57 58 66 
33 1 5 10 11 12 13 14 16 19 20 22 23 24 31 33 34 35 36 37 39 42 43 44 47 48 53 59 60 61 63 65 68 69 
32 0 1 2 4 6 7 8 13 14 16 20 23 24 25 26 28 30 34 36 42 44 45 47 48 49 52 54 55 56 57 62 69 
41 1 2 4 5 6 8 11 13 14 16 18 19 20 21 22 26 29 31 32 33 34 36 38 40 41 42 43 44 46 48 49 51 56 57 58 59 60 62 64 65 67 
35 0 1 2 4 6 7 8 9 11 12 13 14 15 17 21 24 28 32 33 34 35 37 39 40 42 45 46 49 51 52 54 57 58 66 69 
31 1 3 4 7 9 13 14 23 26 27 28 29 30 31 32 33 34 36 39 40 43 47 50 51 55 58 59 62 63 64 67 
41 0 1 2 4 7 8 9 11 13 15 16 22 23 25 27 30 31 33 34 35 36 38 39 40 42 44 45 50 51 54 55 56 57 60 62 63 64 65 66 67 69 
29 0 1 2 5 13 15 22 30 31 32 33 34 35 36 37 38 44 45 47 48 51 52 54 55 56 59 63 66 69 
29 1 2 4 5 6 7 8 9 17 23 25 26 28 29 31 36 40 41 44 45 46 53 54 55 56 57 60 66 68 
36 0 1 2 3 4 5 8 9 12 13 15 16 17 18 20 23 24 25 29 31 34 36 37 38 39 40 44 47 50 51 54 55 62 63 65 69 
37 0 2 3 5 7 8 10 14 18 21 22 24 26 27 30 35 38 39 40 41 43 49 50 51 52 53 54 55 56 57 59 61 62 63 65 66 67 
39 1 2 3 4 6 7 9 10 14 16 17 24 25 29 30 31 33 35 36 37 38 40 44 47 48 50 52 54 55 56 57 59 61 62 63 64 65 66 68 
38 2 3 4 7 9 11 14 15 16 17 18 20 21 22 24 25 26 28 30 32 35 36 39 41 42 44 45 46 47 50 51 53 54 55 57 61 62 66 
44 0 1 2 3 4 5 6 7 8 9 11 12 15 17 19 20 21 23 24 26 28 31 32 35 37 39 40 43 44 45 46 49 50 52 54 56 57 58 60 61 62 63 65 68 
35 0 1 2 3 5 6 7 8 9 10 11 14 16 18 21 23 26 29 30 31 34 35 42 44 45 48 50 52 53 55 60 61 63 64 69 
39 1 3 5 10 11 12 14 15 18 21 22 23 25 26 27 28 30 32 33 34 35 39 40 41 42 43 45 48 50 53 54 55 56 59 61 62 64 65 67 
32 0 1 6 7 8 14 15 16 17 21 23 24 25 26 27 28 29 32 38 39 42 43 44 45 46 47 49 51 57 60 62 67 
32 1 7 9 10 13 14 15 17 18 23 25 26 27 29 30 31 34 35 37 40 42 43 49 50 56 57 58 60 61 62 64 66 
37 0 1 4 6 7 9 10 11 13 17 18 20 21 22 24 25 26 28 29 31 32 33 34 36 47 48 50 51 52 53 56 57 58 60 64 65 66 
