70:105
21 14 18 20 22 47 49 50 53 54 56 57 61 62 63 64 71 84 87 98 99 102 
22 6 7 9 16 17 20 24 26 30 32 33 34 43 66 75 81 83 84 96 98 103 104 
30 3 4 5 8 14 15 16 17 21 26 27 30 33 46 50 54 61 65 70 71 75 76 82 90 91 92 98 99 102 103 
30 1 6 9 10 12 17 18 19 26 29 36 39 45 47 50 60 62 66 68 83 84 86 87 88 91 92 96 100 102 104 
33 0 1 3 5 9 11 12 16 18 22 29 32 33 38 39 47 48 49 50 58 60 62 63 65 67 85 88 89 91 93 96 97 100 
28 2 4 9 12 13 15 16 23 24 46 49 61 62 66 67 72 76 78 81 85 87 88 89 92 94 99 100 103 
23 2 3 5 10 13 18 22 23 32 45 50 55 64 66 72 74 82 84 89 91 99 100 103 
22 1 20 21 25 29 30 32 36 40 42 44 49 59 68 71 73 79 82 88 89 93 100 
25 3 4 10 12 18 21 25 28 37 42 45 46 50 51 60 61 65 66 75 80 86 87 90 99 102 
25 4 5 6 11 13 15 16 27 32 36 40 42 44 45 46 47 49 50 59 63 65 86 89 91 103 
22 7 11 15 19 20 22 23 30 33 39 56 60 65 67 68 70 76 78 82 86 93 104 
26 0 5 6 11 13 17 20 27 30 38 42 43 44 55 58 59 61 70 73 83 86 89 91 97 99 102 
21 1 6 8 14 17 24 40 61 62 72 77 82 84 88 91 93 95 100 101 102 103 
18 15 20 24 28 30 39 41 45 63 70 78 87 90 95 98 99 100 101 
25 0 17 24 27 30 38 43 48 54 59 65 72 73 76 77 78 79 85 87 89 90 95 96 100 103 
23 0 3 5 11 12 15 23 28 31 32 35 37 56 59 60 62 67 74 77 80 81 96 98 
23 0 8 9 14 16 28 29 33 37 46 50 56 57 66 72 76 79 81 85 87 88 92 100 
36 0 3 12 13 14 15 18 25 29 32 33 35 36 38 40 43 48 51 53 56 63 66 68 69 71 72 75 79 80 83 84 85 86 90 100 101 
29 0 4 6 7 9 10 11 12 18 25 29 41 43 47 53 54 56 64 67 75 77 78 80 86 87 91 95 97 101 
31 0 2 9 12 19 25 31 44 52 53 55 56 57 59 62 63 68 70 71 75 81 83 85 88 89 91 94 96 98 100 103 
27 1 8 10 11 15 16 18 25 30 37 38 44 45 49 50 53 60 66 67 71 75 86 87 90 95 98 100 
36 5 9 11 12 15 22 24 26 30 33 34 35 36 38 39 42 43 45 46 50 51 54 57 60 65 66 72 73 78 79 83 89 90 93 96 99 
26 5 6 7 9 15 21 27 32 39 40 42 46 50 52 64 69 70 73 80 83 90 92 98 100 101 104 
26 3 4 23 26 27 28 29 30 34 39 47 56 57 59 60 62 63 66 68 72 73 83 92 93 98 102 
26 2 3 4 13 14 16 19 24 29 31 37 39 43 45 59 64 66 72 76 83 86 93 94 97 98 101 
19 3 4 10 18 26 37 38 39 41 44 49 50 51 59 61 83 84 88 93 
33 1 2 7 8 10 17 21 25 26 34 35 36 38 44 45 48 49 53 56 58 59 66 68 69 70 79 82 87 90 96 98 100 101 
20 0 1 6 14 17 18 19 22 36 38 39 56 63 76 85 91 92 99 103 104 
31 1 2 3 5 7 19 20 24 26 28 34 44 45 49 57 58 59 65 70 75 83 84 87 90 91 93 94 96 102 103 104 
32 1 2 3 5 14 17 20 21 22 25 30 31 37 38 39 43 47 49 50 64 65 68 75 79 80 82 84 85 91 93 103 104 
29 1 7 9 14 15 16 17 25 26 29 30 31 36 37 38 40 44 45 52 59 60 67 70 72 76 82 87 91 97 
27 1 5 7 9 16 20 28 29 35 37 38 48 52 57 61 65 69 73 74 78 79 80 87 90 91 96 101 
28 1 3 14 17 18 25 27 29 34 41 43 52 55 58 59 60 62 65 66 67 73 78 81 85 87 88 90 91 
28 6 8 13 22 23 28 29 30 31 37 41 43 45 51 54 56 61 66 71 75 79 80 81 83 88 90 98 104 
30 13 15 23 26 37 40 45 47 50 53 54 57 58 59 64 65 70 74 77 79 82 83 85 87 89 93 96 97 102 104 
25 6 7 8 9 11 12 13 15 17 23 32 45 47 48 51 62 66 67 75 78 79 87 96 99 100 
21 3 6 8 10 23 28 36 38 43 59 67 68 69 75 76 80 81 96 102 103 104 
31 1 5 13 14 15 18 23 28 33 35 37 42 45 47 52 53 56 57 59 62 67 72 74 76 78 80 82 86 92 99 100 
22 0 2 8 13 22 27 35 38 39 43 57 59 63 72 74 76 79 81 89 91 94 104 
30 6 13 16 22 23 25 26 29 34 36 37 42 44 49 50 51 52 53 56 58 69 72 80 83 87 88 89 90 96 104 
24 0 3 4 5 6 9 32 35 42 44 47 60 62 65 67 68 69 71 83 91 92 93 96 98 
29 3 8 15 16 19 21 24 26 32 33 41 45 49 51 53 58 59 66 67 73 77 82 86 89 91 96 100 101 102 
17 6 13 15 18 22 23 29 30 31 35 48 70 71 77 78 83 92 
36 8 18 19 21 22 23 26 27 28 30 34 35 39 42 44 46 48 50 53 54 57 60 61 68 71 72 73 86 89 90 92 95 97 98 101 104 
24 9 17 21 24 27 30 32 43 51 58 62 63 64 68 73 75 80 84 85 90 92 93 95 98 
33 0 4 5 13 16 18 20 21 22 23 24 28 32 39 45 50 53 54 59 61 66 67 68 69 70 78 91 93 95 97 98 100 102 
27 0 1 2 4 11 16 19 26 27 34 35 40 42 44 47 53 55 58 59 64 72 74 75 82 83 95 102 
24 0 10 11 16 22 29 30 33 37 41 45 47 51 52 62 67 72 79 80 82 87 88 95 98 
32 2 5 6 7 8 14 17 18 19 23 25 28 29 30 33 40 51 66 67 69 71 73 74 83 84 87 90 92 95 100 101 102 
26 0 2 10 13 14 24 27 31 34 38 43 49 51 64 65 69 70 75 77 80 87 88 97 98 100 104 
26 2 7 11 14 18 20 23 24 25 28 29 35 39 40 42 45 46 53 54 63 67 70 81 88 92 96 
33 0 1 5 6 9 11 17 23 24 25 26 27 31 33 38 39 41 43 47 56 57 59 61 62 66 68 70 76 81 83 87 90 99 
20 4 20 24 25 36 39 41 47 50 52 58 63 73 76 85 86 95 100 101 104 
33 0 3 4 5 7 20 24 38 40 43 47 48 51 56 57 58 62 63 66 68 69 70 71 72 81 86 90 92 93 97 98 102 104 
29 1 5 11 20 21 24 28 29 33 34 35 36 38 40 42 43 44 51 52 55 57 69 71 76 78 81 91 98 104 
31 9 12 19 21 23 24 26 28 30 31 32 37 41 44 49 56 57 59 62 68 72 73 74 76 78 81 83 85 89 93 96 
29 0 1 6 8 10 15 21 26 27 28 31 32 33 36 37 48 49 51 52 55 62 65 66 68 73 88 90 102 103 
27 3 9 13 16 20 21 22 29 33 55 56 65 66 67 70 72 77 78 83 86 91 92 93 94 96 97 103 
31 0 2 5 12 14 16 18 27 28 31 32 37 39 40 42 43 44 45 46 47 49 53 55 68 69 71 82 91 97 101 102 
29 4 6 10 12 14 17 19 22 23 28 34 35 49 50 52 53 56 57 59 61 64 75 76 78 80 86 88 96 100 
23 4 6 15 18 27 36 38 41 45 47 50 51 53 60 65 73 76 77 88 89 93 101 104 
34 0 3 5 6 10 12 13 17 18 23 24 28 29 31 32 38 40 43 48 50 53 56 59 64 72 73 77 78 79 86 100 101 103 104 
33 2 3 5 6 7 21 34 35 36 37 41 42 45 46 56 57 58 60 67 71 73 76 78 79 84 87 88 89 90 92 98 100 104 
28 1 2 7 10 17 20 25 26 29 30 32 42 44 45 65 66 67 68 71 79 83 90 91 96 97 99 101 103 
30 0 4 5 6 9 15 17 18 24 28 31 53 57 58 62 67 68 70 71 81 83 84 85 87 90 92 93 97 98 103 
27 3 8 13 16 19 34 36 37 38 40 41 44 48 56 61 65 67 68 71 73 75 80 85 86 91 100 103 
27 3 6 8 10 14 15 16 25 31 32 44 47 51 53 56 62 68 69 73 76 77 80 81 83 94 95 96 
23 1 5 12 16 17 22 23 27 28 35 38 40 42 44 48 49 68 77 80 81 83 87 98 
25 1 4 6 9 13 15 16 17 18 25 28 33 52 62 64 69 70 74 78 79 80 82 86 97 100 
27 1 4 10 13 14 20 21 22 23 28 34 43 49 50 52 53 54 58 64 69 78 79 82 85 93 94 101 
