70:35
22 0 4 6 7 8 11 12 14 15 17 18 19 20 21 23 24 25 26 27 29 31 32 
25 0 1 2 3 4 5 6 7 8 10 14 15 16 20 21 22 23 24 26 27 28 30 32 33 34 
26 0 2 3 4 5 6 7 10 11 12 13 14 15 16 17 20 22 23 24 26 27 28 30 32 33 34 
29 1 2 3 4 5 6 7 8 9 10 11 13 14 16 17 19 20 22 23 24 25 26 27 28 30 31 32 33 34 
21 0 4 5 6 7 8 9 10 13 15 16 19 20 21 22 23 24 25 26 28 34 
21 0 2 3 5 8 12 13 15 16 17 18 21 22 24 25 27 29 30 31 32 34 
27 0 1 2 3 5 7 9 10 12 13 14 15 16 17 18 19 20 21 22 23 24 25 27 28 31 32 34 
25 0 1 2 3 5 6 8 9 12 13 14 16 17 18 20 22 23 25 26 27 29 30 32 33 34 
27 0 1 2 4 5 7 9 11 12 14 15 16 17 18 20 21 22 23 24 25 26 27 28 31 32 33 34 
21 2 3 5 7 10 11 12 13 14 15 16 17 18 19 20 23 24 25 26 30 31 
26 0 1 4 5 6 7 8 10 11 14 15 18 19 20 21 22 23 25 26 27 28 29 30 31 33 34 
24 3 5 6 7 8 9 10 11 12 13 15 16 19 21 22 23 24 26 28 30 31 32 33 34 
25 0 1 2 3 5 6 7 8 9 11 14 15 16 17 21 22 24 25 26 28 30 31 32 33 34 
24 2 3 4 5 7 8 12 13 14 15 16 17 19 20 21 22 23 24 25 26 27 29 30 33 
24 1 3 5 6 10 11 12 14 15 16 17 18 19 20 22 23 25 27 28 30 31 32 33 34 
23 0 2 3 4 5 9 10 11 12 14 15 17 20 21 24 25 26 28 29 30 31 32 34 
24 0 1 4 5 6 8 9 10 11 13 14 16 18 19 20 21 23 24 25 26 27 29 30 32 
24 0 1 3 4 6 7 10 12 13 14 17 20 21 22 23 24 25 26 28 29 30 31 33 34 
31 0 1 2 3 4 6 7 8 10 11 12 13 14 15 16 17 19 20 21 22 23 24 25 26 27 28 29 30 31 33 34 
23 0 1 2 3 5 6 7 9 10 11 12 13 14 15 20 21 22 23 24 29 31 33 34 
25 1 3 4 5 6 8 10 11 12 14 15 16 17 18 19 21 22 23 24 25 26 27 28 32 33 
27 2 3 4 6 7 8 9 11 13 14 15 16 17 18 19 20 21 22 24 25 26 27 29 30 32 33 34 
23 1 2 3 5 7 8 9 10 11 13 14 17 18 21 22 24 28 29 30 31 32 33 34 
29 0 1 2 3 4 5 8 9 10 11 13 14 16 17 18 19 20 21 22 23 24 25 26 27 28 29 30 32 34 
23 1 3 4 6 7 9 11 13 14 15 17 18 19 20 23 24 27 28 29 30 32 33 34 
30 0 1 2 4 5 7 8 9 11 12 13 14 15 16 18 20 21 22 23 24 25 26 27 28 29 30 31 32 33 34 
24 0 1 2 3 5 7 8 10 11 12 13 15 16 17 18 20 21 23 25 27 28 29 30 34 
23 0 1 3 4 7 8 9 10 11 12 13 14 15 16 18 20 21 25 26 28 29 31 32 
30 0 1 3 4 5 6 7 8 9 10 11 12 13 14 15 16 17 20 21 22 23 24 26 28 29 30 31 32 33 34 
23 2 3 4 6 8 9 11 12 13 15 16 18 19 20 21 22 26 27 28 29 31 33 34 
23 0 1 4 7 8 9 10 11 12 13 14 16 17 18 19 21 22 23 26 27 30 32 33 
27 1 2 3 4 5 7 8 9 10 11 12 13 14 15 16 17 18 19 20 21 25 26 28 30 32 33 34 
28 0 1 2 3 5 7 8 9 10 12 13 14 17 18 19 20 21 22 23 24 25 27 28 29 31 32 33 34 
23 0 1 2 3 5 6 7 9 12 13 14 20 23 24 26 27 28 29 30 31 32 33 34 
26 0 1 2 4 5 9 10 11 12 13 14 15 16 17 20 21 22 23 26 27 28 29 30 31 33 34 
24 1 4 5 6 7 8 9 10 11 12 13 14 15 16 17 20 25 26 27 28 30 31 32 34 
27 0 1 2 3 4 6 7 8 9 10 11 12 13 14 15 16 17 18 19 22 24 25 26 27 31 33 34 
27 0 1 2 3 4 5 8 10 11 12 13 14 15 16 17 18 19 20 22 25 26 27 28 31 32 33 34 
26 0 1 2 3 4 5 7 9 11 12 13 15 16 18 19 21 22 23 24 25 27 28 29 30 33 34 
30 0 1 2 3 5 6 7 8 9 10 12 13 14 15 17 18 19 20 21 22 23 24 25 27 28 29 31 32 33 34 
28 0 1 4 5 6 7 8 9 10 12 13 14 15 16 17 18 19 20 22 23 24 25 27 30 31 32 33 34 
28 0 2 4 6 7 8 9 10 11 12 13 14 15 16 17 18 19 20 22 23 24 25 26 29 30 31 32 34 
23 0 1 2 3 6 7 8 11 12 13 14 18 19 20 21 22 23 24 26 29 30 31 33 
26 1 2 3 5 6 7 8 9 10 11 12 13 14 16 18 20 21 22 24 26 27 29 30 32 33 34 
21 0 1 2 3 4 5 7 8 9 11 14 15 18 21 23 24 25 29 30 31 32 
25 0 1 4 5 10 11 13 15 16 17 18 19 20 21 22 23 24 25 26 27 28 29 30 32 33 
26 0 1 3 4 5 6 8 9 10 11 12 14 15 16 19 20 22 23 24 25 27 28 29 31 32 33 
27 1 2 3 5 6 8 9 10 11 12 13 14 15 16 19 20 23 24 25 26 27 28 29 30 31 33 34 
28 0 1 2 3 4 5 6 7 8 10 12 13 15 17 18 20 21 23 24 25 26 27 28 29 30 31 32 33 
27 1 2 3 6 7 8 10 12 13 14 15 16 18 19 20 21 22 23 24 25 26 28 29 30 31 33 34 
28 1 2 3 4 5 6 7 8 9 12 13 14 15 16 17 18 19 20 21 22 23 24 25 26 29 32 33 34 
23 0 2 5 6 7 8 9 10 11 13 14 15 17 20 22 25 26 27 28 29 31 33 34 
24 2 3 5 6 7 8 9 10 11 13 14 15 16 17 18 19 21 23 26 27 29 32 33 34 
24 0 1 5 6 7 8 9 10 11 12 13 15 16 17 19 20 22 23 25 26 27 31 32 34 
26 0 5 6 7 8 9 10 11 12 14 16 17 18 20 21 22 25 26 27 28 29 30 31 32 33 34 
26 0 2 4 5 6 7 8 9 12 13 14 15 16 17 18 19 20 21 22 24 25 26 27 28 31 34 
28 0 1 2 3 4 6 7 8 9 10 11 13 15 17 18 19 20 22 23 24 26 27 28 29 31 32 33 34 
27 0 1 3 4 5 6 7 8 9 10 11 12 13 15 16 18 19 21 22 23 25 28 29 30 31 32 33 
25 0 1 2 3 4 7 8 9 11 13 16 17 18 19 21 22 23 24 25 27 29 30 32 33 34 
24 0 1 2 3 5 6 7 8 10 11 12 13 14 15 16 20 21 23 26 28 30 31 32 33 
21 0 2 4 5 6 7 8 10 12 13 15 16 18 22 23 24 25 28 29 32 34 
28 0 2 3 4 7 8 9 10 11 13 14 15 16 17 18 19 20 21 22 23 24 26 28 29 30 31 32 34 
27 0 1 2 6 7 8 9 10 11 12 13 14 16 18 21 22 24 25 26 27 28 29 30 31 32 33 34 
31 0 1 2 3 4 5 6 7 8 9 10 11 12 13 14 15 17 18 20 21 22 25 26 27 28 29 30 31 32 33 34 
28 0 2 3 4 5 6 7 9 10 11 12 13 14 15 17 20 23 24 25 26 27 28 29 30 31 32 33 34 
30 0 1 2 4 6 8 9 11 12 13 14 15 16 17 18 19 20 21 22 23 24 25 26 27 28 30 31 32 33 34 
20 2 6 7 8 10 11 12 13 16 17 18 19 21 23 25 27 30 32 33 34 
29 0 1 2 4 5 6 7 8 11 12 13 14 15 16 17 18 19 20 22 23 24 25 26 27 28 30 31 33 34 
25 0 1 2 3 4 5 6 10 11 12 13 15 16 17 19 20 24 25 27 28 29 30 32 33 34 
26 0 1 3 4 6 7 8 11 12 13 14 15 16 17 18 20 23 24 25 27 28 30 31 32 33 34 
