70:105
81 1 2 3 4 6 7 9 11 12 13 15 16 17 18 19 20 21 22 23 24 25 27 28 29 30 31 33 34 35 36 39 40 42 43 44 45 46 47 48 49 50 51 54 55 56 57 58 59 60 61 62 64 65 66 67 69 70 71 73 75 76 77 78 80 81 82 83 84 86 87 89 92 93 95 96 97 98 99 100 101 103 
87 0 1 2 3 5 6 7 8 10 12 16 18 20 21 22 23 24 27 28 29 30 31 32 33 34 35 36 37 38 39 40 41 42 44 45 47 48 49 52 53 54 55 56 57 58 59 60 61 62 63 64 65 66 67 68 69 70 71 72 73 74 75 76 78 80 81 82 83 84 85 87 88 89 90 91 93 94 95 96 97 98 99 100 101 102 103 104 
90 0 1 2 3 4 5 6 7 8 9 10 11 12 14 15 16 17 18 19 20 21 22 23 24 26 27 28 29 33 34 36 38 39 40 41 42 44 45 46 47 48 49 51 52 53 54 55 56 58 59 60 61 62 64 65 66 67 68 71 72 73 75 76 77 78 79 80 81 82 83 84 85 86 87 88 90 91 92 93 94 95 96 97 98 99 100 101 102 103 104 
81 0 1 3 6 7 8 9 11 12 14 15 16 18 19 21 22 23 25 26 27 29 30 32 33 34 35 36 37 38 39 40 41 43 44 45 46 48 49 50 51 53 54 56 58 59 60 61 62 64 65 66 67 68 69 73 74 75 76 77 78 79 80 82 83 84 85 86 87 88 89 90 91 93 94 96 97 98 99 100 101 102 
79 0 1 2 3 4 5 6 7 8 10 11 13 14 15 16 17 18 19 20 21 22 24 25 27 28 30 31 32 34 36 37 38 39 40 43 44 45 46 47 48 49 50 51 53 54 55 57 58 59 61 62 63 64 68 69 70 72 73 74 75 76 78 79 80 82 83 84 85 86 89 90 91 92 95 96 98 100 101 103 
65 0 1 2 4 5 6 8 11 12 14 16 18 22 23 24 25 26 28 31 32 33 34 35 36 38 39 40 41 42 44 47 50 51 52 53 54 59 60 62 64 65 66 69 70 71 72 74 77 78 79 80 81 82 84 85 87 88 89 92 93 94 96 98 99 100 
80 0 2 3 5 6 7 8 9 10 13 14 15 16 17 18 20 22 23 24 26 27 28 29 30 32 34 35 36 37 38 39 40 42 43 44 45 46 47 48 49 50 51 52 53 55 57 58 59 60 61 62 63 64 66 67 68 73 74 75 76 77 81 82 84 85 86 87 88 89 90 91 92 95 96 97 98 99 100 101 103 
71 0 1 3 4 5 7 10 12 13 14 15 18 21 22 23 24 25 26 27 28 30 31 32 33 34 35 37 41 42 43 45 46 48 50 52 53 54 55 59 61 62 64 65 66 67 68 69 71 72 73 77 78 80 81 83 84 85 87 88 90 92 93 95 97 98 99 100 101 102 103 104 
76 1 2 3 5 6 7 8 9 11 12 13 14 17 18 20 21 23 24 25 26 27 28 29 30 31 33 34 36 37 39 40 43 45 46 47 48 49 50 52 53 54 55 56 57 60 62 63 64 67 68 70 72 73 74 75 76 78 80 81 82 83 84 87 88 89 90 91 92 93 96 98 99 100 101 102 103 
74 2 4 5 6 7 9 10 11 14 15 17 18 19 20 22 23 24 25 27 28 29 31 32 34 35 37 38 39 40 42 43 45 46 47 48 49 50 51 52 53 58 59 60 63 65 66 70 71 74 75 76 77 78 79 80 81 82 83 84 85 86 87 89 90 91 92 93 94 95 98 99 101 102 104 
81 0 1 3 4 5 6 7 8 9 10 11 12 13 14 15 16 17 18 22 25 26 27 28 29 30 31 32 33 34 35 36 37 40 41 42 43 44 45 46 47 50 51 52 54 55 56 57 58 59 61 64 65 66 68 70 71 72 73 74 75 76 77 79 80 81 83 85 87 88 89 90 91 92 93 94 96 97 98 100 101 102 
83 1 2 3 4 5 6 7 9 10 11 12 13 14 15 18 19 20 23 24 26 27 28 30 31 32 33 34 35 36 38 39 40 41 45 46 47 48 49 50 51 52 53 54 55 56 57 59 61 62 65 66 67 68 69 70 71 73 74 75 76 77 78 80 82 83 84 85 86 88 89 90 91 92 94 95 96 97 98 99 100 101 103 104 
73 0 2 3 4 8 9 10 11 12 13 14 16 17 18 19 20 21 22 24 26 27 29 31 32 33 34 35 37 38 39 40 43 44 46 47 48 50 52 54 58 59 60 62 63 64 68 69 70 71 72 75 79 80 81 85 86 88 89 90 91 92 93 94 95 96 97 98 99 100 101 102 103 104 
77 2 4 5 6 8 9 10 11 13 15 19 20 21 22 23 25 26 27 28 29 30 31 32 34 35 36 38 39 40 42 44 45 46 47 50 51 52 53 55 56 58 60 62 63 65 66 67 68 70 71 72 73 74 76 77 78 79 80 81 83 84 87 88 89 90 91 92 93 94 95 96 97 98 99 100 103 104 
73 0 1 2 3 5 7 8 9 10 11 12 13 16 17 18 20 23 24 25 26 27 28 29 31 34 36 37 38 39 40 42 43 45 46 47 49 52 54 56 58 59 60 61 62 63 64 65 67 68 69 71 73 74 76 77 78 79 80 81 82 83 85 86 87 88 90 91 92 95 96 97 98 104 
74 0 1 2 3 9 10 11 12 16 17 18 19 20 21 22 23 24 25 27 28 29 30 32 33 34 35 37 40 41 42 43 44 45 46 47 50 51 52 53 54 56 57 58 59 61 63 64 65 66 67 69 71 73 74 75 76 78 79 81 83 84 85 86 88 89 90 91 93 96 97 99 100 103 104 
80 0 3 4 5 7 8 9 10 12 13 14 15 16 17 19 22 23 24 25 26 27 28 29 31 34 35 36 37 39 40 41 42 43 44 46 47 49 50 52 53 55 57 58 60 61 62 63 64 65 66 67 68 69 70 71 72 74 75 78 79 80 82 83 84 85 87 88 89 90 91 92 93 94 95 96 97 98 101 102 104 
82 0 2 3 4 6 7 8 9 11 12 13 14 15 16 17 19 20 21 23 24 25 27 31 32 33 34 35 36 37 38 39 40 41 42 43 44 45 46 48 50 51 52 54 56 57 58 59 60 61 63 64 65 67 68 69 72 73 74 76 77 78 80 81 82 83 84 85 86 87 89 90 92 93 94 95 96 97 99 100 101 102 103 
81 0 1 2 4 5 6 7 8 9 10 12 14 15 16 17 18 19 20 21 22 25 27 28 29 30 31 32 34 36 38 39 40 41 42 43 44 46 48 49 51 53 54 55 56 57 58 59 60 62 63 64 65 66 69 70 71 72 73 74 76 77 79 80 82 85 86 87 88 89 90 93 94 95 96 97 98 99 101 102 103 104 
75 1 2 3 5 7 8 10 11 12 14 15 17 18 19 21 22 23 24 27 28 29 30 31 32 33 34 36 38 41 42 43 45 48 49 50 51 52 53 54 56 57 59 60 63 64 65 66 67 68 73 74 76 78 79 80 81 82 83 84 85 86 87 88 89 90 92 93 94 96 97 99 100 101 102 103 
78 0 1 2 3 5 6 7 9 11 12 13 16 17 18 20 22 25 26 27 28 29 30 31 32 34 35 36 39 40 42 43 45 46 47 49 50 51 52 53 54 55 56 57 58 59 60 61 63 64 65 66 67 68 69 70 71 72 73 74 75 77 78 80 82 84 86 87 88 89 91 92 93 96 97 99 100 101 103 
80 2 3 4 5 6 7 9 10 11 12 13 14 18 19 20 21 22 23 24 25 26 27 29 30 32 34 35 36 38 39 40 41 44 45 47 48 49 50 52 53 54 55 59 60 61 62 63 66 67 69 70 71 72 73 74 75 77 78 80 81 82 83 84 86 87 88 89 92 93 94 95 96 97 98 99 100 101 102 103 104 
78 1 2 4 5 6 7 8 9 10 14 15 16 17 18 19 21 22 23 24 25 27 30 33 34 35 36 39 40 41 43 44 45 46 47 50 51 52 53 55 56 57 59 60 61 63 64 65 66 67 68 69 71 72 73 74 75 76 77 78 80 81 82 85 86 89 91 92 93 94 95 96 97 99 100 101 102 103 104 
80 0 1 2 4 5 6 8 9 11 12 13 14 15 16 17 18 19 20 21 22 23 24 25 26 29 30 33 34 35 36 38 40 41 42 43 45 47 48 49 50 51 54 55 56 57 58 59 60 61 62 63 65 66 67 68 69 70 71 72 75 77 78 79 81 82 85 86 87 88 90 91 92 93 94 95 96 97 100 101 103 
75 3 4 5 6 7 8 9 10 11 12 14 15 19 20 21 22 24 25 26 27 28 29 34 35 36 37 38 39 42 43 44 45 47 49 50 51 53 54 56 57 58 59 61 62 63 65 68 69 70 71 72 73 74 76 77 78 79 80 81 82 87 88 89 90 91 92 94 96 97 99 100 101 102 103 104 
81 0 1 2 3 4 6 7 8 9 11 12 13 14 15 16 17 18 19 20 21 24 25 26 27 28 30 31 32 34 36 38 39 40 41 42 43 44 45 48 49 50 53 54 55 56 59 61 62 63 65 66 67 68 69 70 71 72 73 75 77 78 80 81 84 85 86 88 90 91 92 93 94 96 97 98 99 100 101 102 103 104 
76 0 2 3 4 5 6 7 9 10 11 12 13 16 17 19 20 23 24 25 27 30 31 33 34 35 36 38 39 41 44 47 48 50 53 54 55 56 58 59 61 63 64 65 67 68 69 70 71 72 73 74 75 76 77 78 79 81 82 83 86 87 88 89 90 91 92 93 94 95 96 97 98 99 101 102 104 
74 2 4 8 9 10 11 12 14 15 16 17 20 21 23 24 25 26 27 28 30 33 36 37 38 39 40 41 42 44 45 46 47 48 49 50 51 52 53 54 55 56 57 59 60 61 63 65 66 67 68 70 71 72 73 74 75 76 77 79 80 81 83 84 85 87 90 91 92 93 94 98 99 101 104 
78 0 1 2 3 4 5 8 9 10 12 13 14 15 16 17 18 20 21 23 24 25 26 27 29 30 31 32 33 37 39 40 41 42 44 46 47 49 50 51 52 53 54 55 56 57 58 59 62 63 65 66 69 70 71 72 73 75 76 77 79 80 81 84 85 86 87 88 89 90 91 92 93 94 95 97 100 101 104 
73 1 2 4 6 7 9 10 13 14 15 17 18 19 20 21 22 24 25 26 27 28 29 30 31 32 33 34 36 38 39 40 42 43 44 46 47 48 49 50 51 54 56 57 58 62 63 64 65 66 67 68 70 71 72 73 75 76 77 78 79 81 84 85 89 91 94 96 97 98 100 102 103 104 
80 0 1 2 3 6 7 8 9 10 11 12 13 14 15 17 18 20 21 22 24 26 27 28 30 32 33 34 37 38 39 40 41 42 43 45 46 50 51 52 54 55 57 58 59 60 61 62 63 64 65 66 67 68 71 72 73 74 75 77 78 79 80 82 83 84 85 86 87 88 91 92 93 94 95 96 97 99 100 102 104 
72 1 4 5 7 8 9 10 12 13 14 15 16 18 19 20 22 23 25 26 27 29 30 33 34 35 37 38 39 41 42 43 44 45 46 48 49 50 51 52 53 54 55 56 60 61 63 65 66 68 71 72 73 75 76 78 79 80 84 87 88 89 90 92 93 94 97 98 99 100 101 102 103 
78 1 2 3 4 6 7 8 10 11 13 14 15 16 17 18 19 20 21 22 23 25 27 28 29 30 31 34 35 36 37 38 39 40 41 42 45 46 47 48 49 50 51 52 54 55 56 57 58 61 62 63 64 65 66 69 70 71 72 73 74 75 76 77 78 82 83 85 87 88 89 91 92 93 94 99 100 101 103 
81 2 3 4 5 6 7 9 12 13 14 17 18 19 21 24 25 26 27 28 29 30 31 32 33 35 36 37 38 39 41 42 43 44 45 46 47 48 50 51 52 53 55 56 57 59 60 62 63 64 65 66 67 68 69 71 73 74 75 76 77 78 79 80 81 83 84 86 87 90 91 93 94 95 96 97 98 99 100 102 103 104 
72 1 2 3 4 5 6 7 13 14 16 17 20 21 22 23 24 25 26 27 28 29 30 31 33 34 35 36 39 40 41 42 43 45 46 47 48 49 50 52 53 55 56 57 59 61 62 64 65 66 67 69 70 71 73 74 76 77 78 79 81 83 84 87 88 93 95 96 97 99 100 103 104 
84 0 1 2 3 4 5 6 7 8 9 10 12 14 15 16 17 18 21 22 23 24 25 26 27 28 29 30 31 32 33 34 36 37 39 40 41 42 44 45 46 47 48 49 50 51 52 53 54 55 56 58 59 61 62 63 64 65 66 67 68 70 71 72 74 76 77 79 80 82 83 84 86 87 89 90 93 94 95 96 97 99 101 103 104 
79 1 2 3 4 8 9 10 11 13 14 15 18 19 21 22 24 25 29 30 31 32 33 35 36 38 40 41 42 43 44 45 46 47 48 51 52 53 54 55 56 57 59 60 61 63 66 67 68 70 71 72 74 75 76 77 78 80 81 82 83 84 86 87 88 89 90 91 92 93 94 95 96 97 99 100 101 102 103 104 
79 0 1 2 4 5 6 7 9 10 13 14 15 16 17 18 19 20 22 23 24 25 29 31 33 37 38 39 40 41 42 43 44 45 46 47 48 49 50 52 53 54 56 58 59 60 61 62 64 65 68 69 70 72 75 76 78 79 80 82 83 84 85 86 88 89 90 91 92 93 94 95 96 97 98 99 100 101 103 104 
79 2 3 4 5 6 7 8 11 12 14 19 20 21 22 23 24 26 27 28 29 30 31 32 33 34 35 36 37 39 40 42 43 44 45 46 47 48 49 51 52 53 54 55 56 57 58 59 60 62 64 66 68 69 71 72 73 74 76 77 78 79 80 81 84 85 86 87 88 91 92 93 94 96 97 98 100 101 102 103 
79 0 1 2 3 4 5 6 7 8 9 10 11 12 14 15 16 17 18 19 20 21 23 24 25 26 27 29 30 31 34 35 36 37 38 39 43 46 47 48 52 54 55 56 57 58 59 60 61 63 64 65 67 68 69 70 72 73 74 75 77 78 79 81 83 84 86 88 89 90 91 92 93 95 97 98 100 101 103 104 
82 0 1 2 3 4 5 6 7 8 10 11 12 13 15 16 17 18 19 20 21 23 24 25 26 27 28 29 32 33 34 35 38 39 41 42 43 44 45 46 47 48 49 50 51 52 53 54 58 59 60 62 63 64 66 67 69 70 71 72 73 76 77 78 80 81 82 83 84 86 87 89 90 91 92 93 96 99 100 101 102 103 104 
82 0 1 2 3 5 6 7 8 9 11 13 14 15 16 17 20 21 22 23 24 25 26 27 29 31 32 33 34 36 37 38 39 43 44 45 46 47 48 49 50 51 53 54 55 56 58 59 60 61 63 64 65 66 68 69 70 72 73 74 75 76 79 80 81 82 84 85 86 87 88 89 90 91 93 96 97 98 99 100 101 102 103 
85 0 2 3 4 6 7 8 9 10 11 12 14 15 16 17 18 19 20 21 22 23 24 26 27 28 29 30 31 33 34 35 36 37 38 39 40 41 42 43 44 45 46 48 51 52 53 56 57 58 59 60 61 62 63 65 66 67 68 70 72 73 75 76 77 78 79 80 81 82 83 85 86 87 88 89 91 92 93 94 97 99 100 101 103 104 
73 1 3 4 5 6 8 11 12 13 14 16 18 19 21 23 24 26 27 32 34 35 37 38 39 40 41 43 44 45 46 47 48 49 51 52 54 55 57 58 60 62 63 64 65 66 67 68 71 72 74 77 78 79 80 81 82 83 84 85 86 87 89 90 91 92 94 95 97 98 99 100 101 104 
85 1 2 3 4 5 6 8 9 10 12 13 15 17 18 19 20 22 23 24 25 26 27 28 29 30 31 32 35 36 37 38 42 43 44 45 46 47 49 50 51 52 53 54 55 56 57 58 59 61 62 65 66 67 68 70 71 72 74 75 76 77 78 79 80 81 82 84 85 86 88 90 91 92 93 94 95 96 97 98 99 100 101 102 103 104 
73 0 1 2 3 4 6 8 11 12 13 14 15 17 18 19 21 23 25 27 29 30 31 32 34 35 36 37 38 39 40 43 44 45 46 47 48 52 54 55 56 57 59 60 62 63 64 65 66 67 68 69 71 72 74 75 76 79 82 83 84 86 88 89 92 93 94 97 98 99 100 101 102 103 
73 1 2 3 4 5 6 7 8 9 12 13 14 15 16 19 22 23 25 32 34 36 39 40 42 43 44 45 48 50 51 52 55 56 58 59 61 62 63 64 65 66 68 70 71 73 74 75 76 77 78 79 81 82 83 84 85 86 88 89 90 91 92 93 94 95 96 97 98 100 101 102 103 104 
76 0 1 2 3 6 7 8 11 12 13 14 20 21 22 23 25 26 27 28 29 31 32 33 34 36 37 38 39 40 41 43 44 45 46 48 49 51 53 54 55 56 57 58 59 61 64 65 67 69 70 71 72 73 74 75 76 78 80 81 82 83 84 85 87 88 89 91 92 94 95 97 98 100 101 102 104 
81 1 2 3 5 8 9 10 11 12 13 14 15 17 18 19 20 21 22 23 24 25 27 28 30 31 32 33 35 36 39 40 41 42 43 44 45 46 47 49 51 52 53 54 56 57 58 59 60 62 63 64 65 66 68 69 70 71 72 74 76 77 78 79 80 81 82 84 85 86 89 90 93 94 95 97 98 99 101 102 103 104 
78 0 1 2 3 4 5 6 9 10 11 13 14 15 16 18 19 20 21 22 23 24 25 26 27 28 29 31 32 33 34 36 37 38 41 42 44 45 47 50 52 53 54 58 59 60 63 64 65 66 67 69 70 72 73 74 75 76 77 78 79 80 81 82 83 84 85 86 87 88 92 93 94 95 98 101 102 103 104 
79 0 2 3 4 5 6 7 8 10 12 13 14 15 16 17 20 23 24 25 26 28 29 30 31 32 33 34 37 38 39 41 43 44 45 46 47 48 49 50 52 53 54 55 58 59 60 61 62 63 64 65 66 67 68 69 70 71 72 73 75 77 78 81 83 85 87 88 89 92 93 94 95 97 98 99 100 101 102 103 
73 0 2 3 4 5 6 7 8 9 10 12 13 14 18 19 20 21 22 23 24 26 27 28 30 31 33 34 37 38 39 40 41 42 45 46 47 49 51 52 53 54 55 56 58 59 60 61 62 63 65 66 67 68 69 71 72 74 75 83 84 85 86 87 88 89 90 92 94 96 98 99 100 101 
70 0 1 5 6 8 9 12 13 14 15 16 17 18 19 20 21 22 23 25 27 30 34 36 37 38 40 41 42 43 46 47 50 51 52 54 55 58 60 61 63 65 66 67 69 70 71 74 75 76 77 78 79 81 82 83 85 86 88 89 91 92 93 94 95 96 97 99 100 101 102 
71 0 1 2 4 5 7 8 10 12 13 14 15 17 18 19 25 31 32 33 34 35 37 39 40 42 43 44 45 46 47 51 53 54 55 57 58 60 61 62 63 65 66 67 68 69 71 72 73 75 77 78 79 80 82 84 85 86 87 88 90 91 92 93 96 97 98 99 100 101 102 103 
80 0 1 2 3 4 5 6 7 8 9 10 11 12 14 15 16 17 18 20 21 22 23 24 27 28 29 30 31 32 35 36 37 38 39 40 45 46 47 48 50 51 52 55 56 57 58 61 62 63 64 65 66 67 68 69 70 73 75 76 77 78 80 81 83 84 86 88 89 91 92 93 94 96 97 98 99 100 101 103 104 
70 1 2 3 4 5 6 7 8 10 11 12 13 14 15 17 19 21 22 26 27 28 29 30 31 33 34 35 37 38 39 42 43 44 45 46 48 49 50 52 55 56 58 59 61 62 64 66 67 72 73 75 76 77 78 79 80 82 86 87 90 92 93 94 98 99 100 101 102 103 104 
84 0 1 3 5 6 7 8 9 10 11 13 14 15 16 17 19 20 21 22 23 24 25 26 27 28 29 30 31 32 33 34 35 36 37 38 41 42 43 45 46 47 48 49 50 51 53 54 55 56 58 59 60 62 65 66 67 68 69 70 71 72 73 74 77 78 79 80 81 82 83 85 86 87 88 89 90 91 92 94 95 96 97 99 104 
80 2 3 5 6 7 8 9 10 11 13 14 15 16 17 18 19 21 22 23 24 26 27 30 32 33 34 35 36 38 39 40 42 43 45 47 48 50 51 52 54 55 57 58 59 60 62 63 64 65 66 67 68 69 70 72 73 74 77 78 79 80 82 83 85 87 89 90 91 92 94 95 96 97 98 99 100 101 102 103 104 
76 0 1 3 5 8 9 10 11 12 13 14 15 16 17 18 19 20 21 22 24 25 26 27 28 31 32 35 37 38 39 40 43 44 45 47 48 49 50 51 52 53 55 56 57 58 59 60 63 65 66 67 68 69 71 72 73 75 76 77 79 80 81 86 88 89 90 91 92 93 96 97 98 99 100 101 103 
78 0 1 3 4 5 6 8 9 10 11 12 13 14 16 17 19 20 22 23 24 25 26 27 30 31 32 33 35 37 38 39 40 41 42 43 44 45 46 47 48 49 51 52 53 54 55 56 57 58 59 60 61 62 63 65 67 71 72 75 76 77 78 79 80 83 84 85 90 92 94 95 96 97 98 99 100 103 104 
79 1 3 4 5 6 7 8 9 10 13 14 17 18 19 20 21 22 23 24 25 26 27 28 29 30 31 32 34 36 37 38 39 40 42 43 44 47 48 49 51 52 53 54 55 56 57 58 60 62 63 64 70 71 73 74 75 76 77 78 79 80 81 82 84 85 86 90 91 92 94 95 96 97 98 99 100 101 103 104 
80 1 2 3 5 6 7 8 9 10 11 12 13 14 15 16 17 19 20 21 22 24 25 26 27 29 31 32 33 35 37 38 39 40 42 43 45 47 48 50 51 53 54 55 56 57 58 59 61 62 63 69 70 71 72 75 76 78 79 80 82 83 84 85 86 87 88 89 90 91 92 93 95 96 98 99 100 101 102 103 104 
86 0 1 2 3 4 6 7 8 9 10 11 12 13 15 16 17 19 20 21 22 23 24 26 27 28 29 30 31 32 33 34 35 36 37 38 39 40 42 43 44 45 46 47 48 49 50 52 55 56 57 58 60 61 62 63 64 66 67 68 69 70 71 72 73 75 76 80 82 83 84 85 87 88 90 91 92 93 94 95 96 99 100 101 102 103 104 
76 0 1 2 3 4 5 6 8 9 10 12 13 15 17 18 19 20 22 23 24 25 26 29 30 31 33 34 35 37 39 41 43 46 47 48 49 51 52 53 54 55 58 59 60 61 63 64 65 66 67 68 69 70 71 73 75 77 78 79 81 82 84 86 87 88 89 90 91 92 94 95 96 100 102 103 104 
79 0 3 6 7 8 9 11 13 15 16 17 18 19 20 21 22 23 24 25 26 27 30 32 33 34 35 38 39 40 41 42 43 44 45 46 48 49 50 53 54 55 56 58 60 61 63 64 65 67 68 69 70 71 74 75 76 77 78 79 80 81 82 84 85 87 88 89 90 92 93 94 95 96 99 100 101 102 103 104 
84 2 3 4 5 6 7 9 10 11 12 14 15 16 17 18 19 21 22 23 24 25 26 27 28 29 30 31 32 33 34 36 37 38 39 40 41 42 43 44 45 46 47 49 50 51 52 53 54 55 56 57 58 60 61 62 63 66 67 69 70 71 72 75 76 80 81 82 83 87 88 89 90 91 92 93 95 96 97 98 99 101 102 103 104 
81 0 1 2 3 4 5 7 9 10 11 12 14 15 16 17 18 19 20 21 22 23 24 25 26 27 28 29 30 31 32 34 35 36 37 38 39 41 43 44 47 48 49 50 51 52 53 54 57 58 60 62 64 66 67 68 69 70 73 76 81 82 83 84 85 86 87 88 90 91 92 93 94 95 96 97 99 100 101 102 103 104 
81 0 2 3 5 7 8 9 13 14 16 18 20 22 23 24 25 26 27 29 30 31 32 34 35 36 37 39 41 42 43 44 45 46 47 48 49 50 52 53 54 56 57 58 59 60 61 62 64 65 66 67 68 69 70 71 73 74 75 78 79 80 81 82 83 85 86 88 89 90 91 92 93 94 95 97 99 100 101 102 103 104 
78 0 2 3 4 6 7 8 10 11 12 13 14 15 16 17 18 19 21 22 23 24 27 29 30 31 32 33 34 35 36 38 39 41 42 44 45 46 47 48 49 51 52 53 54 56 57 58 60 61 62 63 64 65 68 69 70 71 73 74 75 76 79 80 84 85 86 87 88 90 92 93 94 95 98 99 100 101 103 
82 0 1 2 3 4 6 7 9 10 11 12 14 15 17 18 19 20 22 23 24 25 27 28 30 32 33 34 36 37 38 39 40 42 43 44 47 48 49 50 51 53 54 55 56 57 59 61 62 63 65 66 67 69 70 71 72 73 74 75 76 77 79 81 82 84 85 86 87 88 89 90 91 92 94 95 96 98 99 100 101 103 104 
