70:35
20 4 5 6 8 10 11 12 13 14 15 16 18 19 20 21 25 27 29 32 33 
18 0 2 3 6 7 8 11 15 17 19 21 22 24 26 30 32 33 34 
22 0 1 4 5 6 8 9 11 14 15 17 18 19 20 23 24 25 27 29 31 32 33 
17 0 2 3 4 9 13 14 15 17 21 23 27 29 30 31 33 34 
19 1 3 5 6 7 8 9 11 16 17 18 19 20 22 23 25 26 27 34 
15 0 2 5 6 8 9 12 13 16 19 28 29 32 33 34 
18 0 3 7 8 10 12 13 14 17 18 24 26 28 29 30 31 33 34 
18 1 2 3 4 5 6 7 8 12 14 15 19 20 23 25 30 32 33 
18 0 1 2 4 6 7 9 10 11 12 13 14 16 18 19 24 27 31 
17 0 1 2 3 4 11 15 17 18 19 21 27 28 29 30 33 34 
11 5 6 7 8 9 13 16 21 26 33 34 
18 0 6 7 8 10 11 14 17 18 20 21 25 26 27 28 31 32 33 
19 2 3 4 5 6 9 11 15 16 18 20 22 26 27 29 30 32 33 34 
17 0 2 3 4 5 8 10 11 15 16 17 18 22 25 29 31 34 
17 0 1 5 7 8 11 16 19 21 22 23 25 28 30 31 32 34 
14 1 2 6 12 13 15 19 21 24 25 28 30 32 33 
18 1 4 5 6 10 11 13 18 20 22 24 25 26 27 28 29 31 33 
17 2 4 6 10 11 13 15 16 17 19 21 22 26 28 31 32 34 
14 3 4 5 10 11 14 15 16 17 18 22 23 24 33 
20 0 2 4 5 6 11 12 14 16 17 18 23 26 27 28 29 31 32 33 34 
23 0 1 2 3 4 5 6 7 8 11 12 13 14 15 16 17 23 25 26 27 28 29 33 
20 1 3 6 8 10 11 14 15 16 18 20 21 24 25 26 27 29 30 33 34 
19 0 2 3 4 6 7 9 10 12 13 15 17 19 25 27 28 29 30 31 
21 1 2 3 4 5 12 13 14 15 17 18 21 22 23 24 28 29 30 31 33 34 
15 1 5 8 10 12 13 14 16 18 22 24 26 28 31 32 
19 0 1 2 5 8 9 11 12 13 15 16 17 18 21 22 23 24 26 32 
19 2 3 4 5 10 12 14 15 16 17 18 19 22 25 26 28 29 31 32 
19 0 1 2 4 5 6 7 8 11 13 15 19 21 23 24 30 31 32 34 
16 2 3 4 13 14 15 17 19 21 22 23 24 28 29 32 33 
18 3 4 5 7 9 11 17 18 19 23 24 25 26 27 28 29 30 34 
28 0 1 2 4 5 6 7 8 9 10 11 12 13 14 15 16 17 18 19 20 21 22 25 27 28 30 32 34 
12 0 4 7 9 10 11 12 21 26 29 30 31 
16 3 8 9 10 12 13 17 18 22 23 25 28 29 30 31 34 
15 0 3 7 10 13 16 19 23 25 26 27 28 29 30 31 
18 0 2 5 7 9 10 11 12 13 14 22 25 26 27 28 29 33 34 
18 0 1 2 5 7 10 11 12 13 15 17 18 20 26 27 29 31 33 
14 0 1 2 5 7 13 16 17 22 23 24 28 30 32 
17 0 2 3 4 5 8 9 15 17 23 24 25 27 29 32 33 34 
12 0 3 5 10 11 12 15 16 21 22 31 34 
21 0 2 3 4 7 8 9 10 11 14 18 20 22 23 24 25 27 29 31 32 34 
15 0 2 7 8 11 13 14 15 20 22 27 29 30 31 32 
17 0 1 6 8 10 11 12 13 16 18 19 25 26 28 32 33 34 
14 1 2 4 8 9 10 13 16 19 20 24 26 30 34 
16 1 2 3 5 7 9 10 14 16 17 18 22 25 27 29 34 
15 0 1 2 4 10 11 13 16 20 25 26 29 30 31 32 
23 0 1 3 5 6 7 10 13 14 17 18 19 20 21 23 24 26 27 28 30 31 32 34 
18 0 2 5 7 9 11 13 16 17 19 20 21 24 25 29 32 33 34 
19 0 1 2 3 4 5 6 8 9 10 18 20 22 24 27 29 30 31 32 
19 1 3 4 5 7 9 11 12 17 18 19 22 25 26 29 30 31 32 33 
19 1 2 7 9 10 13 14 15 16 18 21 22 24 25 27 28 29 32 33 
16 0 2 3 5 6 7 11 12 13 14 16 23 24 27 28 31 
19 0 2 5 6 8 10 11 13 16 18 19 20 21 22 23 24 25 31 32 
18 0 2 3 6 11 15 17 18 19 22 23 24 28 30 31 32 33 34 
14 0 1 5 7 8 11 16 17 23 25 29 30 32 33 
16 2 3 5 7 12 13 14 15 17 19 21 26 27 29 30 34 
20 0 4 6 8 10 13 14 16 19 20 21 22 24 25 27 29 30 31 32 33 
22 0 2 3 4 6 10 11 12 15 16 17 18 19 20 21 23 24 25 27 30 33 34 
20 1 5 6 7 10 12 13 14 15 18 19 23 24 25 26 27 28 30 31 32 
17 1 3 6 11 13 16 17 19 21 24 25 26 27 28 30 31 32 
19 0 2 9 11 18 19 20 22 23 24 25 26 27 28 29 30 31 33 34 
16 1 2 6 8 9 14 15 17 18 19 20 22 27 31 32 33 
16 2 5 9 10 12 14 15 21 22 23 24 25 26 28 29 32 
21 0 1 2 3 4 5 7 9 10 13 14 15 16 20 24 25 26 27 28 29 32 
22 0 1 2 3 5 8 9 10 13 14 15 16 17 18 19 20 21 26 27 28 29 33 
17 3 5 6 7 9 12 16 17 18 22 23 24 25 26 28 29 33 
21 4 5 6 7 9 10 11 12 13 14 15 16 17 18 19 20 23 30 31 33 34 
17 1 2 4 6 7 11 13 14 15 17 22 23 25 30 31 32 34 
22 0 1 4 5 6 7 8 9 10 11 13 14 15 16 17 22 24 25 28 29 30 34 
19 2 7 9 11 12 13 15 16 17 18 19 21 23 25 26 27 29 30 31 
19 1 3 4 5 6 7 10 13 16 17 21 25 26 27 28 30 31 32 33 
