70:35
11 2 3 10 16 17 18 22 23 24 30 33 
13 0 1 2 13 14 15 19 20 25 29 30 32 34 
8 1 3 6 22 23 25 30 31 
11 0 1 8 12 16 24 27 28 31 32 33 
14 0 3 4 5 8 9 17 20 24 25 26 27 29 32 
9 0 3 8 16 17 20 26 30 32 
5 6 13 22 24 34 
7 1 2 10 11 24 26 30 
11 0 2 4 7 10 14 22 27 28 29 33 
12 13 14 18 20 22 23 25 26 27 30 32 34 
12 3 4 5 8 10 11 14 15 18 24 26 34 
7 9 10 17 20 24 27 30 
3 11 27 30 
6 2 15 16 21 25 33 
6 1 5 14 21 22 33 
10 1 2 3 8 13 18 19 20 24 27 
8 2 3 4 5 13 18 30 33 
5 17 20 21 32 34 
8 1 7 15 17 20 27 30 34 
14 2 3 4 5 12 13 16 17 20 21 22 23 25 32 
10 3 8 12 13 14 16 17 26 29 33 
11 4 9 12 13 17 18 27 30 31 33 34 
10 7 8 16 21 23 25 26 28 30 32 
7 2 6 8 11 15 25 31 
12 1 2 4 9 10 14 17 22 24 27 30 33 
6 4 5 8 17 24 34 
5 7 8 12 22 24 
8 1 4 6 7 20 25 26 31 
9 8 11 13 14 16 20 25 27 29 
10 1 2 6 8 9 13 20 23 27 28 
8 1 3 4 7 11 18 20 25 
7 9 13 20 23 25 27 30 
11 1 6 9 11 13 17 21 22 26 28 32 
13 0 1 5 10 11 15 16 17 19 22 25 26 34 
8 0 4 6 10 14 21 27 30 
6 6 11 17 21 25 34 
11 3 7 9 10 11 13 15 22 28 33 34 
8 9 13 14 15 20 21 27 33 
8 1 13 18 19 20 25 30 34 
7 7 9 18 21 25 29 31 
10 0 3 8 12 15 22 26 32 33 34 
9 0 10 17 19 22 26 29 31 34 
8 3 6 7 9 17 19 31 33 
10 0 1 10 11 13 14 15 30 32 34 
2 12 34 
8 9 10 11 13 20 21 32 33 
9 3 5 7 13 15 22 24 30 33 
12 1 4 8 11 13 15 18 20 22 23 26 31 
10 3 8 11 13 15 17 21 23 26 29 
7 9 16 17 24 27 29 30 
8 7 10 11 16 18 24 32 34 
8 2 6 8 13 14 21 27 32 
10 4 5 6 7 10 12 14 17 18 23 
11 2 6 13 14 16 17 19 20 28 31 34 
11 2 11 12 13 15 16 21 22 25 29 34 
9 6 7 13 20 25 26 27 31 33 
7 0 9 12 14 26 29 34 
13 0 2 5 7 9 10 11 12 16 20 25 31 32 
12 1 5 6 8 10 14 17 26 28 29 30 33 
4 12 16 17 34 
11 1 6 7 8 15 21 22 23 24 29 31 
9 3 7 8 9 11 16 22 24 25 
10 4 8 9 10 12 13 16 25 31 34 
6 1 20 21 26 31 32 
13 1 3 4 11 15 19 21 23 25 27 28 29 30 
7 2 3 16 19 20 23 26 
9 3 7 11 19 20 26 29 30 34 
8 1 2 3 8 14 20 21 29 
8 0 5 9 12 13 16 22 32 
10 5 6 8 9 10 13 16 21 28 31 
