70:105
29 7 8 15 19 23 26 27 30 31 32 40 41 42 47 49 53 61 64 66 70 73 81 84 85 87 91 98 99 101 
24 2 8 9 11 13 17 22 25 27 31 34 50 51 61 63 64 66 68 71 81 87 92 95 101 
24 2 10 12 13 17 28 29 33 35 39 45 49 52 54 56 74 79 86 89 94 97 98 99 104 
30 6 8 14 16 19 27 29 30 32 38 48 51 55 58 60 61 63 69 70 72 74 86 89 90 92 93 94 95 100 103 
32 0 6 7 9 14 17 20 24 25 26 28 29 31 34 36 38 45 46 48 51 54 57 61 68 70 73 78 84 88 92 94 97 
34 1 2 3 7 9 10 11 19 31 35 44 48 51 54 56 58 63 66 67 72 75 77 78 80 82 84 85 86 90 92 93 100 102 104 
29 2 5 8 11 14 15 18 22 29 31 35 37 43 44 46 47 50 51 55 65 68 69 76 77 87 89 93 98 104 
24 4 10 12 15 18 19 25 34 39 40 41 42 43 52 53 60 63 66 72 83 85 89 92 99 
30 2 4 5 16 17 21 24 26 31 32 38 40 47 48 53 60 62 72 74 78 81 83 84 88 92 93 97 98 101 102 
23 0 3 10 13 19 20 23 25 27 36 42 48 51 52 53 55 60 61 62 69 75 84 99 
22 3 5 7 14 16 20 21 34 41 47 53 58 64 66 74 76 83 94 97 99 100 103 
26 3 7 14 18 25 26 29 30 31 41 43 50 51 53 55 56 57 60 63 68 72 74 75 87 96 102 
20 0 12 15 26 28 31 34 47 56 59 60 68 72 73 77 85 87 100 102 103 
29 2 6 9 14 24 25 31 32 38 42 44 48 53 54 55 60 67 71 73 77 81 84 88 90 91 92 93 102 104 
25 13 15 18 30 35 42 43 46 47 52 54 55 57 58 61 72 77 85 88 90 91 99 100 102 103 
29 0 3 8 9 21 23 25 26 28 29 32 36 37 41 45 47 55 67 69 71 72 73 79 85 87 96 97 102 104 
27 4 9 10 13 14 20 23 24 27 29 30 31 34 38 41 42 45 47 54 62 63 65 72 83 87 88 90 
27 2 6 8 12 16 17 20 22 24 27 34 37 45 50 53 57 62 65 66 70 83 84 85 89 90 92 103 
29 1 2 3 8 9 13 20 21 27 28 39 44 46 48 54 59 67 78 80 82 83 84 85 89 90 93 95 96 100 
27 2 11 12 15 18 20 21 26 30 36 37 39 41 42 47 51 53 54 59 64 74 81 87 88 90 91 97 
28 2 6 8 14 15 16 17 22 34 35 37 41 44 47 52 54 55 61 63 66 70 78 80 85 87 89 98 101 
29 1 3 4 5 8 11 12 15 20 28 32 35 36 38 39 46 61 64 69 75 78 79 80 83 85 88 89 96 102 
24 8 13 17 23 25 28 30 32 39 44 46 50 52 69 72 74 75 76 79 80 81 88 89 99 
29 2 5 17 22 23 24 28 29 31 35 43 45 47 51 52 54 55 56 59 64 71 75 78 79 82 84 87 91 99 
23 10 25 29 31 34 44 46 48 50 52 53 56 57 58 69 74 80 83 87 91 92 95 98 
34 2 4 5 9 11 14 20 21 24 28 33 36 45 47 53 54 57 58 61 63 65 70 73 76 77 81 82 83 84 89 91 92 98 102 
22 1 5 10 19 21 23 24 26 32 40 49 51 60 64 66 73 75 76 83 88 90 96 
35 4 7 12 20 21 22 23 27 30 31 35 38 39 48 51 52 54 57 70 73 77 79 80 81 82 83 84 90 93 95 98 99 101 102 104 
22 2 5 7 19 27 34 41 43 45 51 55 62 64 65 68 73 76 77 84 101 103 104 
30 0 5 7 11 17 20 22 29 31 36 37 41 42 44 46 48 49 50 51 53 55 57 60 61 64 67 73 82 84 97 
25 3 4 8 19 22 26 27 28 29 30 33 36 39 46 52 63 64 69 77 88 89 91 95 97 102 
25 0 3 5 10 12 13 15 18 21 25 26 29 30 32 40 61 68 70 77 79 84 93 97 99 100 
27 0 1 2 8 9 14 15 16 19 21 22 31 40 50 51 53 58 63 67 73 75 76 82 84 88 89 90 
26 0 1 9 12 15 16 18 25 27 50 54 61 62 68 69 73 76 77 78 79 89 90 93 96 102 104 
34 1 9 11 14 15 20 25 28 32 37 39 41 42 45 49 53 56 57 58 60 61 62 63 67 70 71 77 80 81 88 89 92 103 104 
29 0 3 5 6 18 28 39 41 43 44 46 48 52 53 58 59 60 64 69 74 79 81 85 87 90 94 98 101 103 
24 3 4 12 17 18 20 26 37 51 52 56 60 64 69 71 72 74 84 88 91 94 96 97 98 
26 5 6 13 16 18 26 28 31 33 39 51 54 56 57 65 67 74 75 78 79 83 93 97 99 100 101 
27 8 9 14 15 24 27 29 37 38 41 42 43 45 49 53 56 57 60 63 68 70 73 77 79 80 82 84 
18 1 12 38 44 51 57 64 69 70 73 77 81 84 88 90 96 98 103 
33 0 6 17 24 29 32 33 37 39 43 44 45 50 51 58 61 62 64 65 66 67 68 69 70 74 75 79 80 81 82 89 92 96 
34 2 5 8 10 11 13 20 24 28 30 33 34 36 41 43 44 48 51 52 53 58 59 61 66 69 72 73 77 78 86 88 89 93 98 
22 1 5 18 29 34 37 50 56 57 58 60 62 66 79 85 88 90 94 99 100 101 102 
38 4 7 11 12 19 21 23 25 26 28 31 32 35 36 38 39 40 42 47 50 51 53 54 55 56 57 63 66 67 68 70 79 81 82 83 84 86 100 
34 4 6 7 9 10 15 16 24 26 30 34 35 37 38 45 48 49 52 55 56 59 60 63 65 66 68 74 76 79 86 87 88 91 104 
41 2 3 4 5 6 9 11 12 14 15 16 22 23 26 27 28 30 33 38 48 52 56 57 59 60 61 65 73 76 80 82 84 85 86 87 88 89 92 96 98 103 
29 3 5 8 10 13 18 23 27 37 42 44 50 51 54 55 58 68 69 72 73 75 79 80 87 95 96 97 98 102 
23 3 4 7 8 9 25 31 32 33 35 38 39 41 42 47 59 60 84 88 90 97 98 99 
26 1 2 5 6 11 30 31 39 42 43 48 57 61 65 67 69 70 71 74 75 83 88 93 96 101 102 
28 0 1 2 10 12 13 17 27 37 38 39 45 48 49 52 53 60 64 65 68 75 80 83 86 87 99 100 104 
27 3 6 7 16 21 24 31 40 41 42 45 53 56 62 63 68 71 77 78 83 88 89 91 94 96 98 104 
19 0 4 5 9 15 16 20 21 24 31 35 43 46 55 56 62 95 96 99 
22 4 6 7 12 13 18 28 29 30 38 40 46 50 66 70 72 82 86 89 90 94 99 
31 8 10 11 22 24 25 29 30 35 44 45 46 49 50 51 53 59 63 72 74 75 79 81 82 84 85 86 93 94 98 100 
29 13 14 15 17 18 19 20 29 31 34 35 36 40 46 49 51 56 58 67 74 76 77 79 80 85 87 92 95 98 
28 0 1 3 11 14 23 25 28 30 31 38 40 48 49 63 65 70 76 77 78 79 80 83 98 100 102 103 104 
24 2 3 5 6 8 9 12 16 22 26 29 35 42 44 45 49 53 61 62 63 68 69 73 85 
30 2 7 20 21 32 34 37 41 42 47 49 51 55 56 64 65 66 68 70 72 78 81 86 89 90 93 94 96 98 101 
25 2 10 11 12 15 17 19 22 26 30 33 35 48 56 59 64 65 74 77 78 88 91 93 96 97 
33 1 4 5 6 10 11 14 15 17 21 31 32 33 35 40 47 48 49 52 58 62 64 68 70 74 75 78 84 87 88 98 102 103 
28 0 1 2 5 7 12 20 21 30 31 35 40 42 43 46 50 53 54 55 60 64 66 70 73 76 80 85 102 
26 3 5 6 10 11 15 19 25 28 38 41 44 48 53 62 66 70 76 79 81 84 91 92 95 100 102 
31 1 6 8 13 16 19 27 35 36 37 40 42 46 55 56 57 58 62 64 65 79 83 84 86 87 89 91 93 96 102 103 
24 6 7 9 11 12 24 29 35 37 40 45 50 55 58 64 67 69 73 75 76 77 82 87 92 
29 2 4 7 8 9 11 13 16 21 22 23 29 37 45 46 48 49 52 58 70 72 74 78 87 88 92 93 95 104 
23 3 7 9 20 21 23 25 27 35 36 37 41 45 55 56 58 77 83 86 92 93 99 101 
24 4 7 9 11 12 14 16 17 23 31 33 39 47 49 51 53 54 55 67 74 79 93 103 104 
25 8 10 14 16 17 22 28 30 34 35 37 46 55 58 61 64 68 69 78 88 92 93 94 95 99 
29 1 8 16 19 22 24 25 29 32 36 39 46 48 50 53 54 55 64 66 67 70 72 80 83 86 88 94 96 97 
23 4 18 24 29 34 36 38 39 46 49 53 57 62 70 72 73 74 79 82 86 88 94 100 
