70:70
22 0 1 7 11 12 13 14 16 18 27 28 33 35 38 43 45 50 51 52 61 64 69 
21 5 9 10 11 13 17 21 24 29 30 34 35 41 52 55 57 58 61 66 68 69 
14 2 6 15 17 20 35 39 44 50 55 56 59 65 67 
19 2 3 8 9 10 11 15 17 20 22 24 31 34 42 45 52 55 58 66 
11 6 7 11 16 19 20 25 48 54 58 65 
15 0 5 8 10 11 20 37 41 47 48 54 57 62 63 68 
15 10 12 13 21 25 27 32 34 42 45 53 55 58 64 67 
22 4 5 11 12 14 18 21 24 29 36 37 38 40 43 45 46 50 51 57 60 64 67 
20 2 4 7 16 22 23 30 34 36 40 41 42 48 53 54 57 61 62 65 66 
15 6 12 16 19 38 39 43 45 47 48 49 55 59 64 65 
26 6 7 10 11 15 23 29 30 31 34 35 37 39 45 46 47 49 53 57 58 59 60 61 62 64 65 
21 1 2 3 6 7 10 11 12 14 15 18 24 26 27 28 34 37 39 46 48 60 
19 0 2 15 17 19 24 26 27 29 42 43 49 50 55 56 57 58 60 68 
15 2 6 12 14 18 22 24 25 28 35 44 50 52 55 62 
17 2 3 4 11 12 22 28 33 35 38 47 49 51 56 57 58 59 
16 1 2 3 4 16 21 22 25 27 31 37 41 48 50 54 59 
10 3 4 29 36 42 48 49 58 66 68 
17 11 12 17 18 19 30 40 41 42 43 48 55 57 63 64 65 67 
15 4 21 25 26 27 28 31 33 46 51 54 57 58 67 69 
16 4 7 23 25 26 28 30 32 35 37 41 43 55 58 61 62 
12 0 2 8 10 14 15 16 19 40 51 52 58 
26 0 1 2 10 13 21 22 26 28 29 31 36 37 39 45 46 47 50 53 54 56 59 61 62 67 69 
20 14 16 17 18 20 26 27 29 30 31 34 36 38 39 42 45 56 57 59 60 
17 5 6 16 18 21 24 29 30 35 41 42 47 50 55 56 59 67 
15 9 20 26 35 40 45 48 51 55 58 59 63 65 66 68 
18 1 4 5 11 21 23 28 33 36 43 47 48 50 55 57 63 64 68 
20 0 3 9 10 20 21 27 33 34 37 40 41 45 46 50 55 60 61 63 64 
17 3 6 8 10 11 13 25 27 32 33 41 44 46 50 54 56 65 
19 1 6 8 19 22 24 25 27 33 34 40 44 46 48 50 61 64 66 67 
17 0 1 6 9 10 15 16 20 25 27 28 31 33 35 41 45 49 
21 3 6 11 17 26 29 30 32 33 34 37 39 41 42 43 44 52 58 60 63 67 
21 0 3 10 11 16 20 25 28 31 35 37 41 42 43 46 54 58 60 61 62 67 
23 0 3 5 6 17 23 24 25 33 36 39 45 47 48 49 51 53 61 62 63 64 68 69 
18 1 3 5 6 13 16 17 21 25 37 41 43 46 49 57 66 67 69 
20 0 4 7 8 9 21 23 25 27 30 34 39 41 45 52 53 57 61 62 65 
23 1 11 13 15 18 20 21 23 30 31 35 36 38 40 41 44 45 47 57 60 63 66 68 
12 1 7 16 26 27 34 35 38 40 49 53 60 
15 1 3 8 9 12 17 18 21 25 28 30 36 44 49 55 
14 6 8 11 18 19 25 27 33 48 49 54 62 65 66 
19 0 8 13 14 22 28 30 38 43 44 48 50 53 58 59 60 63 64 69 
15 3 15 19 24 30 32 34 35 42 45 48 51 56 57 68 
16 8 13 14 15 16 17 23 33 37 40 46 48 52 59 62 69 
18 10 11 12 13 15 17 21 25 26 29 30 34 51 56 62 65 67 69 
7 12 24 35 44 45 51 52 
15 7 8 10 14 20 25 29 34 40 44 52 54 62 63 65 
21 2 3 6 10 11 12 13 16 20 22 23 24 29 30 33 34 43 44 45 47 65 
16 0 1 6 17 20 22 26 28 30 34 39 40 58 62 64 69 
16 10 13 14 15 22 25 26 31 33 34 39 40 51 59 61 63 
17 0 2 10 17 26 34 38 39 42 46 49 51 54 57 60 61 65 
14 4 6 12 15 16 17 28 30 32 35 56 57 62 69 
18 3 5 11 15 22 23 24 34 38 45 47 49 53 57 59 62 64 65 
21 0 4 8 10 11 15 20 21 22 23 25 27 29 39 42 50 53 57 58 59 62 
13 2 8 11 23 25 26 32 44 45 63 65 68 69 
14 7 12 13 19 25 27 37 46 48 49 50 60 62 63 
13 1 2 17 18 25 34 45 46 48 50 55 63 66 
17 2 10 14 18 20 27 28 29 35 39 41 50 52 63 66 67 69 
15 0 2 3 4 12 25 28 29 42 56 59 63 64 66 68 
13 0 1 12 22 24 27 28 31 36 44 49 57 58 
21 3 4 8 9 10 15 18 24 34 35 38 41 42 43 51 60 63 65 66 67 69 
18 2 5 7 8 15 17 31 33 36 39 41 42 44 55 56 60 62 66 
17 0 5 6 7 9 18 29 34 35 39 41 49 50 53 55 58 63 
17 13 16 20 21 26 33 34 35 43 45 50 53 56 62 64 65 68 
22 2 3 6 14 16 17 18 22 24 25 38 41 43 46 48 53 54 55 57 59 61 65 
19 10 13 16 20 22 34 36 38 41 44 45 48 50 51 53 58 60 62 68 
15 8 16 19 21 22 24 31 32 41 43 47 56 64 65 66 
18 0 3 9 10 11 18 20 24 25 30 33 37 40 48 52 60 62 68 
17 9 10 13 17 18 22 24 25 30 35 44 48 53 59 64 65 67 
25 4 6 8 11 14 18 19 23 24 28 32 34 35 36 46 48 49 53 54 56 59 61 62 66 67 
15 2 11 18 21 24 27 31 36 38 44 45 46 50 56 61 
17 9 10 14 20 23 29 35 39 40 41 46 51 54 56 57 60 64 
