70:105
50 0 1 2 3 7 9 10 12 13 15 16 17 18 19 22 25 28 30 32 33 36 37 38 39 41 42 43 44 45 46 51 52 53 54 55 57 59 64 65 71 72 73 76 78 82 84 85 91 92 99 
58 0 1 2 3 7 8 13 14 15 16 17 20 23 24 25 30 31 32 33 36 38 40 42 45 46 47 50 51 52 54 57 58 64 66 67 68 71 72 73 74 75 76 77 78 79 80 81 82 90 91 93 94 97 98 101 102 103 104 
57 0 1 6 8 9 13 14 15 18 22 23 24 25 26 27 28 29 32 34 36 43 44 46 51 52 53 54 55 56 59 61 62 63 65 66 67 69 70 71 74 79 81 82 84 86 88 90 92 93 94 97 98 99 100 101 103 104 
45 0 1 3 7 13 16 20 22 23 27 28 29 30 32 34 35 38 39 42 43 44 47 52 53 54 55 57 59 60 61 64 70 71 73 76 78 80 81 84 90 91 97 98 100 101 
51 3 6 8 10 11 13 15 16 17 18 23 24 25 26 28 29 30 33 37 46 48 49 52 53 54 56 58 59 65 67 68 69 70 71 74 75 77 78 83 87 88 90 91 93 94 95 98 99 100 101 104 
53 1 2 3 4 7 11 16 17 18 19 20 21 23 26 27 28 29 30 31 32 34 37 39 44 45 46 49 51 54 55 58 59 62 63 64 65 66 68 69 71 75 76 77 83 84 85 86 94 96 97 98 100 101 
58 1 3 7 8 10 12 13 14 15 17 20 21 22 23 27 30 33 35 37 39 40 41 43 44 45 46 47 48 51 52 53 55 57 58 61 62 65 67 68 69 70 71 72 73 76 77 79 80 83 85 86 94 95 96 97 99 101 104 
45 4 7 11 12 16 19 22 26 28 29 30 33 34 35 37 38 41 43 45 49 50 52 53 59 60 61 62 63 64 66 67 76 77 80 85 86 88 89 91 92 93 94 99 103 104 
54 0 2 5 6 7 8 10 11 13 14 15 20 21 24 26 27 33 35 36 39 40 43 46 48 51 52 53 54 55 56 61 63 64 65 68 69 71 72 75 77 78 80 81 82 83 89 91 92 93 97 98 101 102 103 
52 1 2 3 5 6 9 10 11 12 13 17 19 23 25 31 32 33 34 35 36 39 40 41 42 43 45 47 51 52 53 54 55 58 59 63 66 67 69 70 74 76 78 83 86 87 90 92 94 95 99 102 104 
53 0 1 3 4 5 6 9 15 16 19 23 25 26 27 29 31 32 33 34 36 37 39 41 42 43 44 47 48 54 55 56 57 58 64 65 67 69 72 74 76 78 80 84 88 89 90 92 93 95 97 100 101 102 
52 0 2 6 7 8 11 13 17 19 20 21 22 23 32 34 36 38 41 42 43 46 48 49 51 52 55 57 59 60 61 63 64 65 66 71 75 76 77 78 79 80 81 82 84 88 91 92 98 100 102 103 104 
52 3 8 9 11 12 13 15 16 17 18 21 22 24 27 28 29 30 33 36 38 39 41 43 44 46 47 50 51 53 55 56 58 59 62 65 66 70 74 75 79 82 84 85 87 88 91 93 95 97 98 101 104 
49 3 4 8 9 11 12 13 15 16 19 22 24 27 28 29 30 33 34 37 39 40 41 42 44 45 47 49 52 55 57 68 69 71 73 74 76 78 79 83 85 87 89 90 92 94 95 99 100 102 
52 1 2 3 6 9 10 11 15 16 17 18 21 23 26 28 29 32 34 35 37 39 41 42 43 44 45 47 50 51 57 58 59 60 62 65 67 68 71 77 81 83 85 86 89 90 92 93 94 97 98 99 102 
49 1 4 5 6 7 10 11 13 15 16 18 22 23 24 25 29 30 31 35 37 41 42 44 45 56 60 62 63 66 68 69 72 77 80 81 82 85 87 89 90 91 92 93 94 96 97 99 101 102 
48 4 5 7 10 12 13 16 23 24 30 31 32 33 34 37 42 43 44 45 46 50 55 56 62 64 65 67 68 69 71 72 76 78 81 82 83 84 85 86 87 90 91 94 95 98 99 100 102 
58 1 3 5 7 9 10 12 15 17 20 22 23 24 29 30 33 34 35 38 39 40 42 43 44 45 47 48 49 51 52 53 55 57 58 61 62 65 66 67 68 71 72 75 77 79 81 83 84 85 86 87 89 95 96 99 100 101 104 
48 1 2 3 5 9 10 12 13 17 25 26 35 38 39 42 43 47 48 49 51 52 59 61 64 66 68 69 70 71 74 76 77 83 84 86 87 90 92 93 94 95 96 97 98 99 101 103 104 
56 2 3 5 6 8 9 10 11 12 13 15 17 18 19 20 21 26 27 30 32 33 35 38 40 44 47 48 50 52 54 57 62 63 64 65 68 69 71 75 76 77 78 80 82 83 84 86 87 93 94 96 97 99 102 103 104 
52 0 1 3 5 7 11 14 17 18 20 21 22 25 26 32 34 36 41 42 44 45 46 47 48 53 54 56 58 60 61 63 67 71 72 75 76 77 78 79 81 83 84 85 87 89 90 92 94 95 97 98 99 
47 1 4 5 6 7 11 13 16 19 20 22 23 26 28 29 32 33 36 38 39 42 43 45 47 48 51 56 58 61 62 63 64 65 70 72 75 76 78 79 83 84 85 89 90 92 94 103 
50 0 1 3 5 7 16 19 22 24 26 27 28 32 33 34 36 38 41 43 45 46 47 50 51 53 54 56 60 61 63 66 67 68 69 71 74 77 80 81 82 84 85 89 93 94 95 96 97 98 101 
55 0 1 3 5 8 10 12 13 14 17 18 19 20 22 25 27 29 30 32 34 35 36 37 38 41 42 43 53 56 57 59 61 62 64 66 67 69 70 73 75 82 83 84 85 87 89 91 94 96 97 98 99 100 101 103 
58 2 3 6 7 8 9 14 15 16 17 19 20 21 22 24 25 28 29 30 34 37 38 39 40 43 44 46 49 51 53 55 56 59 62 64 66 67 69 70 71 72 74 76 78 79 81 82 84 88 89 90 91 92 93 94 100 103 104 
55 0 4 7 9 13 14 15 16 18 19 22 23 26 27 29 33 35 36 38 39 40 43 44 45 46 47 51 53 55 57 59 60 62 63 65 66 67 70 73 74 76 77 78 79 80 85 86 88 90 93 94 99 100 102 104 
51 0 7 8 10 14 16 18 20 22 24 25 27 32 33 37 38 39 42 45 46 48 50 51 52 53 58 60 65 68 69 70 71 73 74 75 76 77 78 79 82 83 84 85 86 89 91 92 93 94 96 102 
49 0 1 2 4 5 11 12 14 15 16 17 18 20 21 23 24 26 31 36 39 41 42 44 45 49 50 51 54 57 61 63 64 66 67 68 72 74 75 76 77 83 85 86 88 90 91 95 101 104 
59 1 2 3 4 5 6 7 9 10 12 14 15 17 18 21 22 23 28 30 31 33 35 36 38 39 40 41 42 43 45 48 50 51 53 54 56 57 60 62 63 64 66 67 68 71 77 78 79 80 81 82 88 89 91 96 98 100 103 104 
54 2 3 5 6 7 8 9 11 14 16 17 22 26 29 30 31 33 36 37 40 43 44 46 48 50 51 52 54 55 56 57 60 62 63 65 67 68 70 72 73 76 78 79 84 85 88 91 92 95 97 99 101 103 104 
62 0 1 2 3 8 10 11 15 16 17 19 21 22 23 25 29 30 31 32 33 34 35 37 39 43 45 46 50 51 52 53 54 55 56 57 58 59 61 63 64 65 66 68 69 70 76 77 78 80 82 83 86 87 89 92 93 96 97 99 100 102 103 
50 0 3 4 7 11 12 13 14 18 22 24 26 27 34 35 36 38 40 41 44 45 46 49 51 54 55 56 59 60 61 63 64 66 67 80 81 82 83 86 87 88 89 90 92 95 97 99 101 102 104 
54 1 2 7 8 9 12 13 14 16 19 21 22 23 24 25 27 29 33 36 37 39 40 42 45 46 48 49 50 53 54 58 59 60 61 63 64 65 67 71 72 74 76 79 80 82 85 87 88 91 92 95 100 101 102 
62 0 1 3 4 5 6 8 9 11 13 17 19 21 22 23 25 27 28 29 30 33 36 37 40 41 44 45 46 47 48 49 50 51 52 55 57 58 59 61 62 63 64 65 68 69 70 71 73 74 75 78 79 80 82 84 87 88 89 93 95 96 102 
59 0 2 3 5 6 7 13 15 16 17 19 20 22 24 27 29 30 31 34 36 38 42 43 44 45 47 49 50 52 53 56 57 59 61 62 66 67 69 71 72 73 75 77 78 79 82 86 87 88 89 90 91 92 97 98 99 100 103 104 
52 2 3 4 5 9 11 16 19 20 22 23 28 29 30 31 32 33 34 35 37 39 40 41 43 44 45 48 50 52 53 55 59 61 62 64 66 67 71 72 73 74 80 82 84 85 90 93 95 96 101 103 104 
55 0 1 2 6 8 9 11 14 17 19 20 22 23 26 29 30 33 36 37 38 39 40 41 48 49 51 52 54 57 58 61 63 65 66 68 71 73 74 76 77 78 79 80 82 83 86 87 89 91 93 98 99 100 101 103 
57 2 3 4 5 6 10 11 14 15 18 23 24 27 28 29 30 31 33 34 35 36 37 39 40 41 47 48 50 51 54 56 57 60 63 66 67 68 69 71 72 73 75 79 82 83 87 88 89 92 93 95 97 99 100 101 102 104 
51 0 2 5 10 12 13 16 17 18 19 20 22 23 24 25 29 36 38 39 40 41 42 46 48 50 52 53 55 57 60 63 66 67 68 69 71 72 75 77 78 81 82 85 86 89 90 91 96 99 103 104 
60 0 1 3 4 6 8 10 11 12 15 17 18 21 22 23 24 28 32 33 34 35 36 37 38 39 40 41 42 43 44 45 47 48 49 51 52 53 54 55 58 62 64 65 66 67 68 69 70 74 76 80 83 87 90 91 93 95 97 99 100 
53 2 7 9 10 11 14 17 20 23 24 27 28 30 31 32 33 36 38 41 42 43 45 46 48 50 51 53 57 58 59 61 62 63 65 69 70 71 73 76 78 82 87 88 90 91 92 94 97 98 99 100 102 104 
48 1 5 7 9 11 16 21 22 23 25 27 30 36 37 41 42 43 44 46 50 56 57 59 61 64 66 67 70 72 73 74 76 77 78 82 84 85 86 88 89 91 96 97 98 99 100 101 103 
52 1 2 3 5 7 12 13 14 15 16 17 20 23 26 27 28 30 31 32 33 34 36 37 40 43 49 51 53 54 58 59 61 65 66 67 68 69 70 76 77 79 81 84 87 90 91 92 97 99 100 102 103 
51 1 2 3 6 7 8 10 12 15 16 18 23 25 27 28 30 31 33 34 37 40 41 45 48 51 52 54 55 59 60 62 63 66 68 70 71 73 74 76 80 81 86 88 92 93 94 97 100 102 103 104 
65 0 3 4 5 8 13 14 15 16 17 18 19 20 21 22 25 30 31 34 35 36 39 43 44 45 47 48 49 52 53 54 55 56 57 58 59 60 61 62 63 64 65 66 67 68 69 70 73 74 75 76 79 81 83 85 87 89 90 93 94 95 97 98 99 102 
50 3 4 5 6 8 10 14 15 17 19 20 22 24 25 26 30 31 33 36 37 41 42 45 53 54 55 56 57 59 60 61 62 64 69 75 76 80 83 84 86 87 88 90 92 96 97 99 101 103 104 
52 0 2 5 6 7 9 10 11 16 17 19 22 23 24 25 27 28 29 35 40 41 42 43 44 48 51 52 53 54 55 57 60 61 64 65 66 67 68 69 71 72 74 77 78 85 87 88 90 101 102 103 104 
55 4 9 12 13 14 18 19 20 21 22 23 25 26 27 28 29 30 31 32 33 35 37 38 39 41 42 44 47 48 49 50 52 54 55 57 58 59 62 63 64 65 70 71 74 75 76 78 83 86 87 88 91 96 97 102 
43 0 1 3 4 6 7 8 11 13 17 18 19 24 25 27 28 29 32 34 36 37 42 46 47 48 53 57 58 59 62 63 65 75 83 84 86 89 90 92 93 95 99 104 
45 2 3 6 9 11 14 15 19 27 29 31 32 35 37 39 41 43 46 52 53 54 56 57 58 59 64 69 70 71 75 78 79 83 84 85 86 88 89 91 92 95 96 98 102 103 
46 2 5 8 11 12 13 16 21 23 26 28 30 33 35 37 38 40 41 42 43 45 46 52 56 58 62 63 68 71 74 75 77 78 80 82 83 84 86 90 92 95 97 100 101 103 104 
56 0 4 5 6 10 11 13 14 19 21 22 23 24 27 31 33 34 39 40 43 44 45 48 50 53 56 57 58 59 60 63 64 65 69 70 72 73 76 77 78 79 80 82 84 85 86 87 88 89 92 95 99 100 101 103 104 
49 1 3 4 6 7 10 12 14 16 17 20 22 27 28 29 30 31 32 34 37 40 41 43 45 47 53 56 57 59 61 63 66 68 71 73 79 80 83 84 87 89 92 93 95 96 97 98 99 104 
52 0 4 5 6 8 9 10 13 15 16 17 18 19 20 22 23 26 28 29 34 35 41 42 44 45 47 48 49 53 54 57 58 59 63 64 65 66 67 69 70 72 73 74 78 80 88 91 95 98 99 100 101 
63 0 1 2 3 4 5 6 7 8 9 10 11 14 17 18 19 22 24 25 26 28 29 31 32 36 38 41 44 45 46 49 50 52 53 54 55 59 61 63 64 65 66 69 70 71 72 75 76 77 78 82 88 91 93 94 95 96 97 98 99 101 103 104 
51 1 2 6 7 10 11 15 16 18 20 22 23 25 26 27 29 30 31 35 36 37 39 40 45 46 48 51 52 55 58 63 64 68 69 71 72 76 77 79 81 83 84 86 87 88 89 91 95 96 97 104 
53 1 2 4 11 12 16 19 20 24 25 26 30 31 32 33 34 35 36 42 43 44 49 53 54 55 56 59 60 62 63 64 67 70 72 76 77 78 80 81 83 85 86 87 89 90 91 92 95 97 99 100 101 103 
49 0 2 4 6 9 16 20 21 22 27 28 34 35 37 38 39 42 43 44 45 47 50 51 54 56 62 64 65 67 69 71 73 74 75 76 77 79 81 88 89 92 94 95 96 97 101 102 103 104 
48 0 4 7 8 9 10 13 15 18 19 20 24 26 30 31 32 35 36 37 42 45 46 47 48 49 52 53 54 60 64 68 70 71 75 76 77 79 82 84 87 88 89 94 95 96 97 101 103 
49 2 6 7 10 11 13 16 17 18 20 22 23 26 28 34 35 36 37 38 39 40 42 44 47 49 50 51 53 55 59 60 65 66 70 71 73 74 76 79 82 84 85 91 94 95 97 100 101 104 
49 0 1 4 7 8 9 10 11 12 13 14 16 17 23 26 29 30 36 37 38 40 42 44 45 47 49 50 51 53 55 57 60 62 69 71 75 77 78 80 83 86 89 90 91 92 96 99 101 104 
55 0 1 4 5 6 7 8 9 10 11 16 17 18 22 24 28 31 34 35 36 37 38 41 43 44 46 49 53 55 57 58 62 63 65 66 68 72 73 74 76 77 78 80 81 83 84 85 88 90 91 94 95 98 99 102 
46 0 1 2 3 8 9 10 11 12 15 16 20 23 24 29 34 35 37 38 41 42 44 45 49 50 52 53 58 61 62 66 67 68 69 70 74 77 78 83 88 89 90 91 92 95 102 
49 1 5 11 13 15 18 20 21 22 23 26 30 32 36 37 39 40 41 43 45 46 49 50 51 53 60 61 62 64 66 67 68 69 70 72 75 80 82 83 86 90 91 93 96 97 100 101 102 104 
38 2 6 7 8 10 11 16 17 18 21 26 27 30 33 35 36 37 41 44 46 47 56 59 61 66 69 72 73 76 79 83 87 92 93 94 96 101 103 
50 0 5 8 16 17 21 22 23 25 26 29 32 33 35 37 40 45 46 48 52 53 54 55 56 57 58 62 63 64 65 66 69 73 74 75 78 79 81 82 84 85 86 87 89 90 91 94 98 99 101 
54 0 2 3 4 7 11 13 15 16 17 21 23 25 28 30 32 35 36 37 39 40 42 43 45 46 48 52 54 57 59 64 65 66 69 73 74 75 76 77 78 80 81 83 86 87 90 91 93 94 95 96 99 100 102 
47 0 1 8 10 11 14 16 18 19 21 27 30 31 32 36 37 38 40 41 46 48 50 51 54 58 59 61 65 66 67 69 70 77 79 84 86 89 90 91 92 93 95 96 97 99 102 103 
49 3 4 5 6 7 11 12 15 17 20 21 22 23 24 27 29 30 31 35 41 46 49 52 54 56 59 60 65 66 68 70 72 73 74 76 77 78 79 83 85 87 90 96 97 98 99 100 103 104 
50 0 1 2 5 6 7 8 9 10 11 12 13 14 17 19 20 21 27 29 31 35 36 37 42 43 46 47 51 55 59 60 61 62 64 65 69 78 80 81 83 87 88 91 93 94 95 98 99 100 103 
