70:105
25 7 18 20 26 39 40 44 45 47 48 51 55 59 60 62 63 75 78 85 87 89 90 91 94 95 
18 2 12 15 19 31 54 60 62 68 69 83 87 89 90 92 93 98 104 
29 1 3 4 8 10 14 18 29 30 32 33 35 44 48 56 59 63 71 79 80 83 84 88 91 94 95 96 101 103 
21 15 16 20 24 31 33 35 43 48 50 51 63 70 71 79 81 85 91 95 102 103 
26 6 8 11 17 18 23 31 32 38 40 41 51 53 54 59 61 62 66 76 77 78 85 91 96 100 104 
28 5 8 11 13 15 19 21 23 27 30 31 40 41 43 46 47 59 61 65 67 72 91 93 97 98 100 101 103 
26 7 9 14 15 34 42 43 46 51 52 53 57 61 65 69 74 75 78 79 80 82 83 86 90 93 96 
31 5 8 9 11 12 13 16 19 22 23 26 28 32 39 42 45 48 50 52 59 60 66 70 75 86 87 89 90 92 99 104 
29 3 10 12 20 22 23 24 25 28 46 48 51 54 56 65 70 72 73 81 84 85 86 87 91 92 93 97 102 104 
28 4 7 9 10 15 18 19 34 36 40 47 51 54 55 61 66 70 75 77 79 80 87 88 93 96 97 98 100 
31 1 2 5 12 17 20 21 23 28 34 38 39 41 43 47 49 53 57 64 69 72 76 78 82 84 85 88 92 95 102 104 
33 2 9 14 16 18 23 24 30 31 33 34 53 55 57 58 59 61 62 63 64 65 67 71 80 81 83 86 90 93 94 97 103 104 
30 3 4 5 6 8 9 14 22 24 25 28 37 39 40 44 46 49 59 64 68 69 70 77 80 81 82 88 94 102 103 
23 3 9 11 13 14 18 21 25 33 49 52 53 55 57 61 64 65 69 70 74 77 89 104 
28 0 4 5 9 16 17 18 20 25 26 28 31 37 40 41 47 51 52 55 61 63 65 66 81 85 91 98 99 
26 1 5 6 27 29 33 35 37 38 39 42 51 52 58 59 63 67 79 82 84 85 90 92 97 98 99 
23 0 2 5 10 13 14 19 30 32 33 42 45 46 49 57 58 61 63 68 69 75 93 98 
32 2 3 6 19 24 29 30 31 32 33 34 37 41 46 60 63 65 66 70 81 85 87 91 92 94 95 96 97 100 101 103 104 
27 2 3 4 10 13 15 16 19 22 28 38 46 55 56 63 69 73 74 77 81 82 83 90 92 93 95 99 
30 2 7 14 17 18 19 20 21 22 25 39 44 45 46 47 50 53 59 63 74 79 81 83 84 92 93 94 96 98 100 
22 16 29 33 36 38 41 43 50 57 58 60 63 68 73 77 78 83 92 94 95 98 99 
29 6 7 9 10 14 15 16 17 27 28 34 42 43 46 53 60 61 64 69 76 80 83 89 90 91 92 96 98 103 
20 4 12 13 15 22 26 28 34 39 42 49 59 61 65 71 75 76 78 86 101 
23 16 17 23 28 29 36 39 43 44 48 49 55 64 66 69 71 73 74 79 87 89 93 98 
24 6 16 20 22 29 33 36 38 40 42 44 57 58 60 68 72 75 76 85 87 88 94 96 101 
33 0 5 7 9 11 21 23 24 25 38 42 43 46 50 52 55 56 60 64 67 71 74 76 79 80 83 88 94 95 98 99 102 103 
30 2 5 9 10 16 26 29 31 38 41 43 46 49 52 54 55 57 67 70 76 80 81 82 83 85 86 87 89 95 99 
24 3 4 7 19 23 24 37 49 51 52 54 55 57 61 62 65 66 68 80 83 89 91 92 94 
31 0 2 3 4 11 16 17 18 20 22 25 32 34 42 48 51 67 68 70 73 75 76 79 87 89 92 97 98 99 101 103 
34 0 1 4 8 11 14 24 25 26 27 31 33 39 40 42 45 47 48 50 53 56 57 59 62 69 83 85 87 90 93 96 97 102 103 
24 9 11 20 23 27 30 38 39 42 50 52 53 54 60 62 72 73 75 80 86 90 91 93 97 
25 2 6 7 14 17 18 24 31 34 35 37 41 46 48 50 55 66 67 68 75 76 82 85 87 104 
24 1 2 3 10 13 17 20 22 23 24 28 30 42 44 47 57 63 64 76 81 83 87 91 99 
29 2 6 7 12 15 19 22 25 32 42 43 46 52 54 57 58 71 74 76 77 79 83 84 87 88 93 95 101 103 
30 2 5 10 13 15 25 29 31 35 40 41 42 44 47 50 52 56 58 68 75 78 81 84 87 88 96 100 101 103 104 
29 1 2 4 11 12 14 17 23 25 26 27 29 36 37 49 50 56 60 62 66 69 73 74 76 79 95 101 102 103 
25 3 7 11 22 24 28 29 36 40 44 47 48 51 52 63 65 66 67 69 74 80 83 87 89 100 
21 2 3 7 15 17 32 41 51 52 58 59 65 66 68 73 75 78 83 91 102 103 
16 0 8 11 13 15 16 39 41 42 55 56 66 72 77 93 95 
28 2 3 11 12 13 15 23 27 35 37 40 52 53 56 62 63 70 74 76 78 82 83 87 91 92 96 98 103 
24 3 9 12 19 20 22 25 26 38 47 50 53 55 58 63 68 75 78 79 80 81 85 97 103 
28 5 16 18 19 32 33 34 36 38 40 45 48 49 52 59 66 69 72 74 77 80 83 85 86 87 88 90 101 
19 7 18 29 35 37 38 40 42 57 58 60 64 72 75 77 83 92 97 101 
27 2 12 14 17 18 22 24 26 29 30 32 36 42 45 47 52 55 64 65 67 68 74 79 81 93 102 104 
25 2 4 7 10 12 17 23 29 31 36 37 38 41 46 47 51 52 55 56 62 70 71 79 84 101 
28 0 5 7 9 22 26 28 34 42 43 48 52 54 60 65 66 74 75 76 77 81 82 84 89 92 93 98 104 
29 3 7 10 11 12 15 16 20 23 28 31 34 35 38 40 43 44 45 53 54 58 66 67 69 77 78 86 92 100 
30 0 3 5 6 10 11 21 22 28 30 31 32 38 39 40 43 45 47 50 51 64 65 70 72 77 78 79 80 88 93 
15 7 16 21 31 32 36 39 44 46 52 56 63 79 85 90 
22 1 2 5 21 24 32 35 42 44 47 48 53 62 64 70 71 83 87 89 99 102 104 
40 3 7 9 19 23 24 26 27 28 33 34 35 37 38 40 43 48 52 53 55 56 59 62 63 65 66 69 72 73 78 80 83 88 90 93 98 100 102 103 104 
26 1 3 4 6 9 11 15 17 26 33 37 40 44 49 59 61 62 63 65 68 69 74 75 76 82 95 
31 3 5 6 8 15 17 18 19 29 32 33 42 46 49 56 59 60 63 65 74 76 83 84 89 93 95 96 98 102 103 104 
26 5 6 7 9 16 17 18 19 22 26 30 31 32 39 41 45 46 48 49 50 60 66 72 86 90 95 
31 12 15 21 24 27 29 31 37 39 40 43 44 45 46 48 49 53 54 61 67 72 77 78 82 87 90 93 94 97 98 102 
32 2 3 9 11 12 14 16 19 27 33 34 35 38 43 48 52 58 64 68 70 71 74 80 81 83 86 87 89 92 94 95 101 
24 4 5 10 18 20 22 24 30 31 37 44 47 53 58 59 60 62 64 73 77 83 89 97 99 
25 4 5 11 19 24 26 29 34 39 41 42 49 51 55 69 72 75 77 79 80 82 83 86 94 99 
28 0 3 4 7 13 20 25 26 33 34 43 46 52 58 70 71 72 74 78 80 82 83 88 92 93 96 97 98 
22 4 9 11 13 20 23 25 41 45 51 57 65 66 75 77 78 86 88 92 96 100 101 
23 2 11 12 14 17 23 26 28 29 33 39 40 41 53 65 76 81 83 84 86 90 99 100 
32 6 8 9 10 11 16 22 25 30 33 35 38 39 40 42 45 46 53 54 56 59 64 65 66 68 73 75 82 85 88 96 100 
28 1 2 3 8 10 16 18 19 23 28 30 40 45 46 48 49 52 57 58 61 62 69 73 75 76 79 81 84 
45 0 2 4 5 11 13 15 17 18 19 23 24 27 28 35 36 37 42 43 44 46 49 54 55 58 59 60 65 67 68 70 73 77 78 81 83 86 88 89 92 94 95 97 98 103 
25 2 11 12 13 23 27 31 32 37 39 40 47 49 51 53 54 68 75 78 85 93 94 96 99 100 
27 0 1 7 9 12 16 21 28 36 41 49 52 53 61 66 67 71 75 79 86 88 89 92 95 98 100 104 
29 0 1 2 5 9 11 12 13 14 17 25 36 43 45 50 51 56 61 64 65 80 87 88 92 93 94 96 99 101 
32 2 3 7 9 10 13 19 21 22 25 26 27 28 32 37 40 48 49 55 56 59 60 61 62 63 69 71 82 86 88 91 98 
28 2 13 15 20 30 36 37 39 43 45 46 47 49 53 56 60 62 64 67 70 83 84 86 87 92 95 97 103 
25 0 5 13 31 36 37 41 44 46 50 52 53 55 59 68 69 73 78 81 83 88 93 96 99 104 
