70:105
31 8 9 14 15 18 19 20 22 24 26 35 37 38 42 44 45 48 51 57 63 70 71 73 80 86 91 92 94 96 102 104 
28 3 9 11 12 20 28 29 34 35 41 42 45 47 50 51 53 56 59 62 67 70 74 83 85 93 99 100 101 
32 3 5 10 14 15 18 22 23 25 39 40 46 49 50 52 53 57 59 63 67 69 70 71 74 77 86 91 94 98 101 102 104 
26 0 11 12 15 34 41 46 47 57 58 61 66 67 68 69 70 71 72 73 77 79 86 89 92 94 95 
24 1 4 5 6 14 15 37 44 45 49 53 54 55 58 60 63 67 70 72 77 85 86 102 103 
32 5 6 12 18 23 26 27 33 36 38 39 45 47 48 49 55 57 58 59 67 68 69 70 73 74 76 77 82 83 85 96 100 
29 0 2 3 14 16 22 27 33 39 41 43 49 52 57 63 67 71 73 76 78 79 83 88 90 92 97 98 99 100 
21 7 10 17 32 44 58 60 61 65 66 68 70 73 75 88 90 93 98 101 102 104 
18 3 5 15 23 25 26 27 33 39 48 64 69 77 81 82 90 92 99 
28 0 4 10 14 16 18 20 22 24 28 32 35 40 45 57 58 62 64 66 70 73 76 77 83 98 100 101 104 
27 0 8 11 16 18 22 28 30 32 35 43 44 48 50 51 55 57 58 63 66 68 70 72 86 90 93 101 
20 0 8 17 25 26 33 41 48 51 57 61 63 64 66 70 75 83 86 99 100 
28 6 7 8 19 20 24 27 31 33 35 38 40 45 51 56 61 65 67 69 70 74 75 76 78 79 82 85 94 
29 0 5 8 10 15 18 19 31 40 42 44 52 57 60 61 67 68 71 72 76 78 80 81 83 86 92 93 96 104 
28 1 5 6 17 21 25 31 34 36 37 44 45 46 48 50 60 64 67 71 72 74 75 77 82 85 86 90 100 
25 3 4 8 14 17 23 32 35 41 42 57 62 64 66 72 74 75 77 78 79 88 90 93 98 104 
28 1 4 5 9 10 26 28 29 33 38 40 42 44 45 56 57 62 66 69 70 77 78 79 89 93 95 101 102 
31 4 7 9 13 14 16 18 19 24 25 26 27 28 33 43 53 56 57 59 61 62 64 66 72 79 86 88 95 99 101 104 
23 1 5 16 19 40 45 46 47 50 53 54 56 64 66 71 77 92 93 94 97 98 100 104 
26 0 1 5 8 10 11 15 17 20 25 27 33 34 49 53 61 69 70 71 80 83 90 97 100 103 104 
26 4 11 12 20 31 37 45 46 47 54 55 64 66 72 76 78 83 86 87 94 99 100 101 102 103 104 
25 1 5 7 19 22 26 34 38 42 50 52 60 70 71 72 73 77 84 85 88 89 90 99 102 103 
14 4 5 15 17 39 44 57 58 63 71 81 84 86 101 
25 6 11 12 19 21 25 26 31 32 33 46 58 60 63 72 73 78 79 81 89 91 94 98 99 102 
29 3 4 6 7 8 27 29 33 34 35 38 40 42 44 47 53 54 55 60 61 63 66 69 74 78 80 87 92 98 
22 3 6 8 17 21 24 29 38 47 48 50 60 62 68 70 71 75 80 92 97 98 100 
25 5 10 12 13 14 22 29 33 39 44 46 52 60 61 69 71 72 75 76 82 84 90 96 98 104 
19 2 13 16 23 25 50 57 58 66 67 69 73 74 77 84 88 91 95 104 
23 6 19 21 23 26 32 33 35 44 48 50 57 59 63 66 67 68 79 80 83 97 98 102 
23 2 11 16 19 25 28 33 37 38 44 47 51 55 60 67 72 75 76 78 84 86 96 104 
25 0 2 7 16 23 27 29 30 36 37 42 43 44 49 54 55 56 58 62 72 79 84 85 93 103 
24 3 7 10 12 15 22 24 30 33 35 47 49 54 56 66 70 74 82 83 84 87 89 96 101 
23 0 2 13 16 25 26 28 31 32 36 50 54 59 60 62 65 66 73 75 77 80 95 100 
30 0 1 2 8 14 17 23 29 30 35 36 39 41 44 49 50 57 68 70 71 74 78 83 86 87 91 92 95 98 101 
23 1 2 4 9 10 11 13 14 17 18 19 25 35 40 44 54 61 62 72 75 94 98 103 
27 1 2 9 10 13 19 24 30 34 36 39 40 47 53 56 62 66 72 78 79 85 88 89 92 94 97 101 
22 3 13 17 20 22 26 27 30 31 34 36 40 42 51 72 76 79 84 90 94 96 104 
17 3 4 6 32 39 47 54 55 62 70 71 72 76 79 83 97 104 
25 2 10 12 14 15 17 19 22 27 29 30 31 34 54 59 61 67 73 75 86 88 92 96 97 99 
27 3 7 8 12 14 17 18 25 29 34 59 62 63 65 67 75 76 77 79 83 89 91 92 94 95 98 101 
26 1 8 9 10 15 22 23 28 30 44 47 52 57 63 69 72 75 77 83 85 86 87 88 92 96 97 
26 2 3 4 6 9 11 14 16 18 24 36 39 42 44 46 48 49 50 53 57 59 60 79 82 90 102 
23 1 6 7 9 18 22 27 32 39 50 56 59 60 64 72 74 75 80 84 86 92 93 95 
31 2 14 27 29 31 35 46 50 51 53 55 56 57 58 60 64 69 71 72 76 80 85 88 91 92 98 99 100 102 103 104 
23 2 3 4 6 12 14 16 23 26 31 35 39 42 43 54 58 59 67 87 90 91 102 103 
33 0 6 7 8 12 14 15 16 20 21 25 26 30 40 44 45 47 49 52 57 59 63 64 77 79 80 86 87 88 90 92 95 99 
34 1 2 4 11 14 16 23 29 30 31 32 37 39 46 51 53 54 58 60 61 65 68 71 75 77 78 82 87 88 89 91 97 99 102 
30 0 1 2 3 4 5 8 19 21 22 25 27 39 44 45 49 52 56 73 75 76 79 84 85 86 87 89 94 99 100 
22 5 6 13 19 23 26 29 38 40 41 42 49 65 66 75 86 88 89 93 96 101 104 
33 3 5 8 9 12 13 15 17 18 23 24 27 32 34 35 36 39 41 45 46 47 49 55 58 59 62 65 78 81 87 91 97 102 
20 6 8 25 26 28 29 42 53 56 61 64 72 73 77 78 83 86 87 101 104 
31 2 10 18 23 24 25 26 32 34 36 38 39 41 42 43 48 54 56 58 64 65 66 71 75 81 83 84 87 88 97 98 
28 0 3 13 15 21 24 26 28 30 36 37 38 41 44 46 47 59 65 66 68 73 76 80 84 87 90 92 103 
28 3 5 8 9 11 15 16 20 21 32 38 40 46 54 58 60 62 63 64 67 75 79 83 90 92 93 97 104 
29 0 1 3 12 13 14 24 25 36 38 40 43 47 52 53 54 56 57 65 67 72 76 77 82 86 89 91 97 104 
24 6 7 16 25 27 31 32 38 43 48 52 53 56 61 62 67 69 72 76 78 80 83 88 99 
23 7 9 12 19 21 25 33 39 48 49 52 57 62 66 71 72 75 93 95 96 97 101 103 
25 1 2 5 8 12 14 18 24 25 33 36 44 45 54 58 65 67 71 77 81 86 87 88 94 100 
25 9 10 18 24 25 27 31 33 35 39 50 56 61 62 64 72 75 81 82 85 87 90 93 97 101 
26 0 3 9 12 29 38 39 42 43 49 51 53 54 55 61 68 69 71 74 88 89 90 99 101 102 103 
32 1 8 10 12 14 19 21 22 25 28 33 37 41 46 47 57 62 63 64 68 73 75 84 85 86 90 91 93 94 96 98 102 
32 1 3 7 9 10 12 18 20 22 26 29 30 31 34 39 40 41 43 49 59 62 63 81 87 89 91 92 94 96 97 101 104 
20 13 17 19 24 33 39 43 52 57 70 72 79 80 83 85 87 95 96 97 99 
24 3 6 11 18 19 21 22 24 25 29 44 45 46 49 73 74 76 77 78 80 84 87 92 103 
34 2 3 11 15 18 24 26 29 32 37 41 42 44 48 49 50 54 55 57 58 67 69 70 72 76 82 84 91 93 95 97 98 99 100 
33 3 4 5 8 10 14 16 17 18 21 33 42 45 47 48 53 55 56 57 61 70 73 76 77 81 82 84 87 89 92 98 100 101 
31 5 12 15 16 17 20 22 23 27 28 29 33 35 49 50 51 54 58 67 69 72 73 74 76 79 82 84 92 93 95 104 
28 2 4 5 12 14 18 21 22 29 39 40 46 47 49 62 68 69 71 73 79 81 85 86 87 95 96 99 101 
29 3 4 6 13 14 15 19 20 22 29 35 39 50 57 59 63 65 66 75 76 77 78 80 82 87 89 94 95 97 
31 5 7 14 16 17 20 25 26 34 41 43 44 46 47 50 52 54 58 62 67 70 77 79 82 90 94 95 98 99 100 101 
