70:105
43 0 1 3 9 12 13 14 18 19 23 24 26 32 34 39 40 46 51 59 61 62 63 65 67 68 71 72 73 75 76 77 79 80 85 87 89 90 93 96 98 100 103 104 
50 0 1 2 4 7 8 12 13 15 16 17 18 20 22 26 27 28 29 30 35 36 37 43 45 46 52 54 56 57 58 64 72 73 77 79 81 83 84 85 86 88 89 90 91 92 93 95 98 100 101 
60 1 2 4 5 8 9 11 12 13 14 15 17 18 20 24 25 26 28 30 32 33 34 35 37 40 41 43 44 45 47 49 52 54 56 57 58 59 60 61 63 66 67 68 69 72 74 77 79 80 84 85 86 87 90 94 95 97 99 100 104 
40 2 4 5 6 7 8 9 12 15 16 19 21 25 26 29 33 35 37 38 39 40 48 57 60 67 69 70 71 73 74 75 78 79 81 89 91 93 95 96 102 
52 0 1 4 7 9 10 11 14 18 20 23 24 26 35 36 37 38 39 40 41 42 43 44 48 49 54 57 59 62 64 65 71 72 73 74 76 78 81 82 85 86 87 88 89 91 92 93 98 99 101 102 104 
55 0 1 5 8 9 13 14 15 16 18 19 23 24 25 27 28 31 33 34 36 40 41 48 49 50 53 54 55 56 58 60 61 63 65 66 68 71 72 73 74 77 79 80 82 83 85 86 87 88 92 97 101 102 103 104 
52 1 2 6 7 9 10 11 14 16 21 25 30 31 36 37 40 41 42 45 47 48 49 52 53 55 57 58 60 61 63 64 67 70 71 72 73 74 83 84 85 86 90 91 92 93 94 95 96 97 98 101 102 
48 0 2 5 6 8 11 13 14 15 17 27 30 32 35 40 41 42 43 47 49 50 53 54 58 61 62 63 64 66 69 71 73 75 76 79 85 88 90 92 93 95 96 97 98 99 100 101 102 
54 0 1 8 9 11 12 13 14 15 16 17 22 24 25 26 29 30 33 34 35 36 38 39 40 43 45 46 47 51 53 54 55 56 57 58 63 68 70 73 77 79 80 82 83 86 87 88 89 90 96 98 100 102 103 
52 0 2 3 5 15 17 18 20 22 24 26 28 29 31 32 33 37 38 42 46 49 50 51 52 53 56 58 59 60 61 63 64 65 66 69 71 72 74 76 77 79 82 84 86 87 93 94 95 97 98 99 104 
54 3 7 9 11 13 14 17 18 20 24 26 29 30 32 36 37 38 42 45 46 48 52 53 54 55 56 57 58 61 62 65 66 67 68 71 73 76 77 78 82 83 84 85 90 91 92 95 96 97 98 99 100 101 104 
46 1 5 13 14 15 17 20 23 24 25 26 27 28 29 33 35 37 39 40 42 44 46 47 49 51 55 57 58 60 64 66 71 73 74 84 85 87 89 90 91 92 95 96 97 99 100 
46 2 4 7 10 21 22 28 29 30 31 32 34 35 38 39 40 42 44 48 56 57 58 62 65 66 67 70 71 72 73 79 80 81 84 85 89 90 91 92 93 94 97 99 101 103 104 
52 0 2 3 4 5 6 7 8 9 13 14 15 18 19 23 25 29 30 31 33 34 36 37 38 41 42 43 44 46 49 51 52 59 62 63 66 67 71 73 75 76 77 84 87 88 89 94 98 99 101 103 104 
52 1 2 4 6 7 9 10 15 16 18 19 20 23 25 27 28 30 32 35 40 45 48 57 59 61 63 64 65 67 68 69 70 71 72 74 76 77 79 80 84 85 87 88 90 91 92 95 96 97 99 100 104 
54 0 1 2 3 6 7 9 12 14 21 25 26 27 28 31 33 34 38 39 40 42 43 44 46 47 51 54 56 57 58 65 68 70 71 72 73 74 75 76 77 78 80 81 82 83 85 86 87 89 97 98 101 102 103 
54 2 3 4 5 6 7 8 10 13 14 16 17 25 27 30 31 32 33 34 35 36 42 43 44 46 47 49 54 57 58 60 61 63 65 67 68 69 71 72 73 75 76 79 84 85 86 87 89 94 95 96 100 101 103 
46 0 3 5 6 7 11 13 15 17 20 21 22 25 26 27 31 34 35 37 40 41 44 45 46 47 48 50 52 58 60 61 65 66 72 73 78 79 81 85 88 89 90 92 95 96 98 
60 0 1 2 3 4 5 6 8 9 11 12 13 14 15 16 17 19 22 23 25 30 31 35 36 38 39 40 43 44 45 46 47 48 49 53 54 56 59 60 63 67 68 71 73 77 78 79 80 83 87 89 91 92 93 94 95 98 99 101 103 
47 0 2 5 8 10 11 15 16 19 20 21 22 23 25 28 29 30 34 39 43 44 45 48 49 52 53 62 64 65 67 68 69 70 72 74 76 77 78 81 84 85 90 92 94 96 101 104 
53 1 3 5 8 11 13 14 15 18 25 26 29 30 35 36 39 40 41 42 48 49 50 51 52 56 57 59 60 64 66 68 72 73 74 75 77 79 80 81 82 83 84 85 86 87 88 90 93 95 96 101 102 103 
61 0 1 2 3 4 5 7 10 11 12 13 14 15 17 19 21 22 26 27 31 33 36 37 38 39 40 41 42 47 49 50 52 54 55 58 59 60 61 63 64 66 69 71 72 73 77 78 82 83 86 87 91 92 93 94 95 97 98 101 102 104 
52 2 3 6 8 9 10 11 13 14 17 19 21 23 24 27 29 32 34 35 37 39 40 43 44 47 50 51 53 54 56 58 60 63 66 67 68 73 75 77 78 79 80 92 93 94 95 96 97 98 99 100 103 
50 0 10 11 12 13 14 17 18 19 20 21 22 26 27 28 30 32 35 37 39 40 41 43 44 45 47 48 49 50 52 56 57 58 59 62 63 68 69 71 72 74 77 79 80 86 90 93 95 103 104 
59 0 3 5 6 7 12 14 15 17 20 21 22 24 25 26 28 30 31 33 34 35 36 39 44 46 48 51 52 53 55 56 57 58 61 64 65 67 69 70 71 73 74 77 79 80 81 82 83 85 88 90 91 92 93 95 96 101 102 104 
54 0 2 3 4 5 6 10 12 13 14 15 17 18 20 21 22 24 29 33 34 35 36 37 38 39 41 43 46 47 48 49 50 51 53 54 58 61 64 68 71 72 74 76 78 79 81 84 87 88 89 90 91 92 104 
61 0 5 7 9 13 15 16 17 18 19 21 22 23 24 26 30 31 32 35 36 38 41 42 44 45 48 49 50 51 53 54 56 57 58 60 62 64 68 69 70 71 72 74 78 79 80 81 82 86 88 89 91 92 94 95 97 98 100 101 102 104 
58 0 1 2 3 5 6 7 8 13 14 15 17 18 22 27 28 30 31 32 33 34 35 36 38 40 44 46 47 48 49 54 57 62 63 64 66 67 68 70 71 72 74 76 77 79 81 82 85 86 87 89 90 93 95 97 99 103 104 
47 3 4 5 7 8 9 10 13 14 23 24 25 30 32 34 38 39 40 41 43 47 57 60 61 62 65 66 68 69 72 73 74 75 76 78 79 81 83 85 86 88 90 92 94 96 97 103 
60 1 2 4 5 6 7 9 10 12 14 15 16 18 19 20 21 22 23 25 27 29 30 31 32 35 39 40 42 43 50 53 54 56 57 58 59 60 62 63 64 65 66 69 70 71 75 76 77 78 79 81 86 87 88 90 91 92 94 95 101 
60 1 2 4 5 6 8 9 11 14 15 16 17 19 23 26 31 32 33 36 37 38 41 43 44 47 49 51 53 56 58 59 61 62 64 65 66 70 71 74 75 76 77 78 79 80 82 83 84 85 88 92 93 95 96 97 99 100 101 102 103 
54 1 2 5 10 12 15 21 22 23 24 25 26 27 28 31 32 33 36 43 45 47 48 49 50 52 53 55 57 59 60 62 63 65 72 73 76 77 78 79 81 82 85 86 87 88 91 92 93 96 99 100 101 103 104 
43 0 1 4 5 6 9 10 14 17 28 30 32 33 34 35 39 40 41 42 44 45 46 49 50 54 58 59 62 64 67 68 70 72 74 75 77 79 86 90 91 93 99 101 
51 0 2 6 8 11 13 15 17 18 20 25 26 27 29 32 33 34 36 38 40 43 44 48 51 55 57 58 59 60 61 62 63 66 68 70 73 76 79 80 82 83 84 86 88 90 94 96 97 98 101 103 
52 1 3 4 7 10 12 13 14 16 20 21 22 23 24 25 26 30 31 32 37 39 42 43 44 45 47 50 51 54 55 59 61 64 65 66 68 70 71 73 77 78 84 85 87 92 93 94 95 96 98 102 104 
60 3 4 6 8 10 11 13 14 15 18 20 22 23 24 25 26 28 31 34 36 37 38 41 43 45 47 48 49 50 52 54 55 57 58 59 60 61 66 67 68 69 71 77 78 79 84 86 87 88 89 91 92 93 95 96 99 100 101 102 103 
59 1 3 4 5 9 10 12 13 14 16 17 18 20 21 23 26 27 30 33 35 36 37 39 42 43 44 45 46 48 49 50 51 52 54 55 56 58 59 69 72 75 77 78 79 80 81 82 87 89 90 91 92 93 97 98 100 101 102 104 
51 0 2 3 4 5 7 9 12 13 14 17 19 20 21 23 28 29 30 32 33 34 35 38 41 42 43 45 47 49 50 53 54 55 58 59 60 61 63 65 69 70 75 76 78 92 94 95 99 100 102 104 
55 0 5 7 8 9 10 11 12 16 18 21 22 28 29 30 31 32 34 36 38 39 40 41 43 44 45 46 47 48 49 50 58 60 62 63 64 65 66 68 70 72 74 75 76 77 79 82 83 87 89 90 95 97 99 104 
50 2 3 4 7 9 10 12 14 18 19 22 23 24 30 32 36 38 40 41 42 43 46 48 51 52 53 54 55 57 58 59 61 63 64 67 69 70 72 74 75 76 77 82 85 89 91 94 97 99 101 
57 2 3 5 7 8 11 13 16 17 18 19 25 27 29 32 33 36 39 40 46 47 48 50 52 53 55 56 57 58 59 60 61 62 64 65 69 71 77 78 81 82 83 86 87 89 90 91 92 93 94 96 98 99 100 101 102 103 
52 0 2 4 7 10 13 14 15 19 21 24 27 28 33 34 36 37 38 39 41 45 46 47 53 54 56 59 62 63 64 67 69 70 71 72 74 75 76 77 78 79 83 84 85 87 88 96 98 101 102 103 104 
46 0 1 2 3 6 9 12 14 15 19 25 26 30 31 32 34 36 41 43 44 46 48 50 51 52 55 56 57 60 61 63 65 67 68 69 74 76 77 80 82 88 91 94 97 103 104 
54 1 3 4 6 7 9 13 15 16 18 20 21 23 26 28 30 31 35 36 37 38 39 40 44 45 46 47 48 51 53 57 58 59 61 63 64 66 72 73 75 81 82 83 85 86 88 89 90 94 95 96 99 100 104 
53 0 1 3 6 7 8 10 11 16 20 22 23 25 27 28 29 30 33 34 35 37 42 43 45 46 51 53 54 55 59 61 64 66 67 70 73 76 77 79 80 82 85 86 92 93 94 95 96 98 99 100 101 103 
53 1 2 5 7 10 11 14 20 21 22 26 27 28 30 31 33 34 37 39 41 42 45 47 48 50 52 56 57 58 61 63 64 65 68 70 73 77 78 79 80 83 84 85 87 88 89 91 92 95 98 100 101 103 
53 1 4 6 9 10 11 12 13 15 16 18 20 25 26 27 28 35 36 38 40 41 43 47 48 49 50 56 57 59 64 66 67 69 70 73 74 79 80 84 85 87 88 89 91 92 94 95 96 97 99 100 103 104 
62 0 3 4 5 6 7 9 10 11 15 17 18 19 20 21 23 24 26 27 30 32 33 35 36 38 39 40 42 45 46 48 49 51 54 60 61 62 63 64 65 68 69 71 72 73 74 75 76 77 84 85 86 87 89 91 92 93 98 99 101 103 104 
53 1 3 5 6 7 8 11 12 14 15 17 19 20 22 24 25 27 33 38 40 43 48 50 51 53 56 60 62 63 65 66 67 69 70 71 72 75 79 82 83 85 87 91 92 93 94 95 96 97 98 99 101 104 
56 2 5 6 7 9 10 12 13 16 18 19 20 21 25 26 27 30 34 35 37 39 40 42 44 46 47 49 53 54 55 56 57 58 59 60 63 64 66 68 70 73 74 77 78 82 83 84 86 88 91 92 94 98 101 102 103 
52 0 2 4 8 10 12 15 17 18 19 21 24 25 26 29 30 32 35 37 38 40 41 43 47 49 52 53 54 55 57 58 59 62 66 67 69 70 73 74 75 81 82 85 86 87 91 92 94 95 98 99 102 
52 0 2 3 6 7 8 11 12 13 14 18 23 26 28 30 35 38 41 42 43 44 45 46 47 50 52 57 62 64 65 66 68 69 71 74 77 78 80 81 82 83 85 86 88 90 91 92 96 97 99 100 101 
49 3 5 6 7 9 10 14 15 16 24 25 26 34 37 43 48 49 50 53 54 55 57 60 63 64 67 68 71 72 73 74 76 77 78 79 80 82 84 85 92 93 94 95 96 98 99 100 101 104 
45 0 2 3 4 6 9 10 11 12 13 19 21 25 30 32 36 37 38 39 40 42 43 50 51 52 62 63 65 68 69 70 73 75 76 81 82 85 88 89 90 92 97 99 100 104 
51 1 2 4 5 7 12 18 19 21 22 25 26 28 29 30 31 37 38 41 42 43 45 47 48 49 52 56 59 60 62 65 68 70 71 73 74 77 80 83 84 85 86 87 88 89 91 92 94 96 98 101 
44 0 1 2 4 5 9 10 13 17 25 26 28 29 31 32 34 36 38 40 48 49 54 56 57 58 59 60 66 72 73 75 76 77 78 79 83 88 89 90 92 95 97 103 104 
53 0 2 5 6 8 10 11 12 14 16 17 18 19 20 21 22 23 24 26 28 30 32 33 34 37 43 45 46 47 49 50 53 59 60 64 68 69 71 72 74 80 81 82 84 86 89 90 91 92 95 97 98 104 
51 0 2 4 9 15 17 18 19 23 26 28 30 32 36 37 38 39 42 47 49 52 54 55 56 57 61 62 63 67 68 69 70 71 75 79 80 81 82 83 86 88 89 92 94 97 98 99 100 101 102 104 
57 1 5 7 8 11 12 14 15 16 17 18 19 20 21 22 23 24 25 26 28 29 31 37 39 40 42 43 44 45 46 52 53 54 56 64 65 66 69 75 76 77 80 83 87 88 89 91 92 93 95 97 99 100 101 102 103 104 
55 0 1 3 5 6 8 10 13 14 15 18 19 21 25 26 27 28 29 31 33 37 38 39 41 43 45 51 52 53 54 55 58 60 61 65 66 68 69 71 75 77 82 83 84 85 86 89 90 93 95 97 100 102 103 104 
48 2 7 11 13 15 21 22 24 25 26 28 29 30 32 33 37 38 40 43 46 48 49 50 51 52 56 57 59 60 62 65 66 69 70 72 76 77 80 81 87 89 91 96 98 100 101 102 103 
50 0 1 2 3 9 11 15 16 19 20 21 22 23 26 28 31 37 39 41 42 44 45 50 51 52 53 54 56 60 62 63 66 67 68 71 72 76 78 82 85 87 88 91 92 97 99 101 102 103 104 
53 0 2 3 4 5 8 13 15 16 17 18 19 23 27 28 29 31 32 35 36 37 38 39 40 41 42 44 47 50 53 55 56 59 61 65 66 67 74 76 77 78 79 80 82 85 86 87 90 93 97 99 103 104 
46 0 1 7 8 9 10 11 13 14 15 17 18 22 23 27 29 30 31 35 37 39 48 50 55 56 58 62 68 69 71 72 73 76 77 79 80 82 85 87 89 90 93 94 97 98 104 
45 4 6 7 11 15 23 29 30 31 34 35 36 37 38 39 40 42 45 46 47 50 55 59 61 62 67 70 71 72 74 75 77 78 79 80 82 85 87 90 91 94 95 98 103 104 
49 1 4 5 6 7 12 15 16 17 18 19 20 23 25 30 35 36 38 39 40 41 52 55 58 60 61 62 63 64 68 69 71 72 75 76 78 81 82 85 86 87 89 90 91 93 96 98 99 103 
55 3 5 6 9 10 11 12 14 17 18 19 20 22 24 25 28 29 30 33 34 35 37 39 40 41 48 51 54 56 59 61 62 63 67 68 69 70 73 74 77 78 80 81 82 84 85 87 88 92 93 94 100 101 102 104 
46 1 2 5 8 13 15 21 24 25 26 30 31 32 33 34 41 43 44 45 46 47 48 49 50 52 56 62 64 65 68 69 73 75 77 80 83 86 88 91 94 98 100 101 102 103 104 
52 2 4 7 9 11 16 18 22 24 25 26 27 31 32 34 37 43 44 45 46 47 48 49 51 53 54 57 58 59 60 62 66 68 69 70 72 74 75 76 77 83 86 88 89 91 92 93 94 95 99 102 103 
54 0 2 4 6 8 11 13 14 15 16 19 23 24 26 27 29 31 32 34 35 38 41 42 45 48 49 52 54 55 58 60 61 62 63 64 66 68 71 72 76 77 79 82 85 86 87 93 95 97 98 99 100 102 103 
