70:35
8 2 10 12 13 15 21 28 29 
11 4 13 14 16 17 18 26 28 30 31 32 
4 3 19 21 25 
4 6 11 19 29 
9 6 8 13 19 21 26 29 30 32 
8 3 7 11 13 18 21 30 33 
13 2 3 14 15 16 17 24 26 29 30 32 33 34 
9 1 2 3 5 7 11 23 26 33 
11 1 3 13 15 20 23 26 27 29 32 33 
9 1 8 11 12 13 14 17 23 27 
13 2 10 12 13 14 16 19 20 23 24 30 33 34 
8 2 8 17 22 29 30 33 34 
11 1 4 8 11 12 14 16 18 21 25 34 
15 2 7 9 10 12 13 15 17 22 23 27 29 30 31 33 
13 2 5 8 15 16 19 20 21 22 23 25 32 34 
8 3 4 8 16 17 19 21 28 
8 2 7 18 20 21 24 26 31 
6 2 4 13 19 22 32 
11 0 1 7 12 15 19 20 21 26 27 30 
11 1 2 8 12 15 19 21 22 23 26 30 
9 2 3 6 14 15 18 21 28 32 
8 4 5 10 11 25 27 32 34 
6 8 15 24 30 31 33 
8 8 12 19 21 26 29 30 34 
10 5 7 8 10 14 20 21 25 26 31 
8 4 5 10 23 27 28 33 34 
12 2 9 10 11 13 15 17 20 23 24 25 29 
7 0 10 13 15 16 19 22 
10 3 4 6 11 16 18 19 24 28 30 
11 2 8 9 10 17 21 22 23 24 28 31 
7 0 2 9 10 18 26 29 
2 3 14 
9 0 1 2 4 7 8 10 19 23 
10 1 3 4 5 13 14 19 21 25 33 
15 0 2 3 4 5 11 18 20 22 24 25 28 31 32 34 
5 0 8 9 15 20 
7 1 8 11 17 26 27 33 
7 0 3 9 15 19 25 31 
14 0 5 6 13 14 18 20 21 23 24 27 28 29 31 
8 0 2 4 7 8 20 28 34 
15 0 3 5 7 9 11 14 19 20 21 24 25 28 31 34 
9 4 11 16 19 23 24 27 29 30 
7 2 3 4 7 11 21 30 
10 1 2 11 13 18 20 23 24 25 30 
10 1 3 5 10 16 19 21 23 28 30 
10 1 2 3 4 9 13 22 25 27 33 
11 1 2 7 11 14 15 16 25 28 29 32 
9 4 7 10 21 22 24 27 32 33 
9 0 4 7 9 17 19 22 28 30 
6 1 2 6 20 22 29 
9 0 1 6 7 15 16 17 18 21 
8 0 1 4 18 25 29 30 34 
7 4 11 12 14 17 28 34 
9 0 1 9 11 18 21 22 26 30 
14 0 1 6 11 12 16 18 20 23 24 25 26 29 32 
10 3 10 18 22 23 24 25 26 27 33 
9 0 4 13 17 20 24 27 30 34 
8 2 4 14 19 20 28 30 33 
5 6 11 16 31 33 
8 3 6 8 17 22 23 33 34 
9 2 4 5 8 9 12 14 17 32 
12 0 1 2 3 4 12 22 26 29 31 32 33 
6 2 6 16 28 32 34 
9 0 5 8 9 16 19 23 27 30 
11 2 9 14 20 21 24 25 27 29 31 33 
7 4 6 8 12 14 21 32 
7 7 10 15 16 20 24 32 
10 1 4 9 11 13 16 21 23 30 31 
10 0 1 2 4 7 11 17 23 26 30 
3 3 20 31 
