70:70
29 1 3 7 10 12 14 16 18 20 23 26 31 34 36 37 39 40 41 42 45 51 54 57 59 60 62 63 64 68 
42 0 1 3 6 7 8 9 10 11 12 13 17 18 19 21 23 24 25 28 29 30 31 32 33 34 35 41 42 43 44 47 48 49 52 53 55 58 62 63 65 67 68 
45 0 3 4 5 6 7 8 9 10 12 13 14 15 17 20 22 23 26 28 30 31 32 33 36 40 41 42 43 44 46 47 50 51 53 54 55 56 58 60 61 64 65 66 68 69 
44 0 1 2 4 6 9 10 12 14 15 16 18 19 20 21 23 25 27 28 30 31 32 33 35 37 41 42 44 46 49 50 51 54 55 56 57 58 59 60 61 63 65 67 69 
28 0 1 3 4 6 14 15 16 24 26 28 30 31 32 35 39 45 46 50 53 54 57 58 60 61 63 65 68 
35 1 2 12 13 17 18 20 21 22 23 25 26 27 31 33 35 36 38 40 41 44 45 47 50 52 53 55 56 57 58 61 62 65 67 69 
32 1 2 3 4 9 12 13 15 16 17 18 21 23 26 29 30 34 36 39 40 41 44 49 50 53 55 58 60 62 64 66 68 
38 2 3 4 6 7 8 10 11 12 16 17 20 22 23 24 28 29 30 32 34 35 36 37 39 43 45 46 49 53 54 55 57 60 61 64 66 67 68 
30 3 4 5 8 21 22 23 25 26 27 28 29 31 32 33 35 36 40 42 44 45 49 51 56 59 60 61 63 65 67 
38 2 5 6 7 8 12 15 16 19 20 21 24 25 28 30 35 41 43 46 47 48 49 50 51 52 54 55 56 57 58 59 62 63 64 65 67 68 69 
32 0 1 4 6 11 12 15 16 18 20 21 22 25 29 32 34 36 38 40 47 49 53 54 55 56 57 59 60 64 66 67 69 
39 0 1 2 3 5 6 7 8 11 13 14 15 21 22 23 26 27 28 30 31 37 38 39 42 44 45 49 51 52 54 55 56 57 58 60 62 63 64 67 
39 4 6 7 10 11 12 14 18 20 21 22 23 24 26 27 31 33 34 36 37 38 40 41 42 45 46 47 49 51 53 54 55 57 58 59 60 61 65 68 
37 2 4 6 8 9 10 11 12 14 15 16 18 20 23 24 26 27 30 33 36 38 39 42 43 44 46 50 52 53 57 58 61 62 63 64 66 67 
35 1 2 3 4 8 9 11 12 14 17 18 24 25 29 30 31 34 35 36 37 39 40 41 44 47 48 56 58 62 63 64 65 66 67 69 
34 1 3 6 7 9 12 13 15 16 21 22 25 26 27 29 30 32 38 40 44 45 47 48 49 51 53 54 57 59 60 61 64 66 67 
30 0 2 5 6 7 9 16 17 18 19 24 25 28 29 30 31 32 36 40 42 43 44 45 47 53 56 57 60 66 69 
35 0 1 4 5 6 7 10 11 14 15 18 19 20 22 23 24 28 29 30 33 36 40 42 46 47 48 49 50 52 63 64 65 66 67 69 
34 0 1 3 4 5 6 7 9 11 12 16 17 20 24 26 27 28 30 33 34 35 37 38 39 40 42 45 49 53 56 59 61 64 69 
26 0 1 7 8 11 13 14 17 18 21 29 31 36 38 43 45 48 49 50 51 52 55 57 58 62 67 
36 1 3 7 8 9 10 12 15 16 18 19 21 22 27 28 30 33 34 39 41 43 44 46 47 48 53 56 57 58 59 62 65 66 67 68 69 
37 1 4 6 8 10 11 13 14 15 17 19 20 23 24 25 29 30 31 32 37 42 43 44 45 48 49 50 54 55 56 61 62 63 65 66 67 68 
31 0 1 7 9 10 16 22 24 26 27 28 30 33 34 35 36 37 38 39 40 42 43 51 52 54 55 60 64 66 67 69 
37 0 1 2 3 4 6 7 8 12 13 14 16 17 18 21 24 25 26 27 28 29 33 34 45 48 49 51 52 57 58 59 61 62 63 64 65 68 
33 2 5 7 8 9 10 12 23 25 28 30 32 34 35 37 38 40 43 46 47 48 49 50 51 53 54 55 56 59 60 61 62 69 
29 0 1 2 3 8 10 11 15 16 19 20 21 22 26 28 29 32 40 42 43 44 46 51 58 59 61 62 63 66 
36 3 4 5 7 10 11 13 14 15 18 19 20 21 22 23 24 25 26 33 36 37 38 39 40 41 42 46 48 53 55 56 58 62 63 67 68 
30 0 2 5 6 12 15 16 18 19 23 26 31 32 36 37 43 44 45 46 47 48 49 50 51 54 58 59 62 65 68 
31 1 2 4 5 8 9 10 12 13 17 19 20 21 29 30 31 33 34 37 39 40 45 46 56 58 60 62 64 65 68 69 
36 2 3 4 5 7 9 10 12 13 14 15 17 19 20 22 25 27 29 30 31 38 40 41 42 43 44 47 48 49 51 52 61 62 65 66 69 
30 0 1 5 6 7 8 9 11 14 18 21 22 27 30 33 35 36 38 40 41 43 49 51 54 55 59 62 63 67 69 
30 2 4 5 6 9 10 12 14 16 18 20 21 23 26 27 30 34 37 42 47 48 52 56 59 61 63 65 66 67 69 
31 0 1 2 3 4 9 16 17 19 21 22 25 27 29 30 32 33 34 38 40 43 45 47 49 50 51 53 55 57 59 60 
34 1 4 10 14 15 16 26 27 28 29 30 31 32 33 35 38 39 40 41 42 44 45 46 47 48 50 53 58 59 60 61 62 63 65 
31 3 7 8 13 15 17 18 19 21 22 25 27 35 36 38 40 41 42 44 45 46 47 50 51 54 56 57 63 64 68 69 
36 0 1 2 4 6 8 10 12 13 15 21 22 23 28 32 33 35 39 41 44 45 46 48 52 53 54 57 59 61 62 64 65 66 67 68 69 
41 2 3 4 7 9 10 11 12 13 14 15 16 17 18 21 23 24 25 27 31 32 33 38 39 41 42 44 47 48 49 50 51 52 55 56 57 59 63 65 67 68 
33 0 5 12 13 18 20 22 26 28 29 30 32 33 34 36 41 42 43 47 51 53 56 57 58 59 61 62 63 64 65 67 68 69 
34 0 1 4 6 7 9 10 12 14 15 16 17 19 21 24 25 26 27 34 35 36 39 43 44 48 49 50 58 59 60 62 63 65 69 
27 4 5 10 15 20 21 23 25 27 28 30 31 33 36 39 42 43 44 54 55 57 59 62 64 65 67 69 
39 0 1 5 6 8 9 10 12 13 15 19 22 23 24 25 26 31 32 35 36 37 39 40 41 42 43 44 48 49 50 51 53 54 55 57 58 60 65 66 
32 0 3 4 5 6 10 11 12 13 15 17 21 24 25 26 27 28 37 40 41 42 43 44 47 49 53 54 59 60 63 64 67 
37 0 3 4 5 11 12 14 16 17 20 22 24 25 26 27 35 36 40 42 44 45 47 49 52 53 54 55 57 58 59 60 62 63 65 66 67 69 
33 5 6 7 10 11 13 17 18 20 21 27 29 30 32 33 38 39 41 43 45 46 47 48 49 50 53 55 57 59 64 65 67 68 
39 0 1 2 5 6 12 13 15 18 19 22 26 27 30 31 33 35 38 39 41 42 43 44 45 46 47 49 51 52 53 54 57 58 61 65 66 67 68 69 
32 1 2 4 7 8 9 16 18 19 20 25 26 27 31 33 38 39 44 46 48 49 50 52 54 55 56 58 60 62 63 66 69 
31 2 4 5 8 10 11 19 21 24 29 30 33 34 35 37 40 44 47 48 49 50 51 52 53 57 58 61 62 65 67 69 
27 2 4 5 6 13 19 20 23 24 25 29 30 31 33 35 37 39 43 44 47 50 52 53 59 60 64 67 
34 0 1 3 6 7 10 11 12 14 15 16 20 25 26 28 31 32 33 38 39 40 41 42 48 51 54 57 58 60 61 62 64 66 68 
37 0 4 5 6 7 8 11 12 15 16 17 20 21 23 26 27 30 31 32 34 36 37 39 40 41 43 45 47 49 51 54 58 60 61 66 67 68 
36 1 2 3 4 5 8 9 10 11 12 17 18 20 24 27 28 30 33 35 36 37 38 43 47 48 49 50 51 53 55 58 59 60 61 63 69 
33 0 3 5 9 12 15 19 21 26 27 28 29 30 34 35 36 37 38 39 40 42 45 48 50 53 54 55 59 62 63 65 67 68 
25 0 4 8 15 16 17 21 22 25 28 29 34 35 36 38 40 42 44 48 50 54 57 59 61 67 
21 5 10 13 18 19 26 27 29 30 37 38 42 45 50 51 55 57 60 62 63 66 
35 0 2 4 5 8 9 11 13 14 18 20 22 25 26 27 29 33 34 35 36 38 39 40 43 44 46 47 49 51 56 57 60 62 66 69 
40 0 1 2 4 5 6 7 8 9 11 12 13 15 16 18 19 21 23 24 25 27 28 34 36 38 43 44 46 47 49 50 51 53 54 57 62 63 64 66 68 
34 0 1 2 3 5 7 9 10 11 13 14 15 18 21 22 23 28 29 30 35 38 40 43 46 47 48 50 55 56 58 61 63 64 68 
35 1 3 5 9 10 11 12 13 15 16 23 29 31 33 35 37 40 41 44 48 49 50 51 53 54 56 57 59 60 61 63 65 66 67 68 
35 0 2 3 4 5 8 9 10 12 13 18 19 20 25 28 29 35 36 37 38 39 40 41 47 52 53 54 56 57 58 60 61 63 65 66 
28 0 1 3 4 9 10 12 14 15 16 18 23 28 29 30 33 38 43 44 46 48 54 55 56 60 61 62 65 
36 0 3 5 7 9 10 11 12 15 17 18 21 22 23 24 29 31 32 33 34 36 38 39 41 42 43 44 45 46 49 57 59 61 62 65 68 
29 1 3 4 5 10 12 14 17 18 19 20 22 26 27 34 35 37 42 47 49 50 51 52 57 59 62 65 67 68 
37 0 1 3 4 5 7 10 16 17 19 20 22 23 24 27 28 29 30 31 32 34 35 37 41 42 46 49 50 51 52 56 57 59 60 63 68 69 
34 0 1 2 5 6 7 8 9 11 15 17 18 21 23 25 26 27 29 33 36 37 39 40 43 46 47 53 58 59 60 62 64 66 69 
35 0 1 10 12 13 14 23 25 26 27 28 29 30 31 33 34 35 38 40 41 42 43 45 46 48 49 51 52 53 54 58 61 63 66 69 
32 0 1 4 6 8 9 12 14 17 18 21 22 24 25 30 31 33 34 35 37 39 42 43 47 49 50 52 53 56 58 59 60 
36 2 3 8 9 10 11 12 13 16 17 20 22 24 26 27 28 29 31 32 33 34 35 36 39 40 41 45 48 49 50 53 55 56 57 65 68 
37 0 4 5 9 10 11 13 14 15 19 20 21 23 25 26 28 29 30 31 35 36 39 41 42 44 46 48 55 58 59 60 61 62 64 65 67 68 
37 0 2 3 4 5 6 7 10 12 14 16 17 18 19 22 25 26 29 30 32 34 37 38 41 42 47 49 50 51 54 55 56 60 61 62 63 65 
35 0 3 6 7 9 10 16 20 22 23 24 27 28 29 30 35 37 39 40 42 44 47 48 49 50 51 52 53 56 57 62 65 66 67 68 
