70:105
47 4 7 8 9 10 11 18 19 20 22 24 25 34 35 37 38 42 44 47 51 52 55 57 58 60 62 63 64 66 67 71 72 73 74 78 80 83 84 87 88 91 95 96 98 99 101 104 
61 2 3 6 11 14 15 16 18 19 20 21 22 24 27 28 29 32 35 37 39 40 41 42 44 45 46 48 49 51 53 54 58 60 63 66 67 69 70 71 72 76 77 78 79 81 82 83 84 86 87 88 89 90 92 94 96 97 99 100 101 102 
57 0 1 3 8 11 12 13 16 17 19 20 24 26 28 30 31 32 33 34 36 37 38 40 41 43 45 47 48 50 52 54 55 57 58 60 61 65 66 68 71 72 73 74 77 81 84 86 88 89 90 93 94 95 96 98 99 104 
45 0 3 5 8 14 19 21 22 23 24 27 28 30 31 32 34 36 37 39 41 42 45 49 51 52 53 57 59 62 63 66 68 71 72 73 76 77 82 93 94 95 96 97 99 102 
47 0 2 3 4 7 10 15 17 19 20 22 23 25 26 32 34 37 40 41 42 49 51 52 55 56 59 61 62 64 65 68 70 71 73 74 76 78 79 80 82 85 88 89 96 97 101 102 
64 0 1 3 4 6 8 10 11 12 13 14 16 17 19 21 22 24 27 28 29 31 32 33 34 35 36 38 39 43 44 45 46 47 48 50 51 55 58 60 61 63 65 68 69 70 72 75 76 79 82 84 85 87 88 89 91 92 93 95 97 98 101 102 104 
51 0 1 2 3 7 8 9 12 15 17 21 23 24 25 30 31 35 36 40 43 47 49 50 51 52 56 57 58 59 60 61 62 65 66 67 71 74 75 76 77 78 80 81 82 86 88 89 90 94 100 104 
46 0 1 2 3 4 5 7 8 9 10 11 15 16 17 21 22 23 24 31 33 34 36 40 42 50 57 63 66 71 78 80 82 83 86 87 88 92 94 95 96 97 98 99 100 102 103 
48 0 2 4 6 7 9 13 15 16 22 23 25 30 32 33 35 38 39 40 41 46 48 54 55 56 60 63 65 68 69 70 71 73 75 81 83 84 86 87 89 90 92 93 94 95 97 100 103 
52 1 3 4 5 6 9 13 14 17 18 20 21 22 23 24 25 32 33 35 40 42 44 51 52 53 55 56 57 58 59 60 63 64 70 71 72 73 75 76 78 81 84 85 90 91 93 94 96 97 99 102 104 
45 1 2 5 6 8 10 13 14 17 18 21 22 25 28 31 33 38 42 43 49 55 57 58 59 61 64 68 69 71 74 76 77 78 79 80 82 86 87 88 91 94 96 99 101 104 
52 1 5 6 7 8 9 11 13 15 16 17 23 25 26 29 30 32 35 36 37 39 40 43 44 45 47 49 50 51 52 53 60 62 65 68 69 70 74 76 78 80 82 83 86 87 93 94 95 98 100 101 104 
55 3 4 6 10 11 15 17 19 20 21 23 24 26 28 29 30 32 34 35 37 39 40 41 44 45 46 49 50 51 52 54 56 59 62 65 66 69 72 73 74 78 79 82 83 84 88 91 93 94 95 96 97 100 102 104 
50 1 3 7 8 13 14 15 16 17 19 20 21 22 24 27 28 30 34 41 45 48 50 52 53 54 55 56 57 63 64 72 74 77 79 80 81 83 85 88 89 93 94 95 96 97 98 100 101 102 103 
53 1 4 7 9 11 14 15 17 21 23 24 26 30 32 34 35 37 40 41 43 44 45 46 49 51 52 53 54 58 60 62 63 67 69 70 71 74 77 79 81 84 85 87 90 91 95 96 97 99 100 102 103 104 
61 2 3 4 7 8 9 11 12 13 14 16 17 18 20 22 23 24 25 30 31 36 37 38 41 42 44 45 49 54 56 59 60 61 63 64 65 67 68 69 70 71 72 73 77 78 79 80 81 82 83 85 87 88 90 92 95 96 99 100 102 104 
53 0 1 3 5 8 13 14 16 18 19 21 22 23 24 27 28 29 30 31 32 35 38 39 40 42 43 45 46 47 48 49 54 63 66 67 68 69 72 74 75 77 78 80 81 89 90 92 93 97 98 99 100 104 
47 3 4 6 7 8 9 10 11 15 16 19 20 21 23 25 32 34 41 42 45 46 50 52 53 54 56 57 58 59 61 63 67 68 70 71 73 74 76 77 79 85 89 92 95 99 103 104 
53 1 10 11 12 13 15 16 17 18 19 20 23 24 27 29 30 31 32 33 34 35 36 40 41 42 48 49 54 59 61 62 63 65 66 69 71 75 77 79 82 83 84 85 86 88 89 92 93 94 95 96 99 102 
53 3 8 9 11 12 15 17 23 25 26 27 28 31 35 36 38 42 43 47 48 52 54 55 56 57 59 60 64 66 68 70 71 72 73 74 75 76 77 78 79 81 83 84 86 87 88 89 91 94 96 98 99 100 
50 3 4 5 9 13 14 16 17 18 21 25 26 27 29 32 35 38 40 41 44 47 48 52 56 57 60 63 65 68 70 71 75 77 80 81 84 85 86 87 88 89 90 95 96 99 100 101 102 103 104 
60 0 4 5 6 11 12 13 15 16 17 19 20 21 22 24 25 26 32 35 40 42 44 47 48 50 51 52 53 54 55 57 58 59 60 62 63 64 67 68 69 72 74 75 77 81 82 83 85 86 87 89 90 92 94 96 99 100 102 103 104 
50 1 2 11 12 14 16 20 21 24 25 29 30 31 32 33 34 35 38 45 48 49 51 56 62 63 65 67 68 69 70 71 72 73 76 77 79 81 84 87 88 89 90 91 93 95 97 99 101 102 104 
57 0 1 4 6 9 11 14 19 20 23 28 30 31 32 35 37 39 40 41 42 43 44 47 48 49 50 51 52 53 55 56 58 59 60 61 63 64 65 67 68 69 70 75 78 80 82 83 84 91 92 94 95 97 98 99 100 103 
65 1 2 3 6 8 11 12 18 19 20 21 23 25 29 30 31 33 35 36 38 39 40 41 42 43 45 46 47 48 49 50 51 53 55 56 58 59 61 62 63 70 73 74 76 77 79 80 81 83 84 86 87 88 89 90 91 94 95 97 98 100 101 102 103 104 
53 0 5 8 9 13 14 15 17 21 22 24 27 28 32 33 34 37 40 49 50 51 52 54 55 61 62 63 64 65 66 67 72 73 74 75 80 82 83 84 85 87 88 89 93 94 95 97 98 99 100 102 103 104 
50 0 2 4 5 6 7 8 11 12 18 21 25 26 27 28 31 32 34 35 36 37 38 39 43 45 46 47 52 56 58 59 60 63 65 68 69 70 71 75 82 84 86 87 89 92 93 94 96 102 104 
62 1 2 5 6 7 9 10 12 14 16 20 22 27 28 29 32 33 36 37 38 40 42 44 45 46 48 49 50 51 54 55 56 59 61 62 63 65 66 68 69 71 75 76 77 78 80 82 83 84 85 87 88 91 92 93 94 96 98 100 101 102 103 
49 0 1 2 3 4 8 9 10 11 13 15 16 20 21 22 23 26 29 34 42 44 46 50 51 53 54 56 57 58 60 63 66 67 68 71 73 74 75 76 77 78 85 86 87 88 92 93 96 104 
46 1 2 3 4 5 6 12 14 17 18 19 22 29 43 45 47 48 50 51 55 56 57 58 59 63 65 66 68 69 71 74 75 77 79 82 85 87 88 89 90 91 96 97 98 100 101 
58 0 1 3 6 8 10 11 13 16 18 19 20 21 23 24 25 27 28 29 30 31 34 35 40 41 44 45 49 50 51 52 55 57 59 61 62 63 67 68 73 75 77 78 79 80 81 83 84 87 88 90 93 94 95 96 97 101 102 
60 2 3 6 7 9 10 11 13 14 15 17 18 19 21 22 24 25 27 28 29 30 31 34 36 37 38 39 41 42 45 46 47 49 50 51 54 58 59 61 62 64 66 68 69 71 76 80 81 82 85 86 88 92 93 95 96 99 100 102 103 
53 0 6 7 10 11 12 14 17 18 21 24 25 26 27 33 35 36 39 42 47 48 49 50 51 52 54 56 57 60 61 62 65 72 73 74 75 77 78 80 81 82 84 85 87 89 93 94 95 96 97 98 99 103 
58 0 1 4 6 12 13 14 19 20 21 23 24 27 31 32 33 35 36 38 41 43 44 45 46 47 48 50 51 53 54 55 56 58 62 64 66 67 70 71 74 80 81 82 83 84 85 86 87 88 89 90 91 93 95 96 97 102 103 
61 0 1 3 4 6 7 9 12 14 15 16 17 18 19 20 21 22 23 25 26 28 29 30 33 39 40 42 43 44 45 52 53 54 56 57 61 62 63 64 66 69 70 73 74 75 79 80 82 83 84 85 86 90 93 94 95 96 97 99 100 104 
59 1 5 7 8 9 10 13 16 17 22 24 25 26 27 29 30 32 33 34 36 37 38 45 46 47 54 56 58 61 63 64 65 66 69 70 72 73 74 75 78 81 82 83 84 86 87 88 89 90 91 93 94 95 96 97 99 101 103 104 
54 0 1 5 6 7 8 9 10 11 13 14 17 18 21 22 24 25 26 27 28 29 30 33 35 38 39 40 42 44 45 49 51 54 56 58 60 61 62 66 67 70 71 73 74 81 84 85 86 90 92 97 100 101 104 
55 1 2 4 6 7 9 14 15 17 18 20 23 25 26 28 30 31 32 33 35 36 37 40 42 44 46 47 48 49 50 51 52 56 58 63 65 66 68 69 73 74 77 78 79 81 84 85 87 88 89 91 94 99 101 104 
60 0 2 5 6 8 9 11 13 14 16 17 18 21 22 23 25 29 30 32 34 36 39 42 43 46 48 53 54 55 56 57 58 59 60 62 63 64 66 67 70 72 74 75 77 78 79 82 85 87 88 89 93 94 96 97 98 100 102 103 104 
50 0 5 7 8 9 10 11 14 15 16 20 23 26 27 31 32 34 35 38 44 45 48 49 50 51 52 53 54 58 62 64 65 69 71 72 73 74 80 81 83 84 85 87 90 91 93 94 97 99 101 
43 2 3 4 7 8 12 14 15 20 26 29 34 35 39 40 41 45 48 53 54 55 58 61 62 64 65 66 70 71 73 76 78 80 82 83 86 88 90 91 93 94 97 100 
56 0 1 2 5 6 7 12 13 17 23 24 25 26 27 29 30 31 34 35 37 38 40 41 42 43 45 47 48 50 52 54 55 56 57 58 60 61 63 64 66 68 71 74 75 77 79 82 85 86 88 92 95 97 98 102 104 
53 1 2 3 5 6 8 9 10 12 14 16 18 21 22 24 25 26 30 33 37 38 39 40 41 44 51 53 54 55 59 60 61 62 63 66 67 68 69 71 73 76 77 81 82 84 85 90 91 93 95 100 102 104 
50 2 3 4 5 6 7 8 12 13 14 16 19 21 22 24 25 28 31 32 36 39 40 42 47 48 49 50 51 57 58 59 62 63 65 67 70 72 75 76 77 78 80 84 85 87 90 99 100 101 102 
55 1 2 3 4 5 6 9 10 11 12 13 17 19 20 21 22 24 26 27 29 30 32 35 37 38 39 44 45 49 50 53 55 58 64 65 66 67 73 74 78 79 80 82 83 86 88 90 91 92 94 96 97 98 99 100 
60 1 6 7 8 9 10 11 12 14 15 16 18 19 21 22 23 24 25 26 28 32 33 35 36 38 39 40 41 42 44 47 49 50 51 54 56 59 62 63 66 67 69 71 73 74 76 78 80 81 84 85 87 88 89 92 95 97 98 102 103 
51 0 1 2 4 11 12 13 14 15 17 20 22 23 25 28 29 31 32 34 36 37 39 42 44 45 46 53 56 58 61 62 63 65 66 67 74 76 81 82 83 84 85 86 88 89 91 95 96 99 101 104 
50 0 1 2 5 7 8 9 10 12 13 17 18 27 28 29 30 31 32 34 35 37 38 39 40 46 49 50 53 54 59 63 64 65 66 68 69 74 78 80 82 86 88 89 91 94 95 96 98 101 102 
51 1 3 4 5 6 8 9 13 14 16 20 22 24 27 29 30 32 34 39 41 42 45 48 51 56 57 59 60 68 69 71 74 75 76 79 80 82 84 85 87 88 89 92 93 95 96 97 99 100 101 104 
57 1 2 3 4 8 10 11 12 14 16 17 19 22 24 26 28 29 32 33 34 35 37 38 41 43 45 50 51 53 54 55 56 57 59 60 62 65 67 69 70 72 75 76 78 81 83 88 89 90 91 92 93 98 99 101 103 104 
48 2 6 9 13 15 16 17 18 20 21 22 24 29 31 35 38 40 42 43 44 45 48 49 50 52 53 54 56 57 58 60 61 63 70 74 78 79 81 83 85 86 88 90 93 98 100 102 104 
44 1 3 4 5 6 10 13 14 18 24 25 31 35 37 38 40 43 47 50 54 56 61 62 64 65 66 67 69 76 77 80 81 87 89 90 91 93 94 97 98 99 100 101 103 
54 3 9 11 14 18 19 21 24 26 27 29 30 31 32 33 37 38 39 43 45 46 47 50 51 52 53 54 57 61 62 64 66 67 68 73 74 75 79 80 81 84 86 88 89 90 92 93 94 95 96 98 99 100 104 
53 1 3 5 9 12 15 16 17 23 24 25 26 29 30 32 33 34 36 37 42 43 45 46 48 49 51 60 61 62 63 64 66 67 68 69 73 76 77 78 80 82 83 84 86 87 88 89 92 93 97 99 100 103 
50 2 3 4 5 6 7 8 14 15 16 18 23 27 28 30 31 34 35 38 40 41 42 43 44 46 48 50 54 55 56 61 63 69 70 71 72 74 75 76 83 86 88 89 90 92 93 94 95 96 103 
52 0 3 4 5 7 10 12 15 16 19 22 24 25 27 28 29 31 33 34 35 38 41 42 44 45 46 47 52 53 55 58 61 63 64 65 66 67 70 71 74 75 77 83 85 86 87 90 95 96 99 100 103 
50 4 5 8 12 13 14 15 16 19 21 22 25 26 29 32 33 35 36 37 38 40 42 43 44 46 47 49 51 56 59 60 61 63 64 70 71 73 74 78 80 84 86 88 96 97 99 100 102 103 104 
52 2 3 7 8 9 12 14 15 18 21 22 23 25 31 32 35 37 39 41 42 43 44 45 46 48 49 50 53 54 55 60 62 63 64 67 68 69 70 73 74 77 78 83 84 89 90 93 94 95 96 98 103 
52 1 2 3 4 5 7 9 10 13 14 16 17 20 22 24 29 31 32 34 36 37 40 41 44 45 48 49 50 51 52 54 58 59 61 62 63 74 78 80 83 84 85 89 92 93 94 95 98 99 101 102 103 
52 0 1 2 3 5 6 7 8 11 18 25 26 28 30 34 38 40 42 47 49 50 51 53 55 56 57 58 64 66 67 68 70 71 73 74 75 76 77 79 80 81 82 83 84 85 86 92 93 94 100 101 102 
55 1 2 3 5 10 11 12 13 17 21 22 23 24 25 34 36 40 42 43 46 47 48 50 52 54 55 56 58 63 64 66 67 68 70 73 74 76 77 79 81 82 83 85 86 88 91 92 93 94 96 98 100 101 102 103 
55 0 3 5 6 8 9 10 15 19 20 21 22 23 24 26 27 28 30 32 34 37 38 39 47 49 50 51 54 58 60 61 63 64 67 68 69 70 73 77 79 81 82 85 86 88 89 91 93 94 97 98 100 101 103 104 
51 0 2 5 9 11 13 14 17 19 26 27 28 29 30 32 34 37 40 41 45 51 52 53 55 56 57 58 59 60 62 63 64 65 67 78 79 80 81 82 85 88 89 90 93 94 95 97 98 99 102 103 
53 1 2 6 9 11 12 13 15 17 18 20 21 22 23 27 29 30 33 34 35 38 42 44 48 49 50 51 52 56 58 60 61 65 66 67 69 70 73 74 77 80 82 85 88 89 91 94 95 97 100 102 103 104 
50 1 3 8 9 10 11 12 13 14 15 16 21 22 23 25 28 32 35 37 39 41 42 43 44 46 48 49 50 51 54 57 60 63 67 68 69 70 71 74 75 79 80 84 87 89 94 95 100 101 104 
54 1 8 10 11 12 13 14 15 16 17 18 19 21 23 24 27 28 30 31 33 39 40 41 43 44 45 48 50 51 56 57 58 61 62 64 66 67 69 72 78 79 80 82 83 84 86 88 89 95 97 99 100 101 103 
50 4 5 10 11 13 20 22 23 24 33 34 35 36 38 40 42 43 46 48 50 52 56 58 60 62 63 65 67 70 71 72 73 74 75 76 80 82 83 84 85 86 89 90 91 95 97 100 102 103 104 
50 3 4 5 6 7 11 13 14 19 22 25 26 27 28 31 32 33 34 35 39 41 47 48 49 51 52 56 57 58 65 66 67 68 69 73 75 76 77 83 89 90 91 94 96 98 99 101 102 103 104 
61 3 4 5 6 9 10 11 12 13 14 15 16 17 18 19 21 22 23 24 25 26 27 28 29 31 33 34 35 38 39 46 48 49 51 53 54 56 57 58 61 62 66 68 69 70 75 77 78 79 81 82 83 84 86 88 96 98 99 101 102 104 
53 0 2 3 4 5 8 11 14 18 19 21 22 23 26 27 31 34 36 38 41 44 46 50 51 52 53 56 59 60 61 62 64 65 67 68 69 71 72 73 76 77 82 87 88 90 92 93 94 95 99 100 102 104 
