70:105
20 10 11 15 22 29 33 34 39 45 52 54 57 59 72 73 85 86 88 90 94 
27 1 5 8 9 12 27 32 35 37 39 40 41 52 56 58 63 66 73 74 78 84 88 91 92 94 98 103 
24 3 11 13 22 39 40 42 46 49 57 59 62 65 67 74 77 78 85 86 87 90 91 95 104 
22 2 5 12 13 14 18 31 35 42 50 53 60 67 82 83 90 92 93 97 99 101 102 
25 5 8 10 12 16 17 19 25 26 28 29 40 43 45 50 59 64 70 74 77 83 94 97 99 104 
29 1 3 7 9 18 21 27 29 30 32 39 42 45 46 49 51 55 58 59 64 68 73 75 76 83 84 86 89 93 
25 3 5 8 13 17 20 21 28 29 36 39 40 49 50 52 54 56 57 62 65 82 96 100 101 103 
12 13 22 23 39 42 43 57 73 78 80 91 96 
27 0 1 4 6 10 12 13 18 25 26 33 35 39 41 44 46 48 49 50 54 55 56 57 58 74 78 101 
23 3 7 9 11 15 18 19 25 27 33 43 60 62 69 71 72 76 79 80 90 93 96 101 
33 1 4 5 10 11 14 15 18 19 23 27 32 34 35 40 42 43 45 46 57 62 63 65 66 68 71 72 74 89 90 93 100 101 
25 1 3 11 13 16 21 25 29 30 40 49 50 54 55 56 58 64 65 69 80 82 85 95 98 102 
24 4 12 16 17 23 34 36 46 48 60 61 62 66 67 73 76 77 79 81 83 88 90 91 99 
23 12 13 18 27 28 33 35 46 49 56 59 60 61 64 65 66 72 73 77 78 84 89 104 
27 1 5 6 9 11 13 19 25 26 28 32 38 39 40 44 46 48 49 58 64 75 77 86 87 91 92 99 
27 5 10 13 14 15 16 18 23 24 31 40 43 46 48 55 57 63 67 70 71 72 74 76 79 90 100 104 
26 2 3 5 11 14 21 22 42 44 46 47 48 53 54 59 61 73 75 81 86 88 89 92 93 96 100 
30 6 11 16 18 19 23 24 29 30 31 32 33 39 44 47 50 52 56 57 58 67 68 70 76 79 83 90 92 93 103 
22 3 11 14 15 16 18 25 26 28 32 36 45 46 49 51 69 73 76 80 85 86 95 
33 0 3 6 7 8 9 10 14 25 27 29 33 35 40 44 48 52 57 60 65 67 68 69 71 73 80 85 86 89 94 95 96 99 
25 0 1 5 9 12 14 18 19 27 28 31 32 44 51 53 61 64 66 67 71 72 74 76 87 91 
29 5 6 7 18 20 22 26 33 34 36 39 45 46 52 58 62 63 65 79 84 85 89 90 91 93 94 100 102 104 
25 4 11 13 17 18 20 21 32 33 35 36 37 44 60 61 63 64 65 68 70 78 89 90 94 100 
26 0 6 8 9 10 11 19 28 33 34 35 36 39 45 47 53 58 62 66 70 80 81 84 86 89 100 
24 1 5 8 9 12 14 15 22 27 30 36 37 39 40 41 50 53 57 60 72 83 92 96 104 
23 4 6 9 15 16 17 18 20 21 27 30 36 41 53 57 63 65 73 83 88 92 99 103 
25 3 4 15 30 31 32 35 37 41 42 48 54 55 61 63 65 66 67 68 71 81 82 97 101 104 
37 0 3 4 5 7 13 16 22 25 27 31 32 34 35 36 41 42 43 46 52 53 54 55 56 59 62 69 71 78 81 82 83 85 92 94 98 100 
26 1 5 8 11 12 22 26 45 46 48 49 51 53 54 57 58 66 67 71 76 79 81 84 87 94 97 
26 5 7 16 23 24 25 38 43 46 50 53 61 62 65 67 72 77 84 85 91 95 98 99 100 101 103 
23 13 17 18 30 33 36 37 41 44 49 54 60 72 75 81 83 84 88 89 90 91 93 101 
27 1 3 8 9 10 16 19 21 25 26 31 33 39 43 46 51 55 59 62 66 71 78 79 87 96 101 103 
26 0 10 12 13 14 15 17 23 35 40 42 44 45 52 56 61 64 66 69 70 72 73 75 81 92 95 
29 2 6 8 13 20 21 29 32 33 34 39 40 41 43 44 45 48 50 51 73 75 81 88 89 93 94 95 99 101 
25 0 5 9 18 20 26 27 28 45 50 51 56 68 72 73 77 78 79 81 83 85 88 90 94 102 
27 1 2 10 15 26 27 30 32 33 39 40 48 54 57 58 59 60 63 65 69 71 77 78 83 86 90 104 
26 0 1 4 6 8 13 16 18 21 31 35 43 49 54 55 60 61 72 74 80 81 82 89 92 93 95 
27 4 7 11 27 37 38 39 42 43 47 49 50 56 57 59 63 65 68 71 73 75 80 83 89 93 95 96 
29 4 10 11 22 27 32 33 35 36 48 55 58 60 64 67 69 71 76 79 81 83 86 88 92 95 97 100 101 102 
22 4 9 11 14 20 21 30 34 35 37 41 48 53 57 69 74 75 83 88 93 102 103 
26 0 2 4 5 12 13 18 20 44 49 51 57 61 62 69 70 72 75 76 78 79 82 85 86 91 93 
33 0 1 7 8 11 12 20 21 25 30 32 33 36 39 41 44 52 57 59 60 63 69 70 71 72 75 78 81 82 90 94 99 102 
28 4 5 7 19 21 26 27 29 30 32 35 37 39 44 52 56 57 60 61 63 65 66 67 68 70 72 73 83 
27 0 3 6 7 8 9 12 14 19 21 29 30 33 40 43 45 46 57 60 64 68 72 75 87 90 97 104 
22 9 16 17 21 25 36 38 45 51 54 56 57 64 68 70 74 77 81 83 87 95 104 
19 1 2 7 12 26 36 46 47 54 58 64 66 70 72 85 91 93 99 101 
25 0 1 7 15 16 19 21 23 24 27 30 37 39 41 42 46 48 58 61 70 73 80 82 93 97 
24 3 5 9 10 14 17 24 25 26 30 31 39 42 46 50 58 59 60 70 71 73 79 85 90 
18 1 15 24 28 32 33 39 40 45 58 64 82 88 96 98 99 101 103 
20 11 13 17 29 31 35 37 41 51 57 59 62 66 70 73 80 90 102 103 104 
28 7 10 12 16 20 22 23 33 38 39 42 43 52 54 58 66 68 71 74 75 76 77 79 81 82 85 98 103 
30 0 1 3 13 15 27 28 31 33 37 41 43 44 49 50 54 55 59 61 62 63 67 69 71 72 75 76 88 102 104 
20 6 7 14 18 26 32 39 42 43 45 50 51 57 62 66 67 83 87 95 104 
24 4 9 10 16 17 19 24 26 36 38 39 45 48 49 50 62 71 73 82 86 88 94 98 99 
24 0 2 4 16 22 26 27 37 45 54 57 58 60 65 66 68 78 80 82 86 92 95 103 104 
28 0 4 12 13 16 17 22 24 25 38 39 41 45 48 50 54 58 59 64 65 75 77 86 92 93 95 102 103 
27 1 14 16 18 21 25 28 38 42 45 48 58 66 68 69 77 82 84 85 86 90 95 96 98 99 102 103 
21 1 5 13 14 17 18 19 33 34 35 40 41 43 51 53 54 59 61 91 95 102 
23 0 1 7 18 24 32 36 38 40 42 44 46 49 50 51 61 65 76 90 97 98 103 104 
20 5 8 9 14 15 21 26 30 44 47 54 56 66 67 68 76 84 88 96 99 
31 3 4 5 6 11 13 14 21 26 29 31 45 46 48 53 54 56 58 63 64 75 77 81 90 91 94 95 96 97 101 103 
26 1 2 8 9 10 26 28 29 30 33 39 44 45 49 53 54 57 60 68 69 79 81 87 94 95 96 
22 4 9 15 17 23 24 36 38 43 45 47 48 60 68 73 74 78 83 85 95 97 103 
27 1 2 6 8 12 14 19 26 39 44 50 52 54 55 62 64 67 69 70 76 80 82 87 89 95 96 104 
27 1 2 6 7 11 15 21 28 33 40 43 44 45 46 47 49 56 57 59 62 72 77 85 91 92 95 102 
26 0 3 7 8 9 22 23 26 27 30 32 36 48 50 52 53 61 70 76 83 84 91 93 94 96 97 
31 0 9 16 19 20 22 23 25 26 27 31 32 41 53 56 59 61 64 68 70 75 77 85 86 89 91 92 97 98 101 103 
32 0 2 3 4 5 10 18 19 20 29 34 37 39 45 46 54 55 57 60 64 70 71 75 76 81 85 88 92 94 98 99 102 
28 3 6 10 17 23 33 35 39 43 51 54 61 66 67 70 75 76 77 78 84 87 91 93 94 96 97 101 102 
27 2 7 23 29 38 42 43 45 46 47 48 51 54 67 72 73 74 76 77 78 79 82 86 88 91 92 97 
