70:105
56 0 2 3 4 5 6 8 10 11 12 16 17 18 20 22 24 25 28 29 30 33 35 37 39 40 41 42 43 45 46 47 48 50 53 54 58 59 61 63 71 73 74 76 80 81 82 87 88 89 94 95 96 99 100 102 103 
53 2 3 5 7 11 12 13 14 15 17 20 21 23 24 25 28 29 30 32 34 38 39 40 42 43 50 51 53 56 59 61 62 65 73 74 75 78 81 82 83 86 88 89 90 91 92 93 94 95 99 101 102 103 
57 5 6 7 8 10 11 16 18 19 21 22 27 28 29 32 33 34 35 38 40 41 42 43 44 46 47 48 49 51 52 54 55 57 58 60 61 62 63 64 66 72 74 75 76 77 80 82 85 86 87 88 89 92 93 97 99 102 
52 0 1 2 3 4 8 15 18 20 21 22 24 26 29 30 31 33 35 36 37 38 40 42 44 45 49 50 51 57 58 60 63 65 66 67 69 73 75 76 78 83 85 87 89 91 93 94 98 99 101 102 104 
49 0 1 2 7 9 10 11 12 13 15 18 19 20 25 29 33 35 36 42 46 49 50 53 54 59 60 62 65 66 69 71 74 77 79 81 82 84 85 86 88 90 91 93 94 95 98 99 101 104 
37 3 5 8 9 17 18 19 20 21 28 30 31 32 34 36 37 40 41 42 51 52 54 61 62 65 67 68 69 77 81 84 91 94 96 97 102 104 
52 1 3 5 6 7 8 9 10 11 13 17 21 23 24 25 28 29 30 31 33 41 46 47 48 49 50 51 52 54 57 58 59 63 65 67 68 72 74 75 78 82 83 84 86 87 91 92 93 97 98 100 101 
63 0 3 4 6 9 10 11 12 13 14 15 17 18 19 21 22 23 24 25 27 29 30 31 32 34 35 36 37 38 41 42 43 44 45 46 47 49 52 55 56 60 62 63 64 65 67 70 71 74 75 81 82 83 84 87 89 90 93 95 97 99 100 101 
62 0 1 5 7 9 10 11 14 15 18 19 20 21 24 25 27 28 30 31 32 33 34 35 36 38 42 44 45 48 50 51 52 53 54 55 56 57 63 66 67 69 70 74 75 76 77 78 79 81 83 84 88 89 90 91 92 93 94 95 97 101 102 
51 2 6 7 8 11 12 13 14 15 17 24 25 27 29 30 31 32 35 36 37 38 42 44 45 46 47 51 54 55 57 65 68 69 71 72 74 76 80 81 82 83 86 90 93 94 95 96 97 98 102 104 
55 0 1 2 5 6 7 10 11 13 14 18 20 21 24 26 27 28 29 30 31 34 39 40 41 44 45 46 48 50 51 53 54 55 56 57 58 59 60 64 66 68 69 70 72 74 76 79 80 83 84 91 94 96 100 102 
54 1 2 3 5 10 12 13 15 19 20 23 24 26 27 30 31 32 33 35 36 38 39 40 45 46 48 50 55 57 58 59 60 61 63 67 68 69 70 73 74 77 78 80 83 85 86 87 89 90 93 94 99 100 104 
51 3 7 15 16 17 18 20 22 23 24 25 26 27 28 29 33 34 36 37 45 46 47 49 51 53 54 55 61 63 65 66 67 68 69 71 76 78 80 83 84 85 86 87 89 90 93 95 96 99 102 104 
51 0 5 8 9 10 12 13 14 18 24 25 32 35 39 42 43 44 48 49 50 51 53 54 56 58 59 61 63 66 68 70 71 73 74 75 77 79 80 81 83 87 89 90 91 93 94 95 98 99 102 103 
50 3 4 5 14 18 19 20 22 24 25 26 32 33 34 36 39 40 41 43 44 45 47 49 50 51 52 53 54 55 58 62 64 65 68 71 74 77 81 82 83 85 87 91 93 94 96 97 99 101 104 
52 0 10 12 13 15 16 17 19 20 23 24 25 26 31 32 36 37 40 43 44 45 49 52 53 54 55 56 57 58 59 60 62 64 65 69 72 73 74 78 79 80 82 83 84 88 90 91 93 95 97 99 101 
54 1 3 4 5 7 11 13 15 16 18 21 22 23 25 27 28 30 31 32 33 34 35 36 37 39 41 43 45 47 53 54 58 61 62 65 66 67 68 70 71 72 80 82 83 84 85 88 89 91 95 96 98 102 104 
47 3 11 13 15 16 19 21 24 25 26 29 30 33 34 38 44 48 51 53 55 57 58 60 61 62 63 65 67 68 76 77 78 80 81 82 86 87 89 90 91 93 95 96 99 102 103 104 
49 1 3 6 9 10 11 12 14 18 19 20 22 23 27 28 30 33 34 35 37 38 39 44 45 47 48 49 50 56 57 61 64 66 67 68 69 73 75 77 80 82 83 84 86 90 92 95 97 101 
55 0 2 4 6 7 8 11 13 22 23 25 28 29 30 32 33 34 36 38 40 43 49 50 51 52 54 56 57 58 59 60 64 65 67 71 72 73 74 75 79 80 81 83 84 85 86 87 88 89 93 94 98 99 100 101 
52 5 6 10 11 14 16 17 20 22 23 24 27 28 29 30 31 32 34 40 41 45 48 49 52 53 54 58 59 60 61 65 66 69 70 72 73 74 80 82 85 86 87 88 89 93 94 96 98 99 100 103 104 
61 0 1 3 4 5 9 10 11 15 16 17 21 22 23 25 26 27 28 31 32 33 35 37 38 40 43 44 46 48 52 54 56 58 59 64 65 66 68 69 70 73 74 75 76 77 78 79 80 83 85 86 90 91 92 94 96 97 98 100 103 104 
52 2 6 7 10 15 19 20 21 23 25 30 31 34 35 36 37 42 44 45 46 47 48 49 51 53 54 56 57 58 60 62 64 65 67 70 72 77 78 80 83 85 87 88 89 90 91 93 95 98 100 101 102 
51 0 3 5 11 12 14 17 19 25 27 30 31 34 36 38 40 42 44 45 47 48 49 50 51 53 54 57 61 63 64 67 69 70 71 73 74 75 76 81 82 85 86 87 88 89 90 91 94 97 99 103 
54 2 9 10 11 14 17 18 19 21 22 23 28 29 31 35 37 38 39 40 41 45 47 48 49 51 52 54 55 56 57 60 61 63 67 71 72 74 77 78 79 80 81 82 84 87 89 90 91 93 97 98 100 102 103 
48 0 1 2 5 8 11 12 13 14 16 17 18 19 20 22 23 26 30 31 33 35 36 38 40 45 46 47 49 52 55 57 60 61 66 67 69 71 76 80 82 84 85 87 92 99 100 102 103 
45 0 5 6 13 14 15 18 20 21 22 23 26 28 29 31 32 33 34 35 39 42 43 45 46 48 50 51 58 59 60 63 64 67 69 70 71 73 74 78 82 86 87 90 94 101 
65 0 1 2 3 4 5 6 7 8 13 14 16 17 18 19 20 21 22 24 26 30 31 32 34 35 37 41 44 45 48 51 52 53 54 55 59 60 61 62 63 67 68 69 70 71 73 75 80 82 83 85 87 88 89 91 92 93 95 96 99 100 101 102 103 104 
45 0 1 6 7 8 10 12 16 17 18 20 21 25 26 29 30 33 35 39 40 44 45 46 49 58 59 60 62 66 71 73 75 78 79 80 82 84 86 87 88 92 94 95 103 104 
53 0 2 3 6 7 11 12 15 16 17 19 22 23 28 29 31 34 35 36 39 40 41 42 47 49 50 52 53 58 59 61 62 64 66 68 74 77 79 80 81 82 85 86 92 93 94 95 96 99 100 101 102 103 
49 2 6 7 8 9 11 12 15 17 18 21 22 27 33 35 36 37 38 39 40 41 42 45 47 49 50 53 54 56 62 63 67 69 70 72 75 77 79 83 84 87 89 90 91 92 98 101 103 104 
55 0 1 4 5 6 9 10 12 14 16 22 23 26 27 33 34 35 36 37 39 41 43 44 46 47 49 51 53 56 57 58 62 64 68 73 74 75 76 77 78 79 80 81 82 83 85 86 88 89 92 94 95 100 101 103 
54 1 2 3 5 6 10 11 13 14 15 17 18 21 22 23 24 28 29 31 32 34 36 39 41 43 44 48 50 52 53 54 56 58 63 65 66 67 68 70 74 84 86 87 88 90 91 92 93 94 95 96 97 98 100 
59 2 4 5 6 7 8 9 10 14 15 17 20 21 22 24 25 26 29 33 34 35 36 38 39 40 42 43 44 45 47 48 53 56 59 65 67 68 69 70 71 75 77 78 79 83 84 86 87 88 89 90 93 95 96 97 98 99 103 104 
54 1 2 4 5 7 8 9 10 16 19 20 21 26 27 29 31 33 34 35 36 37 39 40 41 42 47 50 55 60 61 62 64 65 66 68 70 73 74 76 77 83 85 87 88 89 90 91 93 94 96 97 100 102 104 
50 2 3 4 5 7 9 11 13 14 15 16 19 20 24 27 28 30 32 34 35 40 41 42 43 44 46 48 49 50 51 55 60 61 66 70 73 74 75 79 81 82 85 86 90 91 97 98 99 101 102 
56 0 1 2 5 6 7 9 10 11 12 17 20 21 22 23 26 27 33 36 37 39 40 42 43 45 46 47 49 50 54 55 56 57 58 60 65 67 73 74 75 76 79 83 84 86 88 91 92 93 94 95 99 101 102 103 104 
52 1 3 9 10 15 16 17 20 21 23 25 28 34 36 37 38 40 41 42 43 44 45 48 49 50 51 52 53 56 57 59 62 64 69 71 72 74 76 78 79 80 83 85 86 88 90 91 94 96 101 103 104 
49 2 4 5 8 9 10 11 12 13 15 16 19 20 22 24 25 29 32 34 35 36 37 38 39 40 41 42 50 53 55 56 59 61 63 65 68 72 73 74 82 83 86 87 90 91 96 97 99 102 
54 0 4 5 6 8 11 17 20 21 23 25 26 28 29 30 31 34 36 39 40 41 46 47 48 50 51 52 55 59 60 61 62 68 70 71 73 76 77 78 79 80 81 83 88 89 90 92 93 95 97 98 99 102 104 
43 0 1 2 3 4 8 9 10 13 14 15 16 18 32 34 35 40 41 45 48 49 52 53 55 60 61 62 63 64 72 79 81 84 86 87 88 91 92 93 96 100 101 104 
47 0 1 2 4 5 7 8 16 17 20 24 28 33 34 36 37 38 44 46 49 53 55 59 60 65 67 68 70 71 74 76 77 79 82 83 86 88 89 90 91 92 94 95 96 97 100 102 
56 0 3 5 7 8 9 10 11 14 15 16 18 20 21 22 23 27 29 31 35 38 39 41 42 44 47 48 50 53 54 56 59 62 68 69 71 76 77 78 86 87 88 89 90 91 93 94 96 97 98 99 100 101 102 103 104 
49 0 1 3 4 8 14 16 25 26 27 29 32 33 38 39 40 41 42 43 47 48 51 52 54 55 57 58 59 62 64 66 67 70 71 73 74 79 80 83 84 90 93 94 96 99 100 101 102 104 
50 0 2 3 4 8 9 10 13 16 17 18 21 22 23 25 26 29 30 31 34 35 36 37 38 39 40 41 44 56 59 60 62 66 69 71 72 74 75 78 80 82 83 87 89 92 98 99 101 103 104 
58 3 5 8 11 12 14 16 17 19 21 22 25 27 28 30 32 33 34 35 36 37 38 42 43 44 45 46 48 50 51 52 53 55 58 60 65 66 67 68 69 70 71 73 74 75 78 79 80 81 82 85 89 91 93 94 97 103 104 
60 0 2 5 6 7 9 10 11 12 14 15 16 17 18 22 23 25 29 30 31 33 34 38 39 41 42 45 46 47 49 50 51 52 53 56 59 64 68 73 76 78 80 81 82 83 84 85 86 89 90 91 94 96 98 99 100 101 102 103 104 
52 0 1 4 5 7 9 11 17 18 19 20 21 23 25 27 28 30 34 35 36 37 39 40 42 44 47 50 51 52 53 54 55 56 58 61 62 64 65 69 75 77 78 80 85 88 90 92 93 97 98 99 102 
49 0 5 7 8 10 12 15 16 18 19 20 22 26 31 33 35 36 39 40 44 49 51 52 53 55 57 60 61 64 65 70 71 72 73 77 78 80 81 83 84 85 86 87 89 93 94 97 99 103 
54 0 1 3 4 5 9 10 13 14 16 17 18 19 20 21 23 25 29 30 31 32 39 42 43 44 46 47 50 51 52 53 54 57 64 66 67 68 73 74 76 80 81 82 83 86 88 90 93 94 95 98 99 101 104 
50 0 1 2 4 5 6 8 12 13 16 18 22 24 25 27 28 29 30 32 39 41 42 44 45 49 50 57 59 60 61 62 63 66 70 71 73 74 78 82 83 84 87 90 93 94 96 100 102 103 104 
46 0 1 3 5 7 10 13 18 19 20 21 22 25 27 29 30 31 32 33 34 42 44 46 54 55 56 57 60 63 64 66 70 71 74 75 77 79 83 88 89 90 91 92 93 95 98 
56 2 3 4 5 6 8 9 10 11 12 13 14 15 20 23 24 25 26 27 28 31 32 34 36 37 39 41 43 44 46 48 49 53 54 55 57 58 60 62 63 66 68 70 71 73 74 75 78 79 82 84 85 93 95 98 103 
57 1 3 4 6 7 10 11 12 13 15 16 17 19 20 21 24 26 27 28 31 33 35 36 38 39 42 44 46 47 48 50 51 52 53 57 59 60 62 63 64 65 66 67 68 74 77 80 81 86 87 88 91 94 96 98 99 100 
62 0 2 5 6 8 10 16 17 18 19 20 21 22 24 25 26 27 28 29 31 33 35 36 38 39 40 41 42 43 44 45 46 47 48 49 50 51 54 57 59 60 62 63 70 71 72 74 75 77 78 81 82 83 86 88 92 93 95 97 100 101 103 
49 1 3 4 8 9 12 15 16 17 18 20 21 22 24 25 31 33 37 41 45 47 49 51 53 55 56 57 59 60 61 65 69 71 73 75 77 79 83 84 85 86 87 89 90 95 96 97 101 103 
54 0 2 4 6 7 8 9 10 11 13 14 18 20 21 22 24 26 28 29 30 34 35 36 37 38 39 41 46 49 55 58 60 61 62 63 64 67 68 72 73 75 76 78 80 81 84 85 88 89 91 96 97 100 104 
51 0 2 4 8 16 17 18 19 25 27 29 30 32 36 37 38 40 41 42 45 47 48 50 54 55 57 61 62 63 64 65 67 69 70 73 75 76 77 78 80 82 84 86 87 88 89 93 99 100 101 104 
55 1 5 7 10 11 14 17 19 20 21 24 26 27 31 33 34 35 37 39 40 41 45 48 51 53 54 56 57 58 59 60 63 64 65 66 67 68 69 70 72 73 75 76 77 81 85 87 88 90 91 94 99 101 102 103 
55 1 3 5 7 8 10 11 12 13 15 16 17 19 22 30 31 33 34 37 42 43 44 46 49 51 53 55 57 58 64 65 66 69 71 72 75 76 77 80 82 83 84 85 86 87 88 91 92 94 95 98 99 100 103 104 
52 2 5 6 7 14 16 18 20 21 25 27 28 29 30 37 38 42 44 46 47 49 50 53 54 55 56 57 58 64 65 66 67 68 69 71 73 77 78 79 80 82 83 84 86 90 92 94 95 96 97 101 103 
49 1 5 6 8 9 13 15 17 18 20 24 25 26 28 30 32 33 34 36 37 39 41 43 46 50 51 55 61 64 66 68 72 74 75 76 77 79 80 82 91 93 94 95 96 97 98 99 100 102 
51 1 2 6 13 15 17 18 20 25 26 30 31 34 36 37 39 40 41 42 43 44 46 51 52 55 56 61 65 66 67 70 72 73 75 76 77 78 79 80 81 82 83 85 86 87 89 92 94 95 98 104 
53 2 4 5 7 9 10 13 16 17 23 24 25 29 31 32 33 34 35 36 37 40 45 49 51 52 53 55 57 62 63 65 66 67 70 75 76 77 78 82 84 86 87 88 89 90 93 97 98 99 100 101 102 104 
57 0 2 4 5 6 8 9 10 12 15 18 21 24 26 27 28 31 34 36 37 39 41 42 43 45 46 47 50 51 54 57 58 60 62 65 66 69 71 72 73 74 76 82 83 84 86 87 88 91 93 95 96 98 99 101 103 104 
58 0 2 3 5 7 8 9 14 15 17 21 22 24 27 28 30 32 33 36 38 41 43 44 47 53 54 55 56 57 58 62 63 64 66 68 69 70 71 73 76 77 80 84 85 86 87 88 89 92 94 95 97 99 100 101 102 103 104 
53 2 3 5 6 7 9 11 12 14 16 17 19 20 23 24 25 27 28 34 35 36 37 39 40 41 42 46 47 48 51 52 58 60 63 66 67 68 69 70 72 74 75 77 81 83 88 89 90 93 96 99 101 103 
48 2 3 4 9 10 11 16 17 19 21 22 24 27 28 29 30 31 33 34 36 38 39 40 42 45 48 50 51 52 54 55 56 57 58 60 61 67 69 70 79 80 82 89 93 95 96 98 101 
52 1 3 8 9 10 13 15 21 23 24 29 31 32 33 34 35 36 39 40 42 45 46 51 53 54 55 56 57 58 60 64 65 68 69 71 72 73 74 75 76 77 81 82 85 87 94 98 100 101 102 103 104 
52 0 1 3 4 6 10 11 12 13 15 16 19 22 25 26 27 28 29 33 35 36 37 40 41 42 43 44 45 49 50 53 60 61 62 63 65 66 73 74 75 78 79 80 82 87 89 90 96 97 100 102 103 
