70:105
53 0 1 2 4 5 7 8 9 12 14 16 18 19 20 21 22 23 27 29 31 35 36 37 38 41 42 44 47 48 53 56 60 61 64 70 72 74 75 76 77 80 82 83 85 89 91 96 97 98 99 100 103 104 
47 0 4 7 9 12 18 19 20 21 24 26 27 32 33 45 47 48 53 54 55 56 58 59 60 63 64 66 67 68 69 73 75 77 80 81 82 83 86 88 95 96 97 98 100 102 103 104 
58 0 4 8 9 10 11 15 17 18 20 21 22 23 24 27 28 30 31 33 34 37 38 39 40 42 47 50 52 53 54 55 58 60 62 64 65 67 68 69 70 74 75 76 77 79 80 82 83 84 85 86 91 94 96 100 101 102 103 
60 0 2 3 4 5 6 7 8 11 13 14 16 17 18 19 21 22 24 25 28 30 32 33 37 38 40 42 43 44 47 48 49 53 54 56 57 58 59 60 64 68 70 71 74 76 77 78 79 82 83 84 86 87 92 95 97 101 102 103 104 
55 1 3 4 5 7 8 9 10 12 16 18 19 20 21 23 24 25 29 32 38 39 44 48 51 52 53 54 58 60 61 62 63 65 66 71 72 74 76 79 81 83 87 89 90 92 93 94 95 96 97 98 99 100 102 103 
51 1 2 3 5 6 7 9 12 13 14 15 16 21 22 23 24 25 26 27 30 31 32 33 36 39 40 41 52 54 55 60 65 66 67 68 69 74 75 77 78 79 84 86 87 88 89 94 98 99 100 104 
60 1 3 4 5 7 8 10 11 12 14 15 17 18 19 22 28 30 31 35 36 37 38 39 40 42 43 44 46 47 48 50 52 55 56 57 58 60 61 62 63 64 66 67 68 69 70 71 73 75 78 79 86 88 89 91 93 94 97 102 104 
58 1 2 5 6 7 8 9 15 17 20 21 24 25 26 27 29 30 32 34 36 38 39 40 41 42 44 45 48 49 50 51 53 54 57 59 61 65 67 68 70 71 72 75 77 81 82 83 84 85 90 91 94 96 97 99 100 101 103 
54 0 1 2 5 7 10 13 15 16 17 19 20 21 25 31 33 34 36 39 40 41 42 43 44 46 47 49 51 53 56 57 60 61 64 66 69 71 72 74 75 79 80 81 84 87 89 90 91 93 95 96 97 100 103 
45 0 4 5 7 11 13 14 16 17 18 19 20 21 22 23 24 25 26 27 30 32 36 38 40 42 45 47 49 53 55 56 57 58 63 65 71 74 76 82 85 89 93 98 99 103 
48 3 6 7 8 11 14 16 18 21 23 24 27 29 30 31 36 37 39 40 46 51 53 54 55 56 57 62 63 65 66 68 70 71 73 74 75 76 77 78 80 81 83 85 89 91 98 99 104 
51 2 3 4 6 7 12 19 21 22 23 26 27 28 37 38 40 41 43 45 48 49 52 53 54 55 56 57 59 60 61 62 64 67 68 69 71 72 73 75 77 82 83 84 86 87 91 92 95 98 102 104 
53 1 3 6 13 19 20 21 22 24 25 27 28 29 30 31 32 33 35 40 42 43 46 49 50 51 52 53 54 56 61 63 65 67 68 70 72 73 74 75 76 77 80 82 83 85 87 91 92 93 98 99 100 101 
46 0 2 3 5 8 10 11 16 17 27 29 32 34 38 45 48 50 51 52 53 55 58 60 63 64 65 66 67 71 73 74 75 79 80 81 83 84 87 88 90 91 94 98 100 102 104 
54 0 2 5 6 10 11 12 13 15 19 20 22 26 29 31 33 34 36 37 39 40 43 44 45 48 49 50 53 56 58 59 62 67 69 71 72 74 75 78 79 80 81 82 86 87 89 90 92 95 96 97 99 101 102 
46 1 4 5 8 12 16 17 21 24 26 28 32 34 35 38 39 41 42 46 47 49 51 54 58 64 66 67 69 71 75 76 77 79 80 82 84 87 88 94 95 96 97 99 101 102 103 
60 0 2 3 4 5 10 11 12 13 15 16 17 18 22 23 24 25 27 29 30 33 34 35 37 38 39 43 44 45 47 50 51 52 53 54 57 58 59 60 61 62 63 65 67 69 71 77 78 80 81 85 86 89 91 95 96 97 102 103 104 
48 1 2 3 4 6 11 12 13 16 18 20 22 27 32 37 39 40 41 42 43 45 46 49 51 52 54 55 56 59 61 64 69 70 73 75 78 80 84 85 88 92 95 96 97 98 101 102 103 
57 0 2 3 7 9 10 11 12 13 14 17 18 19 21 23 24 25 26 29 31 37 41 43 44 45 46 48 49 50 51 52 53 59 60 61 63 64 65 71 73 74 76 77 80 81 84 87 88 89 90 92 93 95 98 99 100 104 
53 3 5 8 10 12 13 14 19 21 23 24 26 27 28 29 30 31 32 36 39 40 41 42 45 46 47 49 51 52 53 54 56 60 61 62 63 67 68 70 73 74 75 77 79 80 81 86 87 91 94 97 99 101 
51 1 2 3 5 6 7 12 15 18 22 23 25 26 28 30 31 32 33 34 42 45 47 53 55 57 58 60 63 65 70 71 74 75 81 82 83 85 87 88 90 91 92 93 95 96 97 98 100 101 102 104 
56 0 1 2 7 8 11 15 17 21 23 24 26 28 29 31 32 33 34 35 38 42 43 45 47 48 50 51 52 53 55 56 57 58 59 60 61 62 64 68 69 71 73 76 77 78 80 81 83 85 88 92 93 95 98 99 102 
59 1 2 3 4 8 10 12 13 14 15 16 17 18 19 21 22 23 26 29 30 34 35 36 40 41 46 49 50 54 55 56 58 61 63 64 66 67 68 69 73 75 76 79 80 83 84 85 87 90 91 92 93 95 98 99 100 101 102 104 
50 2 4 6 7 8 9 13 14 15 20 23 25 26 27 28 29 30 31 34 35 36 37 40 42 43 44 46 48 49 51 60 61 62 64 65 66 68 70 77 78 80 81 82 87 89 90 93 98 99 103 
50 2 4 8 10 15 16 20 21 22 23 25 26 27 28 29 32 40 43 45 46 50 51 54 56 57 59 61 62 63 64 66 68 73 75 78 79 80 83 84 85 87 88 91 92 93 95 98 99 100 104 
54 0 1 3 4 5 9 10 12 14 16 17 20 21 22 25 26 27 28 29 30 32 33 36 40 42 43 44 45 46 49 50 55 56 58 59 62 63 66 70 74 75 76 77 78 81 83 84 86 88 89 91 92 101 102 
46 6 7 9 11 12 13 17 20 23 24 25 27 29 31 32 34 38 39 40 43 46 49 50 51 53 54 57 58 61 62 64 65 68 70 71 73 75 81 85 87 88 96 97 99 100 102 
50 5 7 8 9 11 14 15 17 18 19 21 22 26 27 30 35 36 37 38 41 43 45 47 48 49 51 52 53 54 57 58 62 63 68 69 72 73 75 81 82 84 85 87 88 89 91 92 97 99 101 
60 2 3 4 5 6 8 10 11 13 15 18 20 26 28 29 30 31 33 34 35 36 37 40 41 43 44 46 47 48 49 50 52 57 59 60 61 62 63 64 68 73 76 77 78 79 80 81 82 84 85 88 89 90 91 93 95 96 97 99 103 
49 1 2 4 6 9 11 14 15 19 20 26 27 29 30 33 34 35 43 45 47 49 51 52 53 56 58 59 60 63 65 66 69 70 71 73 75 76 77 87 90 93 94 95 96 97 100 101 103 104 
58 1 2 4 5 6 8 9 13 14 16 17 18 19 20 23 25 28 30 32 35 37 38 40 41 43 44 46 47 51 52 53 54 57 59 61 66 69 72 73 74 75 76 77 79 82 84 87 90 91 92 93 94 98 99 101 102 103 104 
51 2 5 6 8 9 11 12 13 15 16 17 18 19 20 21 22 28 29 33 34 35 39 40 42 47 49 51 52 54 56 58 61 62 64 66 67 69 70 71 73 76 79 83 84 89 90 92 93 96 98 101 
53 0 2 3 5 6 7 8 9 10 12 13 15 16 20 25 28 31 32 36 40 41 43 44 45 49 50 52 56 59 60 61 63 64 65 68 71 72 73 76 77 78 79 81 82 84 85 86 89 90 92 96 101 102 
59 1 5 8 9 10 13 14 16 18 19 21 22 23 26 27 29 32 37 39 41 43 44 45 47 49 50 51 52 55 57 58 60 61 62 64 65 68 70 73 74 75 76 77 78 79 80 82 83 85 86 87 88 93 94 96 100 101 103 104 
49 1 8 9 10 12 13 16 19 24 25 26 29 30 35 37 42 44 45 47 49 53 54 55 57 61 63 65 66 67 69 70 71 75 76 78 80 81 82 83 87 90 91 95 97 99 100 101 102 103 
54 0 1 3 6 8 10 12 17 18 21 24 27 28 29 30 32 33 34 35 37 39 40 41 43 50 51 52 53 54 57 58 59 60 61 62 65 66 72 76 81 82 83 84 87 89 90 91 94 95 96 97 100 101 103 
52 1 2 3 6 8 9 12 15 16 17 19 20 22 25 26 29 31 35 37 38 40 41 43 45 47 48 49 50 52 54 57 59 63 64 67 72 73 74 78 79 80 84 85 86 89 90 91 95 96 98 99 104 
51 0 2 3 5 9 11 16 17 18 21 22 24 25 26 27 28 29 37 40 41 44 45 47 48 50 51 52 54 56 62 64 65 66 67 68 70 72 76 77 78 80 82 83 84 85 92 94 96 99 100 102 
49 2 3 5 6 7 8 9 12 14 15 16 18 19 20 22 26 30 35 39 40 44 45 48 49 51 53 58 59 62 63 64 67 69 70 71 72 77 78 80 81 82 83 87 89 91 94 95 99 100 
52 0 1 6 7 11 13 14 17 21 22 23 28 29 33 42 43 45 46 47 48 52 53 54 55 57 59 61 62 63 68 70 72 73 74 76 77 78 80 81 82 83 84 86 87 89 91 95 98 99 100 101 104 
57 0 3 5 6 7 11 14 15 20 21 22 23 24 25 27 28 29 31 40 41 43 44 45 46 47 49 51 52 54 55 56 59 60 61 63 65 66 68 70 71 72 73 76 77 78 79 80 82 83 86 88 89 90 95 98 102 103 
57 0 1 2 3 4 6 7 9 10 13 15 16 19 20 21 22 23 24 26 28 31 33 35 36 38 39 40 43 45 46 47 48 50 51 53 56 57 63 64 65 67 68 69 70 71 74 76 80 81 82 84 90 91 96 98 102 103 
45 2 3 6 10 14 15 22 23 24 27 29 31 32 33 39 42 43 44 45 47 48 51 53 54 57 60 62 67 68 69 71 72 75 76 77 80 87 89 90 91 92 94 96 98 101 
57 0 1 2 7 8 11 12 13 14 19 22 23 25 26 28 31 32 33 34 35 36 37 38 41 43 45 52 53 54 55 56 57 58 59 60 61 63 64 65 66 67 68 71 72 74 75 76 79 80 87 91 94 95 99 102 103 104 
51 1 4 6 11 12 14 15 17 18 19 21 22 27 28 32 33 34 35 36 37 38 42 43 45 47 53 55 57 61 64 66 68 69 70 71 73 74 78 80 83 84 85 86 88 92 93 96 98 99 101 102 
54 1 2 3 4 5 7 10 12 13 15 16 18 19 20 23 24 26 27 30 33 35 36 38 40 45 48 50 58 60 61 62 63 66 67 70 71 72 75 76 77 79 80 81 83 87 88 89 90 93 94 95 96 100 101 
47 2 6 8 9 11 12 13 16 18 19 22 25 30 31 34 35 36 38 43 44 45 50 54 55 57 61 62 63 67 68 71 74 75 76 77 80 86 87 88 90 92 94 95 96 98 101 103 
57 0 3 4 6 7 8 9 11 12 13 14 15 16 17 18 20 21 22 23 26 28 30 32 35 37 40 41 42 44 45 48 49 54 55 56 57 62 65 66 67 68 70 73 75 78 79 83 84 86 88 89 92 98 99 102 103 104 
47 3 4 9 10 13 20 22 23 24 29 31 32 34 35 37 39 40 41 44 47 48 49 51 53 57 60 64 65 67 70 73 75 77 78 81 82 83 84 86 87 88 94 96 100 101 103 104 
44 3 7 9 10 11 12 15 17 19 20 23 30 31 32 33 35 37 39 40 45 46 47 49 54 56 62 63 68 69 72 73 74 79 82 84 86 87 88 90 91 94 98 102 104 
52 2 3 6 7 8 13 14 16 17 19 21 23 26 27 29 33 34 37 40 41 42 44 49 51 55 56 57 59 60 63 65 68 70 71 74 75 76 77 78 79 80 81 83 85 86 88 89 90 98 99 100 103 
55 1 2 5 6 9 10 11 13 14 16 19 21 22 25 27 28 32 36 37 41 43 44 45 46 48 50 51 52 53 57 60 65 68 69 72 74 77 78 79 80 81 82 85 86 87 88 89 90 94 95 96 97 98 100 104 
52 0 2 7 9 10 11 14 17 21 24 26 27 28 31 33 35 40 41 43 45 47 48 50 52 53 55 59 61 62 63 64 65 67 68 71 73 78 80 81 83 84 85 88 91 92 93 95 97 100 101 102 103 
45 2 3 5 9 11 12 20 21 25 27 32 33 36 42 44 46 47 49 50 52 56 57 58 60 62 63 65 66 68 69 73 75 76 78 80 83 84 85 86 87 89 90 92 94 104 
61 0 2 3 4 5 6 8 10 11 13 15 18 19 21 22 23 24 25 27 28 29 30 31 32 36 39 40 42 43 44 45 46 47 50 55 58 60 62 66 69 71 72 73 74 79 80 81 83 88 89 90 91 95 96 97 98 99 100 102 103 104 
56 0 3 5 6 8 10 12 14 15 16 17 18 20 22 23 25 28 29 32 33 36 37 38 41 42 43 44 45 47 49 50 51 55 56 57 59 61 62 66 67 69 74 75 76 79 80 82 86 88 90 92 93 94 95 96 98 
56 2 5 8 10 11 14 16 18 19 20 21 22 24 25 27 35 36 39 40 43 47 50 51 55 56 57 58 59 61 63 64 66 67 68 69 72 73 76 77 79 80 81 82 83 84 86 87 88 90 91 93 94 98 99 100 103 
45 3 5 6 7 8 9 10 14 15 17 18 21 24 31 34 41 45 46 47 48 50 51 55 57 58 59 62 66 68 69 71 72 73 77 78 89 92 93 94 96 98 99 102 103 104 
54 0 1 3 6 7 10 11 14 20 23 24 25 27 30 33 34 35 36 37 39 40 41 42 43 45 47 48 50 53 57 59 60 61 63 65 67 70 73 75 79 81 83 84 85 86 89 92 94 95 99 100 102 103 104 
44 0 1 2 4 5 7 9 10 11 12 13 15 16 19 21 22 26 27 29 41 45 46 50 52 53 54 58 63 64 66 67 68 75 76 78 85 92 93 94 97 98 99 101 102 
52 0 1 7 10 12 13 14 15 17 18 20 21 23 25 26 28 31 32 34 35 37 38 39 43 45 46 47 48 50 51 52 53 56 61 62 63 64 66 69 73 82 86 87 89 91 92 94 95 97 98 99 104 
55 1 4 6 7 8 10 12 13 15 16 19 20 21 24 27 30 33 34 35 36 38 39 40 41 42 46 51 54 55 58 62 63 64 68 70 72 73 74 75 76 77 79 80 83 84 86 87 91 92 96 97 99 100 102 104 
61 0 2 7 8 11 12 16 17 18 19 20 21 22 23 27 29 30 31 32 38 41 42 43 45 47 48 49 50 51 55 58 59 60 62 63 65 66 67 68 69 70 71 72 73 74 75 77 78 82 83 84 85 86 90 94 95 96 97 99 100 104 
50 3 4 7 9 10 12 13 15 16 17 19 20 22 26 27 28 31 33 35 38 43 44 45 46 51 53 55 59 61 64 66 67 68 69 72 75 77 79 81 82 84 86 87 93 94 95 97 99 102 104 
53 1 5 7 8 9 11 12 13 14 15 18 19 21 22 23 24 25 28 31 34 38 40 42 45 49 58 59 61 62 65 66 67 68 70 71 72 74 75 77 78 80 82 85 86 88 91 92 96 97 98 99 103 104 
63 2 3 6 8 9 11 13 15 16 18 19 20 21 22 25 26 27 28 30 32 35 36 37 38 39 40 43 44 45 49 51 52 56 57 58 59 62 64 65 66 67 71 72 73 74 78 79 81 83 84 85 86 88 89 93 95 97 98 99 101 102 103 104 
61 0 1 3 4 5 6 9 11 13 14 16 17 19 20 23 24 25 26 27 28 29 32 36 37 38 39 42 43 44 46 47 51 54 55 57 61 64 67 70 71 73 74 76 77 78 79 80 82 83 84 86 87 88 90 92 95 96 97 98 100 101 
66 0 8 9 10 12 13 15 16 18 19 21 22 23 24 25 26 28 29 30 31 34 37 40 41 43 44 45 46 48 49 51 53 54 56 57 58 59 60 61 63 64 66 67 69 72 73 74 75 78 79 80 81 82 84 85 86 87 90 92 93 94 97 99 100 102 103 
58 0 3 4 5 6 7 8 10 12 14 15 16 17 18 19 20 25 26 27 28 30 36 39 42 43 45 46 48 49 52 53 54 58 60 61 62 64 65 66 67 69 72 76 78 80 82 83 84 86 88 89 92 93 94 96 99 103 104 
45 2 3 8 9 12 14 16 18 19 26 27 29 31 32 35 37 40 44 48 50 51 56 57 59 61 62 64 65 67 68 70 72 77 79 80 82 83 84 88 89 93 95 96 100 102 
