192:2473
186 0 1 2 3 4 5 6 7 8 9 10 11 12 13 14 15 42 51 68 138 139 140 142 145 146 147 150 152 153 154 156 157 160 228 296 298 299 300 304 305 308 309 310 311 313 315 317 318 319 321 323 325 1004 1005 1006 1013 1014 1015 1016 1018 1019 1021 1022 1023 1025 1028 1030 1031 1033 1035 1037 1038 1041 1043 1045 1139 1141 1142 1143 1148 1151 1153 1157 1159 1160 1162 1163 1164 1167 1169 1173 1175 1183 1185 1187 1192 1194 1196 1201 1203 1205 1206 1209 1212 1215 1296 1299 1301 1302 1307 1310 1312 1315 1316 1320 1322 1324 1325 1328 1330 1332 1333 1397 1428 1434 1435 1441 1445 1450 1496 1505 1506 1512 1564 1575 1577 1580 1589 1746 1748 1756 1758 1761 1766 1984 1985 1988 1990 1992 1996 1997 2114 2117 2120 2121 2125 2128 2131 2134 2139 2140 2144 2145 2148 2150 2152 2212 2214 2215 2218 2220 2223 2227 2248 2249 2250 2255 2256 2258 2262 2319 2324 2325 2331 2334 2338 
222 16 17 18 19 20 21 22 23 24 25 26 27 28 29 30 31 32 33 34 35 36 37 38 39 40 41 51 52 59 119 120 122 123 126 212 213 218 229 579 581 582 583 586 588 589 590 591 593 596 599 603 608 609 611 612 616 618 623 626 627 629 631 632 635 638 647 655 658 745 747 748 751 753 754 755 756 758 760 762 766 772 773 775 776 778 780 847 850 851 853 855 856 857 858 861 864 1004 1005 1006 1007 1008 1010 1011 1012 1013 1014 1015 1016 1017 1019 1022 1024 1025 1026 1031 1036 1037 1039 1040 1043 1299 1302 1303 1306 1307 1308 1310 1313 1316 1323 1324 1326 1330 1417 1435 1436 1438 1439 1442 1445 1506 1507 1513 1569 1583 1587 1819 1821 1822 1823 1826 1828 1829 1830 1832 1835 1839 1843 1848 1850 1851 1855 1857 1913 1915 1916 1919 1921 1922 1923 1924 1926 1929 1931 1935 1940 1941 1943 1944 1947 1949 1958 1959 2002 2015 2019 2027 2117 2121 2122 2124 2125 2126 2129 2134 2142 2144 2146 2150 2294 2295 2296 2298 2299 2300 2301 2303 2304 2306 2348 2349 2354 2417 2419 2421 2423 2424 2425 2426 2427 2429 2431 
54 42 43 44 45 46 47 48 49 50 51 52 53 54 55 56 57 58 59 60 61 62 63 64 65 66 67 68 69 70 71 72 73 74 75 76 77 78 79 80 81 82 83 84 85 86 87 88 89 90 97 99 100 103 107 
28 68 69 70 71 72 73 74 75 76 77 78 79 80 81 82 83 84 85 86 87 88 89 90 97 99 100 103 107 
20 91 92 93 94 95 96 97 98 99 100 101 102 103 104 105 106 107 108 109 110 
94 92 94 96 106 111 112 113 114 115 116 117 118 119 120 121 122 123 124 125 126 127 128 129 130 131 132 133 134 229 232 233 234 235 236 237 238 239 240 241 242 243 245 248 251 252 253 255 256 257 258 259 260 261 263 264 265 266 268 269 270 271 1335 1336 1338 1339 1340 1341 1342 1343 1345 1346 1348 1349 1350 1352 1353 1354 1355 1357 1358 1359 1360 1525 1526 1527 1528 1531 1532 1533 1534 1535 1537 1538 1539 
14 135 544 704 710 782 1361 1393 1395 1451 1813 1881 2170 2232 2455 
137 0 16 135 136 350 361 388 412 413 418 419 422 423 424 429 432 440 451 452 456 457 460 461 462 466 469 482 483 486 487 528 562 671 673 674 683 684 687 691 692 699 702 716 721 729 733 786 787 791 792 795 797 798 802 805 870 897 921 938 1099 1241 1242 1243 1245 1246 1247 1248 1249 1250 1252 1253 1254 1277 1369 1451 1453 1456 1457 1459 1460 1467 1543 1544 1551 1554 1597 1598 1603 1604 1607 1608 1609 1613 1616 1617 1621 1623 1631 1634 1654 1670 1694 1769 1771 1781 1787 1793 1794 1796 1798 1870 1871 1877 1880 1881 1883 1886 1887 1889 1890 2173 2183 2200 2236 2238 2243 2263 2275 2308 2376 2379 2380 2386 2388 2389 2400 2463 
41 42 46 47 48 49 51 53 59 61 66 67 68 72 73 83 84 90 137 138 139 140 141 142 143 144 145 146 147 148 149 150 151 152 153 154 155 156 157 158 159 160 
156 91 161 162 163 164 165 166 167 168 169 170 171 172 173 174 175 176 177 178 179 180 181 182 183 184 185 186 187 188 189 190 191 192 193 194 195 196 197 198 199 200 201 202 203 205 208 211 212 213 215 216 217 218 219 220 222 223 225 226 232 233 236 241 243 251 252 255 257 258 266 268 270 620 623 624 625 626 627 629 630 631 632 633 634 635 636 637 638 640 641 643 1399 1407 1411 1414 1417 1422 1424 1426 1525 1528 1531 1533 1535 1537 1539 1565 1569 1574 1575 1576 1577 1579 1580 1583 1587 1588 1589 1590 1592 1951 1952 1954 1955 1958 1959 1960 1961 1962 1963 1964 1965 1966 1968 1969 1970 1998 2002 2004 2007 2009 2010 2012 2015 2019 2020 2021 2022 2023 2025 2028 2030 2033 2035 2040 2042 
72 91 92 94 95 96 98 108 203 204 205 206 207 208 209 210 211 212 213 214 215 216 217 218 219 220 221 222 223 224 225 226 227 229 232 233 234 236 237 238 239 240 241 242 243 245 251 252 253 255 256 257 258 261 263 264 265 266 268 269 270 1525 1526 1527 1528 1531 1532 1533 1534 1535 1537 1538 1539 
60 91 92 94 95 96 98 99 100 101 102 103 105 106 108 109 110 228 229 230 231 232 233 234 235 236 237 238 239 240 241 242 243 244 245 246 247 248 249 250 251 252 253 254 255 256 257 258 259 260 261 262 263 264 265 266 267 268 269 270 271 
9 476 703 705 1217 1768 1810 2105 2153 2156 
27 433 705 706 708 711 717 915 1452 1453 1540 1594 1618 1867 1882 1883 2077 2105 2106 2108 2156 2157 2163 2228 2364 2434 2443 2458 
24 136 477 706 711 783 1218 1241 1362 1394 1396 1453 1483 1814 1859 1883 2106 2154 2157 2171 2182 2233 2318 2442 2456 
28 479 663 1218 1224 1241 1248 1453 1454 1483 1484 1490 1541 1555 1595 1619 1790 1859 1860 1868 1883 1884 1971 2182 2318 2365 2377 2442 2444 
15 1 441 503 718 1542 1556 1596 1620 1635 1869 2082 2095 2174 2184 2464 
108 92 113 116 118 119 120 122 123 124 125 126 127 128 131 132 133 205 208 211 212 213 215 216 217 218 219 220 221 222 225 226 227 236 241 251 252 255 256 257 258 268 269 270 272 273 274 275 276 277 278 279 280 281 282 283 284 285 286 287 288 289 290 291 292 293 294 295 1346 1348 1349 1357 1358 1359 1531 1532 1533 1537 1538 1539 1954 1955 1958 1959 1960 1962 1963 1964 1965 1966 1967 1968 1969 2341 2344 2347 2348 2349 2351 2352 2353 2354 2355 2356 2357 2358 2361 2362 2363 
240 42 46 47 48 49 51 53 59 61 66 67 68 72 73 79 83 84 85 90 228 230 235 236 237 248 255 260 262 264 271 296 297 298 299 300 301 302 303 304 305 306 307 308 309 310 311 312 313 314 315 316 317 318 319 320 321 322 323 324 325 1020 1021 1022 1023 1025 1026 1027 1028 1030 1031 1032 1033 1034 1035 1037 1038 1040 1041 1043 1044 1045 1194 1195 1196 1199 1201 1203 1204 1205 1206 1207 1208 1209 1212 1214 1215 1216 1294 1295 1296 1297 1298 1299 1301 1302 1304 1307 1309 1310 1312 1313 1315 1316 1317 1318 1319 1320 1321 1322 1324 1325 1328 1330 1331 1332 1333 1338 1339 1345 1350 1351 1353 1360 1397 1402 1403 1410 1415 1418 1420 1427 1496 1499 1500 1501 1502 1503 1505 1506 1508 1512 1513 1515 1520 1521 1522 1523 1981 1982 1983 1984 1985 1986 1988 1990 1991 1992 1993 1994 1995 1996 1997 2000 2001 2006 2013 2016 2018 2026 2029 2110 2113 2114 2115 2116 2117 2118 2120 2121 2123 2125 2128 2129 2131 2132 2134 2136 2137 2138 2139 2140 2144 2145 2148 2150 2151 2152 2209 2210 2211 2212 2214 2215 2216 2217 2218 2220 2221 2223 2224 2225 2226 2227 2245 2246 2247 2248 2249 2250 2251 2253 2254 2255 2256 2257 2258 2259 2260 2261 2262 
25 470 480 488 707 712 785 1133 1219 1230 1235 1363 1455 1485 1791 1811 1861 1885 1891 1972 2078 2107 2158 2193 2435 2459 
17 137 161 272 574 644 741 806 966 1020 1046 1195 1294 1565 1711 1815 1910 2110 
98 43 50 65 69 231 238 326 327 328 329 330 331 332 333 334 335 576 579 580 588 593 595 598 599 600 601 605 607 608 609 610 614 616 619 623 625 632 634 637 638 639 640 643 1021 1022 1023 1025 1028 1030 1031 1033 1035 1037 1038 1041 1043 1045 1334 1398 1429 1434 1441 1444 1445 1446 1447 1450 1497 1504 1505 1512 1518 1519 1520 1524 1575 1577 1580 1589 2111 2114 2117 2119 2120 2125 2128 2131 2133 2134 2135 2136 2139 2140 2144 2145 2148 2150 2152 
116 43 111 118 166 178 188 190 193 202 203 211 327 328 329 330 333 334 335 336 337 338 339 340 341 342 343 344 345 346 347 348 349 351 352 354 355 356 358 360 565 567 568 569 570 572 573 580 593 605 607 610 619 625 632 643 646 653 657 746 758 768 770 774 781 849 858 869 1023 1033 1035 1038 1045 1429 1434 1450 1497 1505 1580 1748 1756 1766 1820 1832 1845 1847 1849 1858 1914 1926 1937 1939 1942 1950 1951 2111 2120 2139 2140 2145 2152 2266 2268 2269 2270 2271 2273 2274 2276 2277 2279 2280 2281 2283 2285 2339 2347 
97 43 51 65 70 111 118 119 129 164 166 167 173 178 184 188 190 192 193 199 202 203 211 212 223 232 350 351 352 353 354 355 356 357 358 359 360 623 625 626 632 637 638 643 745 746 753 758 762 768 770 773 774 778 781 847 849 850 858 863 864 869 1335 1399 1429 1434 1435 1444 1445 1450 1525 1580 1746 1748 1756 1761 1766 1819 1820 1821 1828 1832 1838 1839 1845 1847 1848 1849 1855 1858 1951 1958 1970 1998 2339 2347 2348 2359 
282 44 51 52 59 60 119 120 122 123 126 127 164 167 168 169 171 172 173 174 175 176 178 181 182 184 187 191 192 194 195 198 199 201 212 213 218 219 233 361 362 363 364 365 366 367 368 369 370 371 372 373 374 375 376 377 378 379 380 381 382 383 384 385 386 387 579 581 582 583 586 587 588 589 590 591 593 596 597 599 603 608 609 611 612 615 616 618 623 626 627 629 630 631 632 635 636 638 647 650 655 658 661 745 747 748 751 752 753 754 755 756 758 760 762 766 772 773 775 776 778 780 847 850 851 853 854 855 856 857 858 861 862 864 1004 1005 1006 1007 1008 1009 1010 1011 1012 1013 1014 1015 1016 1017 1019 1022 1024 1025 1026 1029 1031 1036 1037 1039 1040 1042 1043 1299 1302 1303 1306 1307 1308 1310 1313 1314 1316 1323 1324 1326 1329 1330 1417 1435 1436 1438 1439 1442 1443 1445 1506 1507 1513 1514 1569 1576 1583 1587 1590 1819 1821 1822 1823 1826 1827 1828 1829 1830 1832 1835 1836 1839 1843 1848 1850 1851 1854 1855 1857 1913 1915 1916 1919 1920 1921 1922 1923 1924 1926 1929 1931 1935 1940 1941 1943 1944 1947 1949 1952 1958 1959 1965 2002 2010 2015 2019 2023 2030 2117 2121 2122 2124 2125 2126 2129 2130 2134 2142 2144 2146 2149 2150 2294 2295 2296 2297 2298 2299 2300 2301 2303 2304 2306 2348 2349 2354 2355 2417 2419 2421 2422 2423 2424 2425 2426 2427 2428 2429 2431 
198 45 51 112 118 119 204 211 212 234 388 389 390 391 392 393 394 395 396 397 398 399 400 401 402 579 580 581 588 593 599 605 607 609 610 616 619 623 625 626 632 638 643 645 646 653 657 745 746 753 758 762 768 770 773 774 778 781 847 849 850 858 864 869 938 939 940 941 943 944 945 946 947 948 949 951 953 954 955 956 957 958 1004 1005 1006 1013 1014 1015 1016 1018 1019 1022 1023 1025 1031 1033 1035 1037 1038 1043 1045 1299 1301 1302 1307 1310 1316 1320 1322 1324 1325 1330 1332 1336 1369 1371 1372 1373 1376 1377 1378 1379 1380 1381 1384 1386 1387 1389 1390 1391 1400 1430 1434 1435 1445 1450 1498 1505 1506 1566 1580 1819 1820 1821 1828 1832 1839 1845 1847 1848 1849 1855 1858 1913 1914 1921 1926 1931 1937 1939 1941 1942 1947 1950 1953 1958 1980 1984 1985 1988 1992 1996 1999 2112 2117 2120 2121 2125 2134 2139 2140 2144 2145 2150 2152 2248 2249 2250 2255 2258 2262 2340 2347 2348 2417 2418 2426 2429 2433 
73 48 50 57 59 66 71 403 404 405 406 407 408 409 410 411 574 576 580 582 583 592 593 595 596 598 601 602 603 606 607 608 610 611 614 618 625 632 634 635 640 641 644 646 649 651 652 653 657 660 1020 1021 1023 1027 1028 1030 1032 1034 1035 1038 1041 1337 1401 1434 1441 1442 1447 1448 1565 1575 1577 1579 1580 1589 
40 336 389 434 480 481 488 489 504 545 664 672 703 719 1217 1219 1225 1230 1235 1236 1238 1363 1461 1468 1485 1491 1557 1770 1791 1792 1972 1973 2167 2193 2194 2237 2366 2378 2435 2436 2445 
194 46 113 141 143 149 155 159 162 168 169 176 187 194 195 201 205 276 277 280 285 291 292 295 300 301 302 306 311 312 320 322 324 412 413 414 415 416 417 418 419 420 421 422 423 424 425 426 427 428 429 430 431 432 440 441 442 443 444 445 446 447 448 449 450 575 582 583 591 603 611 612 618 620 807 812 813 820 830 837 838 843 844 857 967 973 974 980 989 997 998 1002 1026 1040 1050 1051 1054 1061 1067 1068 1073 1078 1079 1080 1084 1089 1096 1097 1098 1110 1111 1112 1115 1119 1121 1128 1130 1131 1143 1144 1145 1149 1155 1165 1166 1168 1170 1176 1182 1190 1295 1364 1365 1366 1367 1368 1431 1499 1712 1718 1719 1720 1723 1730 1738 1739 1741 1743 1749 1755 1764 1954 1981 2048 2049 2050 2057 2063 2073 2074 2076 2113 2200 2201 2202 2203 2204 2205 2206 2207 2208 2209 2245 2254 2320 2341 2389 2390 2392 2393 2394 2396 2397 2398 2399 2400 2401 2403 2405 2406 2408 2409 2411 2412 2413 
121 5 9 10 11 13 14 138 163 273 296 309 311 315 331 333 335 408 409 411 433 434 435 436 437 438 439 504 508 511 513 514 515 517 518 519 520 523 525 526 527 532 537 538 540 541 545 548 550 552 553 554 557 559 560 561 566 571 572 573 576 742 808 968 1014 1016 1019 1021 1047 1074 1087 1092 1107 1118 1119 1124 1139 1160 1281 1288 1289 1292 1296 1468 1471 1474 1475 1476 1479 1481 1482 1639 1643 1644 1645 1647 1648 1652 1653 1658 1664 1665 1667 1698 1704 1705 1708 1713 1816 1911 2043 2067 2086 2090 2091 2092 2093 2094 2114 2290 2291 2293 
119 46 47 59 72 113 114 126 141 143 149 155 159 235 300 301 302 306 311 312 317 320 322 324 440 441 442 443 444 445 446 447 448 449 450 844 845 857 861 1026 1040 1078 1079 1080 1084 1089 1094 1096 1097 1098 1110 1111 1112 1115 1119 1121 1126 1128 1130 1131 1143 1144 1145 1149 1152 1155 1162 1165 1166 1168 1170 1171 1176 1182 1186 1190 1295 1297 1313 1338 1402 1499 1500 1513 1567 1712 1714 1718 1719 1720 1723 1727 1730 1736 1738 1739 1741 1743 1744 1749 1755 1759 1764 1981 1982 1991 2000 2113 2115 2129 2209 2210 2221 2245 2246 2254 2257 2320 2321 2332 
154 47 114 141 149 159 206 300 301 302 311 312 317 320 324 440 441 442 443 444 446 447 448 449 450 451 452 453 454 455 456 457 458 459 460 461 462 463 464 465 466 467 468 469 577 582 583 603 608 611 618 621 733 734 735 736 737 738 739 740 743 747 748 766 772 775 780 845 969 973 974 989 994 997 1002 1078 1079 1080 1089 1094 1096 1098 1110 1111 1112 1119 1121 1126 1128 1131 1143 1144 1145 1155 1162 1165 1168 1171 1176 1190 1297 1364 1365 1367 1368 1432 1500 1714 1718 1719 1720 1730 1736 1738 1741 1744 1749 1764 1817 1823 1843 1857 1982 2115 2173 2174 2175 2176 2177 2178 2179 2180 2181 2200 2201 2202 2203 2205 2206 2207 2208 2210 2246 2321 2342 2463 2464 2465 2466 2467 2468 2469 2470 2471 2472 
40 136 412 451 482 490 665 673 711 713 786 1218 1220 1224 1241 1242 1248 1362 1394 1453 1456 1483 1486 1490 1543 1558 1597 1621 1793 1814 1870 1883 1886 1892 1974 2171 2233 2234 2367 2379 2446 
45 115 207 297 311 470 471 472 473 474 475 578 622 738 744 846 949 1003 1016 1075 1104 1108 1119 1140 1172 1298 1380 1433 1501 1715 1745 1818 1912 1983 2098 2101 2103 2116 2179 2189 2191 2211 2247 2322 2343 2416 
61 2 17 362 413 424 442 452 462 476 477 478 505 529 563 720 721 734 782 783 784 787 798 871 898 922 959 1100 1255 1278 1370 1544 1559 1598 1609 1622 1623 1636 1655 1671 1695 1799 1804 1871 1893 1903 2083 2096 2170 2171 2175 2185 2201 2232 2233 2264 2390 2401 2455 2456 2457 2465 
184 0 4 6 7 8 12 16 24 25 30 34 37 38 40 139 164 274 298 305 321 326 329 350 352 355 356 359 361 369 370 371 375 379 382 383 384 386 388 389 391 393 394 395 399 479 480 481 482 483 484 485 486 487 562 564 568 569 579 623 671 672 673 674 675 677 678 679 680 682 683 684 687 689 690 691 692 694 695 696 698 699 702 716 719 721 722 724 725 726 728 729 745 809 847 870 873 878 879 880 883 889 892 893 894 895 897 899 906 907 921 924 929 930 934 938 939 944 945 953 956 957 970 1004 1022 1048 1141 1173 1277 1280 1285 1286 1290 1299 1369 1376 1377 1381 1386 1389 1390 1391 1746 1769 1770 1771 1772 1773 1774 1776 1779 1780 1781 1783 1784 1786 1787 1819 1913 2044 2117 2212 2248 2263 2265 2269 2270 2275 2277 2280 2281 2284 2294 2308 2310 2312 2313 2316 2400 2403 2407 2408 2409 2412 2417 
108 3 18 299 327 336 338 341 343 345 348 351 363 389 390 400 403 488 489 492 494 496 499 501 504 506 511 517 520 523 526 530 545 546 548 552 554 557 560 565 664 667 669 672 677 685 690 693 700 872 900 923 940 1005 1076 1109 1235 1236 1237 1238 1239 1240 1279 1371 1468 1469 1474 1476 1481 1485 1491 1557 1560 1562 1637 1656 1672 1696 1770 1772 1777 1780 1782 1788 1791 1792 1795 1797 1972 1973 1976 1978 2045 2084 2167 2168 2169 2237 2240 2244 2266 2276 2286 2309 2378 2382 2387 2391 2402 
37 165 489 490 491 492 493 494 495 496 497 498 499 500 501 502 624 810 848 971 1076 1077 1095 1174 1300 1716 1747 2045 2046 2071 2213 2323 2391 2392 2395 2402 2403 2407 
289 48 116 118 125 131 138 140 145 146 152 154 156 163 166 178 180 183 185 190 191 193 197 208 211 217 225 236 273 275 282 283 287 288 290 293 296 299 300 305 308 309 311 315 317 319 321 403 404 406 407 408 409 411 503 504 505 506 507 508 509 510 511 512 513 514 515 516 517 518 519 520 521 522 523 524 525 526 527 529 530 531 532 533 534 535 537 538 540 541 576 580 593 595 598 601 607 608 610 614 625 632 634 640 646 649 651 653 657 660 808 811 822 824 826 828 833 834 836 840 849 858 860 866 968 972 982 983 985 987 992 994 996 999 1021 1023 1028 1030 1035 1038 1041 1047 1049 1057 1058 1063 1064 1066 1070 1074 1076 1078 1086 1087 1088 1092 1094 1095 1107 1109 1110 1114 1117 1118 1119 1120 1124 1126 1127 1129 1139 1142 1143 1151 1154 1159 1160 1162 1164 1175 1183 1185 1188 1196 1201 1203 1206 1209 1212 1296 1301 1310 1312 1315 1317 1322 1325 1328 1434 1441 1447 1502 1505 1512 1520 1575 1577 1580 1589 1655 1656 1657 1658 1659 1661 1662 1664 1665 1667 1695 1696 1697 1698 1699 1701 1702 1704 1705 1708 1713 1717 1718 1725 1726 1728 1729 1734 1736 1737 1740 1748 1756 1758 1762 1955 1984 1988 1990 1993 2043 2045 2047 2048 2059 2062 2066 2067 2069 2071 2072 2114 2118 2120 2128 2131 2136 2140 2145 2148 2214 2218 2220 2224 2249 2255 2256 2259 2286 2287 2289 2290 2291 2293 2324 2331 2335 2344 2347 2353 2361 
285 48 49 66 73 116 118 125 131 132 137 138 140 141 144 145 146 148 149 151 152 154 156 158 159 208 209 211 217 225 226 236 237 296 299 300 301 302 303 305 307 308 309 311 312 314 315 316 317 319 320 321 324 528 529 530 531 532 533 534 535 536 537 538 539 540 541 542 543 849 854 858 860 866 867 966 968 972 973 974 977 981 982 983 985 987 988 989 991 992 993 994 996 997 999 1001 1002 1020 1021 1023 1027 1028 1030 1032 1034 1035 1038 1041 1044 1074 1076 1078 1079 1080 1082 1085 1086 1087 1088 1089 1091 1092 1093 1094 1095 1096 1098 1107 1109 1110 1111 1112 1113 1114 1116 1117 1118 1119 1120 1121 1123 1124 1125 1126 1127 1128 1129 1131 1139 1142 1143 1144 1145 1147 1150 1151 1154 1155 1158 1159 1160 1161 1162 1164 1165 1168 1175 1176 1179 1183 1185 1188 1189 1190 1193 1195 1196 1201 1203 1204 1206 1209 1212 1214 1294 1296 1301 1309 1310 1312 1315 1317 1318 1321 1322 1325 1328 1331 1339 1403 1502 1503 1505 1512 1520 1521 1565 1568 1575 1577 1579 1580 1589 1592 1711 1713 1717 1718 1719 1720 1722 1724 1725 1726 1728 1729 1730 1733 1734 1735 1736 1737 1738 1740 1741 1748 1749 1752 1756 1758 1762 1763 1764 1767 1955 1956 1984 1988 1990 1993 1994 2001 2110 2114 2118 2120 2128 2131 2136 2137 2140 2145 2148 2151 2214 2217 2218 2220 2224 2225 2249 2253 2255 2256 2259 2260 2324 2331 2335 2336 2344 2345 2347 2353 2361 2362 
50 136 413 452 476 477 478 483 491 666 674 711 721 783 784 787 1217 1218 1221 1224 1241 1243 1248 1362 1394 1453 1457 1483 1487 1490 1544 1559 1598 1623 1771 1794 1799 1814 1871 1883 1887 1893 1975 2171 2233 2238 2368 2380 2447 2456 2457 
196 4 352 391 412 413 418 422 423 424 429 432 443 451 452 456 460 461 462 466 469 482 483 486 487 490 491 493 495 497 498 500 502 507 531 544 665 666 668 670 673 674 675 683 687 691 692 699 702 721 722 729 735 786 787 791 795 797 798 802 805 873 924 960 1101 1217 1218 1220 1221 1222 1223 1224 1226 1227 1228 1229 1241 1242 1243 1245 1247 1248 1249 1250 1252 1253 1256 1280 1361 1362 1393 1394 1451 1453 1456 1457 1459 1460 1483 1486 1487 1488 1489 1490 1492 1493 1494 1495 1543 1544 1545 1551 1554 1558 1559 1561 1563 1597 1598 1599 1603 1607 1608 1609 1613 1616 1621 1623 1624 1631 1634 1638 1657 1673 1697 1771 1781 1787 1793 1794 1796 1798 1799 1804 1807 1870 1871 1872 1877 1880 1892 1893 1897 1900 1902 1903 1907 1909 1974 1975 1977 1979 2085 2097 2170 2171 2172 2176 2186 2202 2232 2233 2234 2235 2238 2239 2243 2277 2310 2367 2368 2369 2373 2375 2379 2380 2381 2386 2388 2392 2403 2446 2447 2448 2452 2454 2466 
151 50 117 118 125 131 210 211 217 225 238 327 328 329 330 331 333 335 403 404 406 407 408 409 411 545 546 547 548 549 550 551 552 553 554 555 556 557 558 559 560 561 563 565 566 567 568 569 570 571 572 573 576 580 593 595 598 601 607 608 610 614 625 632 634 640 646 649 651 653 657 660 742 746 758 759 761 764 770 772 774 777 849 858 860 866 1021 1023 1028 1030 1035 1038 1041 1296 1301 1310 1312 1315 1317 1322 1325 1328 1434 1441 1447 1504 1505 1512 1520 1575 1577 1580 1589 1816 1820 1832 1834 1837 1841 1847 1849 1853 1911 1914 1926 1928 1930 1933 1939 1940 1942 1946 1957 2114 2119 2120 2128 2131 2136 2140 2145 2148 2286 2287 2289 2290 2291 2293 2346 2347 2353 2361 
153 43 50 65 74 111 117 118 125 129 130 131 203 210 211 217 223 224 225 238 239 562 563 564 565 566 567 568 569 570 571 572 573 576 579 580 588 593 595 598 599 600 601 605 607 608 609 610 614 616 619 623 625 632 634 637 638 639 640 643 646 649 651 653 657 660 742 745 746 753 758 759 761 762 763 764 768 770 772 773 774 777 778 781 847 849 858 860 863 864 865 866 869 1340 1404 1429 1434 1441 1444 1445 1446 1447 1450 1526 1575 1577 1580 1589 1816 1819 1820 1828 1832 1834 1837 1838 1839 1840 1841 1845 1847 1848 1849 1853 1855 1858 1911 1913 1914 1921 1926 1928 1930 1931 1932 1933 1937 1939 1940 1941 1942 1946 1947 1950 1951 1957 1970 2339 2346 2347 2353 2359 2360 2361 
145 93 574 575 576 577 578 579 580 581 582 583 584 585 586 587 588 589 590 591 592 593 594 595 596 597 598 599 600 601 602 603 604 605 606 607 608 609 610 611 612 613 614 615 616 617 618 619 620 621 622 623 625 626 627 628 629 630 631 632 633 634 635 636 637 638 639 640 641 642 643 1334 1336 1337 1340 1342 1347 1352 1354 1398 1400 1401 1404 1406 1412 1416 1417 1419 1421 1429 1430 1431 1432 1433 1434 1435 1436 1437 1438 1439 1440 1441 1442 1443 1444 1445 1446 1447 1448 1449 1450 1565 1566 1569 1573 1574 1575 1576 1577 1579 1580 1582 1583 1585 1587 1588 1589 1590 1592 1999 2002 2008 2009 2010 2014 2015 2017 2019 2022 2023 2027 2030 2033 2034 2036 2041 
78 620 621 622 623 624 625 626 627 628 629 630 631 632 633 634 635 636 637 638 639 640 641 642 643 1398 1399 1400 1401 1404 1405 1406 1407 1408 1411 1412 1413 1414 1416 1417 1419 1421 1422 1424 1425 1426 1998 1999 2002 2003 2004 2005 2007 2008 2009 2010 2011 2012 2014 2015 2017 2019 2020 2021 2022 2023 2024 2025 2027 2028 2030 2032 2033 2034 2035 2036 2040 2041 2042 
19 644 645 646 647 648 649 650 651 652 653 654 655 656 657 658 659 660 661 662 
186 3 4 6 7 118 140 166 178 211 275 299 305 308 319 321 327 329 330 336 337 338 339 341 343 344 345 346 348 351 352 355 356 389 390 391 393 394 400 403 406 407 504 506 507 510 511 512 517 520 521 522 523 524 526 530 531 534 535 545 546 547 548 549 552 554 555 556 557 558 560 565 568 569 570 580 593 625 632 646 663 664 665 666 667 668 669 670 746 758 811 822 849 858 940 944 945 946 955 956 957 972 982 1005 1013 1023 1049 1076 1086 1095 1109 1114 1117 1127 1129 1142 1151 1175 1183 1196 1279 1280 1285 1286 1301 1310 1371 1376 1377 1378 1387 1389 1390 1434 1505 1637 1638 1641 1642 1649 1650 1651 1656 1657 1661 1662 1696 1697 1701 1702 1717 1725 1748 1756 1820 1832 1914 1926 1984 1988 2045 2047 2059 2071 2084 2085 2088 2089 2120 2214 2218 2249 2255 2266 2269 2270 2271 2276 2277 2280 2281 2286 2289 2324 2347 2418 2426 
321 0 3 4 5 6 7 8 9 10 11 12 13 14 15 16 18 19 24 25 27 28 29 30 32 34 35 37 38 40 51 119 139 142 147 153 157 164 167 173 178 184 192 199 212 274 279 284 289 294 298 299 304 305 308 309 310 311 315 318 319 321 323 350 351 352 353 355 356 357 358 359 360 361 363 364 369 370 371 373 374 375 377 379 380 382 383 384 386 388 389 390 391 392 393 394 395 396 397 398 399 400 401 402 579 581 588 593 599 609 616 623 626 632 638 671 672 673 674 675 676 677 678 679 680 681 682 683 684 685 686 687 688 689 690 691 692 693 694 695 696 697 698 699 700 701 702 745 753 758 762 773 778 809 817 822 827 835 841 847 850 858 864 938 939 940 943 944 945 946 947 948 949 951 953 954 955 956 957 958 970 978 982 986 995 1000 1004 1005 1013 1014 1015 1016 1019 1022 1025 1031 1037 1043 1048 1053 1059 1065 1071 1141 1148 1151 1153 1160 1163 1167 1173 1183 1187 1299 1302 1307 1310 1316 1324 1330 1369 1371 1372 1376 1377 1378 1379 1380 1381 1384 1386 1387 1389 1390 1391 1435 1445 1506 1746 1756 1761 1819 1821 1828 1832 1839 1848 1855 1913 1921 1926 1931 1941 1947 1958 1985 1988 1992 2044 2045 2054 2059 2061 2067 2070 2071 2075 2117 2121 2125 2134 2144 2150 2212 2215 2218 2223 2248 2250 2255 2258 2275 2276 2277 2278 2280 2281 2282 2283 2284 2285 2294 2301 2304 2308 2309 2310 2311 2312 2313 2314 2315 2316 2317 2325 2334 2348 2400 2402 2403 2404 2407 2408 2409 2410 2411 2412 2414 2415 2417 2426 2429 
45 5 19 353 364 389 392 434 504 508 520 532 545 554 566 672 676 690 703 719 723 874 901 925 1230 1257 1281 1372 1461 1468 1476 1639 1658 1674 1698 1770 1780 2086 2193 2194 2267 2278 2311 2404 2435 2436 
170 10 13 20 300 328 340 342 347 349 354 365 397 401 404 416 417 421 427 428 431 444 447 450 454 455 459 464 465 468 509 514 518 525 527 533 540 550 553 559 561 567 704 705 706 707 708 709 710 711 712 714 717 727 731 736 785 789 790 794 796 800 801 804 875 902 926 941 961 1006 1078 1102 1106 1110 1143 1258 1263 1267 1274 1276 1282 1364 1373 1451 1452 1453 1455 1458 1471 1475 1479 1482 1540 1548 1549 1553 1594 1601 1602 1606 1611 1612 1615 1618 1628 1629 1633 1640 1644 1647 1652 1653 1659 1675 1680 1684 1691 1693 1699 1718 1801 1803 1806 1809 1867 1875 1876 1879 1881 1882 1883 1885 1888 1891 1895 1896 1901 1905 1906 2048 2077 2078 2079 2080 2081 2087 2091 2093 2100 2104 2178 2181 2188 2192 2203 2208 2228 2229 2230 2231 2268 2279 2287 2393 2405 2458 2459 2461 2467 2469 2472 
323 20 21 29 30 168 276 300 301 311 365 366 371 374 375 384 404 405 409 412 413 414 415 416 417 418 419 420 421 422 423 424 425 426 427 428 429 430 431 432 444 446 447 448 449 450 451 452 453 454 455 456 457 458 459 460 461 462 463 464 465 466 467 468 469 533 536 538 539 540 582 710 711 712 713 714 715 717 721 724 726 727 728 729 730 731 736 737 738 739 747 785 786 787 788 789 790 791 792 793 794 795 796 797 798 799 800 801 802 803 804 805 812 875 876 880 882 883 894 902 903 911 926 927 933 934 941 942 949 961 962 963 964 965 973 1006 1007 1016 1050 1078 1079 1102 1103 1104 1105 1106 1110 1111 1119 1143 1144 1176 1258 1261 1263 1264 1265 1267 1273 1274 1276 1282 1283 1289 1290 1364 1365 1367 1373 1374 1380 1381 1470 1471 1472 1474 1475 1478 1479 1481 1482 1540 1543 1544 1546 1547 1548 1549 1550 1551 1552 1553 1554 1594 1597 1598 1600 1601 1602 1603 1604 1605 1606 1607 1608 1609 1610 1611 1612 1613 1614 1615 1616 1618 1621 1623 1625 1627 1628 1629 1630 1631 1632 1633 1634 1659 1660 1663 1665 1666 1675 1678 1680 1681 1682 1684 1690 1691 1693 1699 1700 1703 1705 1706 1718 1719 1749 1867 1870 1871 1873 1874 1875 1876 1877 1878 1879 1880 1891 1892 1893 1894 1895 1896 1897 1898 1899 1900 1901 1902 1903 1904 1905 1906 1907 1908 1909 1915 2048 2049 2098 2099 2100 2101 2102 2103 2104 2177 2178 2179 2180 2181 2187 2188 2189 2190 2191 2192 2203 2205 2206 2207 2208 2287 2288 2291 2295 2393 2394 2397 2398 2399 2405 2406 2409 2411 2412 2419 2467 2468 2469 2470 2471 2472 
294 16 17 19 20 21 22 24 25 26 28 29 30 31 33 34 36 37 38 39 40 41 52 59 120 126 164 168 169 173 176 181 187 191 192 194 195 201 213 218 274 276 277 279 280 285 288 289 291 292 295 361 362 364 365 366 367 369 370 371 372 373 374 375 376 378 379 381 382 383 384 385 386 387 579 582 583 588 591 596 603 608 609 611 612 618 623 627 635 647 716 717 718 719 720 721 722 723 724 725 726 727 728 729 730 731 732 745 747 748 753 756 760 766 772 773 775 776 780 809 812 813 817 820 825 830 834 835 837 838 843 847 851 857 861 870 871 873 874 875 876 878 879 880 881 882 883 885 888 889 891 892 893 894 895 896 897 898 899 901 902 903 906 907 908 910 911 912 921 922 924 925 926 927 929 930 931 932 933 934 935 1004 1006 1007 1012 1014 1016 1017 1022 1024 1025 1026 1037 1040 1048 1050 1051 1053 1054 1061 1064 1065 1067 1068 1073 1173 1176 1182 1186 1190 1197 1277 1278 1280 1281 1282 1283 1285 1286 1287 1288 1289 1290 1291 1299 1303 1307 1313 1324 1436 1442 1507 1513 1569 1746 1749 1755 1759 1764 1819 1822 1823 1828 1830 1835 1843 1848 1851 1857 1913 1915 1916 1921 1924 1929 1935 1940 1941 1943 1944 1949 1959 2002 2044 2048 2049 2050 2054 2057 2060 2063 2069 2070 2073 2074 2076 2117 2122 2125 2129 2144 2294 2295 2300 2303 2306 2326 2332 2349 2354 2417 2419 2425 2427 2431 
74 47 53 59 75 114 115 121 126 131 133 206 207 214 218 225 227 240 621 622 628 635 640 642 733 734 735 736 737 738 739 740 743 744 747 748 749 760 764 766 767 772 775 780 845 846 852 861 866 868 1341 1405 1432 1433 1437 1442 1447 1449 1570 1817 1818 1823 1824 1835 1841 1843 1844 1857 2003 2342 2343 2350 2354 2361 2363 
225 94 111 112 114 115 117 118 119 120 121 122 123 124 125 126 127 128 129 130 131 132 133 203 204 206 207 210 211 212 213 214 215 216 217 218 219 220 222 223 224 225 226 227 229 232 233 234 238 239 240 241 242 243 251 252 253 255 257 261 263 265 266 268 741 742 743 744 745 746 747 748 749 750 751 752 753 754 755 756 757 758 759 760 761 762 763 764 765 766 767 768 769 770 771 772 773 774 775 776 777 778 779 780 781 845 846 847 849 850 851 852 853 854 855 856 857 858 859 860 861 862 863 864 865 866 867 868 869 1335 1336 1340 1341 1342 1343 1346 1352 1354 1355 1357 1525 1526 1527 1528 1531 1534 1535 1537 1565 1566 1569 1570 1574 1575 1576 1577 1579 1580 1582 1583 1585 1587 1588 1589 1590 1592 1951 1952 1953 1957 1958 1959 1960 1961 1962 1963 1964 1965 1966 1968 1970 1998 1999 2002 2003 2004 2007 2009 2010 2014 2015 2017 2019 2020 2021 2022 2023 2027 2030 2031 2033 2034 2035 2040 2041 2339 2340 2342 2343 2346 2347 2348 2349 2350 2351 2352 2353 2354 2355 2356 2358 2359 2360 2361 2362 2363 
66 17 22 141 169 277 302 362 367 413 424 441 442 452 462 529 583 718 720 721 734 748 782 783 784 787 798 813 871 898 922 974 1051 1080 1100 1112 1145 1255 1278 1370 1375 1542 1544 1596 1598 1609 1620 1622 1623 1655 1671 1695 1720 1823 1869 1871 1916 2050 2174 2175 2184 2185 2201 2390 2401 2464 2465 
172 53 121 141 149 159 214 300 301 302 311 312 317 320 324 582 583 584 603 608 611 618 628 733 734 735 736 737 738 739 740 747 748 749 766 772 775 780 785 786 787 788 789 790 791 792 793 794 795 796 797 798 799 800 801 802 803 804 805 852 1006 1007 1016 1017 1078 1079 1080 1089 1094 1096 1098 1099 1100 1101 1102 1103 1104 1105 1106 1110 1111 1112 1119 1121 1126 1128 1131 1143 1144 1145 1146 1155 1162 1165 1168 1176 1177 1190 1304 1369 1370 1373 1374 1375 1380 1381 1383 1385 1388 1391 1392 1437 1508 1718 1719 1720 1721 1730 1736 1738 1741 1749 1750 1764 1823 1824 1843 1857 1915 1916 1917 1935 1940 1943 1949 1986 2123 2173 2174 2175 2176 2177 2178 2179 2180 2181 2183 2184 2185 2186 2187 2188 2189 2190 2191 2192 2216 2251 2327 2350 2419 2420 2431 2463 2464 2465 2466 2467 2468 2469 2470 2471 2472 
179 95 205 208 211 212 213 215 216 217 218 219 220 221 222 225 226 227 236 241 251 252 255 256 257 258 268 269 270 620 623 624 625 626 627 629 630 631 632 633 634 635 636 638 640 641 642 806 807 808 809 810 811 812 813 814 815 816 817 818 819 820 821 822 823 824 825 826 827 828 829 830 831 832 833 834 835 836 837 838 839 840 841 842 843 844 847 848 849 850 851 853 854 855 856 857 858 859 860 861 862 864 866 867 868 1408 1411 1413 1414 1424 1425 1426 1531 1532 1533 1537 1538 1539 1565 1569 1571 1574 1575 1576 1577 1578 1579 1580 1587 1588 1589 1590 1591 1592 1954 1955 1958 1959 1960 1962 1963 1964 1965 1966 1967 1968 1969 2002 2005 2007 2009 2010 2011 2012 2019 2021 2022 2023 2024 2025 2032 2033 2040 2042 2341 2344 2347 2348 2349 2351 2352 2353 2354 2355 2356 2357 2358 2361 2362 2363 
53 844 845 846 847 848 849 850 851 852 853 854 855 856 857 858 859 860 861 862 863 864 865 866 867 868 869 1565 1566 1567 1568 1569 1570 1571 1572 1574 1575 1576 1577 1578 1579 1580 1581 1582 1583 1585 1586 1587 1588 1589 1590 1591 1592 1593 
263 52 54 58 59 60 120 123 124 126 127 131 164 168 169 170 172 173 174 175 176 178 179 181 182 185 187 191 192 194 195 196 198 201 213 216 218 219 225 241 274 276 277 278 279 280 285 288 289 291 292 295 579 582 583 585 587 588 589 590 591 593 594 596 597 601 603 608 609 611 612 613 615 618 623 627 630 631 632 633 635 636 640 647 648 650 658 659 661 745 747 748 750 752 753 754 755 756 758 760 764 766 771 772 773 775 776 780 809 812 813 814 816 817 818 819 820 822 823 825 828 830 834 835 837 838 839 843 847 851 854 855 856 857 858 859 861 862 866 870 871 872 873 874 875 876 877 878 879 880 881 882 883 884 885 886 887 888 889 890 891 892 893 894 895 896 897 898 899 900 901 902 903 904 905 906 907 908 909 910 911 912 913 914 1436 1439 1440 1442 1443 1447 1569 1574 1576 1587 1588 1590 1819 1822 1823 1825 1827 1828 1829 1830 1832 1833 1835 1836 1841 1843 1848 1850 1851 1852 1854 1857 1913 1915 1916 1918 1920 1921 1922 1923 1924 1926 1927 1929 1933 1935 1940 1941 1943 1944 1945 1949 1959 1960 1964 1965 2002 2009 2010 2019 2022 2023 2033 2294 2295 2297 2298 2299 2300 2301 2302 2303 2305 2306 2307 2349 2352 2354 2355 2361 
222 52 54 56 58 59 60 66 76 120 122 123 124 126 127 131 132 213 215 216 218 219 225 226 241 242 251 574 579 582 583 585 586 587 588 589 590 591 592 593 594 596 597 601 602 603 608 609 611 612 613 615 617 618 623 627 629 630 631 632 633 635 636 640 641 644 647 648 650 652 655 658 659 661 662 741 745 747 748 750 751 752 753 754 755 756 757 758 760 764 765 766 771 772 773 775 776 779 780 847 851 853 854 855 856 857 858 859 861 862 866 867 897 898 899 900 901 902 903 904 905 906 907 908 909 910 911 912 913 914 1342 1406 1417 1436 1438 1439 1440 1442 1443 1447 1448 1527 1565 1569 1574 1576 1579 1583 1587 1588 1590 1592 1815 1819 1822 1823 1825 1826 1827 1828 1829 1830 1831 1832 1833 1835 1836 1841 1842 1843 1848 1850 1851 1852 1854 1856 1857 1910 1913 1915 1916 1918 1919 1920 1921 1922 1923 1924 1925 1926 1927 1929 1933 1934 1935 1940 1941 1943 1944 1945 1948 1949 1959 1960 1962 1964 1965 2002 2009 2010 2015 2019 2022 2023 2033 2034 2349 2351 2352 2354 2355 2361 2362 
36 170 278 585 750 814 881 882 886 910 911 913 915 916 917 918 919 920 932 933 936 975 1052 1081 1087 1092 1288 1289 1292 1305 1704 1705 1708 1825 1918 2051 2067 
256 52 55 56 58 59 60 63 66 77 120 122 123 124 125 126 127 131 132 161 164 168 169 170 171 172 173 174 175 176 177 178 179 180 181 182 183 185 186 187 189 191 192 194 195 196 197 198 200 201 213 215 216 217 218 219 222 225 226 243 251 257 623 627 629 630 631 632 633 634 635 636 640 641 741 745 747 748 750 751 752 753 754 755 756 757 758 759 760 761 764 765 766 769 771 772 773 775 776 777 779 780 847 851 853 854 855 856 857 858 859 860 861 862 866 867 921 922 923 924 925 926 927 928 929 930 931 932 933 934 935 936 937 1343 1407 1417 1436 1438 1439 1440 1441 1442 1443 1447 1448 1528 1565 1569 1574 1575 1576 1577 1579 1583 1587 1588 1589 1590 1592 1746 1749 1751 1752 1753 1754 1755 1756 1757 1758 1759 1760 1762 1763 1764 1767 1815 1819 1822 1823 1825 1826 1827 1828 1829 1830 1831 1832 1833 1834 1835 1836 1837 1841 1842 1843 1846 1848 1850 1851 1852 1853 1854 1856 1857 1910 1913 1915 1916 1918 1919 1920 1921 1922 1923 1924 1925 1926 1927 1928 1929 1930 1933 1934 1935 1938 1940 1941 1943 1944 1945 1946 1948 1949 1959 1961 1962 1964 1965 1968 2002 2004 2009 2010 2015 2019 2022 2023 2035 2349 2351 2352 2353 2354 2355 2358 2361 2362 
141 45 51 234 244 261 578 579 580 581 582 586 588 593 599 601 604 605 607 608 609 610 616 619 622 623 625 626 629 632 638 640 642 643 938 939 940 941 942 943 944 945 946 947 948 949 950 951 952 953 954 955 956 957 958 1022 1023 1025 1031 1033 1035 1037 1038 1043 1045 1298 1299 1301 1302 1306 1307 1310 1316 1317 1319 1320 1322 1324 1325 1330 1332 1336 1400 1416 1430 1433 1434 1435 1438 1445 1447 1449 1450 1498 1501 1505 1506 1520 1522 1566 1580 1582 1980 1983 1984 1985 1987 1988 1992 1993 1995 1996 1999 2014 2036 2112 2116 2117 2120 2121 2124 2125 2134 2136 2138 2139 2140 2141 2144 2145 2150 2152 2247 2248 2249 2250 2252 2255 2258 2259 2261 2262 
45 122 133 227 276 288 629 642 812 815 831 834 853 868 959 960 961 962 963 964 965 973 976 990 994 1050 1064 1176 1178 1191 1198 1408 1522 1571 1749 1751 1765 2005 2048 2049 2052 2064 2069 2328 2337 2363 
153 96 113 114 116 118 119 122 124 125 126 127 128 131 132 133 205 206 208 209 211 212 215 216 217 218 219 220 221 222 225 226 227 236 237 245 251 255 256 257 258 264 269 270 844 845 847 848 849 850 853 854 856 857 858 859 860 861 862 864 866 867 868 966 967 968 969 970 971 972 973 974 975 976 977 978 979 980 981 982 983 984 985 986 987 988 989 990 991 992 993 994 995 996 997 998 999 1000 1001 1002 1339 1348 1349 1353 1358 1359 1532 1533 1538 1539 1565 1568 1571 1574 1575 1576 1577 1578 1579 1580 1586 1588 1589 1590 1591 1592 1954 1955 1956 1958 1962 1964 1965 1966 1967 1968 1969 2341 2342 2344 2345 2347 2348 2351 2352 2353 2354 2355 2356 2357 2358 2361 2362 2363 
166 42 44 45 51 52 53 59 60 68 78 228 229 233 234 246 253 261 263 1003 1004 1005 1006 1007 1008 1009 1010 1011 1012 1013 1014 1015 1016 1017 1018 1019 1021 1022 1023 1024 1025 1026 1028 1029 1030 1031 1033 1035 1036 1037 1038 1039 1040 1041 1042 1043 1045 1296 1298 1299 1301 1302 1303 1304 1306 1307 1308 1310 1312 1313 1314 1315 1316 1317 1319 1320 1322 1323 1324 1325 1326 1328 1329 1330 1332 1333 1336 1344 1352 1397 1400 1409 1416 1417 1419 1428 1430 1433 1434 1435 1436 1437 1438 1439 1441 1442 1443 1445 1447 1449 1450 1496 1498 1501 1505 1506 1507 1508 1512 1513 1514 1520 1522 1529 1997 1999 2002 2010 2014 2015 2017 2019 2023 2027 2030 2037 2041 2112 2114 2116 2117 2120 2121 2122 2123 2124 2125 2126 2128 2129 2130 2131 2134 2136 2138 2139 2140 2141 2142 2143 2144 2145 2146 2148 2149 2150 2152 
59 42 43 44 45 46 47 48 49 50 51 52 53 57 59 60 61 65 66 67 68 69 71 72 73 78 79 80 83 84 85 88 90 97 1020 1021 1022 1023 1024 1025 1026 1027 1028 1029 1030 1031 1032 1033 1034 1035 1036 1037 1038 1039 1040 1041 1042 1043 1044 1045 
87 98 205 208 211 212 213 215 216 217 218 219 220 221 222 225 226 227 236 251 252 255 256 257 258 269 270 1046 1047 1048 1049 1050 1051 1052 1053 1054 1055 1056 1057 1058 1059 1060 1061 1062 1063 1064 1065 1066 1067 1068 1069 1070 1071 1072 1073 1531 1532 1533 1538 1539 1954 1955 1958 1959 1962 1963 1964 1965 1966 1967 1968 1969 2341 2344 2347 2348 2349 2351 2352 2353 2354 2355 2356 2357 2358 2361 2362 2363 
231 46 47 48 49 53 56 58 59 60 61 62 63 64 66 72 73 79 81 82 85 89 99 235 236 237 247 248 251 255 256 257 258 264 269 1074 1075 1076 1077 1078 1079 1080 1081 1082 1083 1084 1085 1086 1087 1088 1089 1090 1091 1092 1093 1094 1095 1096 1097 1098 1170 1171 1172 1174 1175 1176 1177 1179 1181 1182 1183 1184 1185 1186 1188 1189 1190 1191 1193 1195 1196 1199 1200 1201 1202 1203 1204 1206 1209 1211 1212 1213 1214 1294 1295 1296 1297 1298 1300 1301 1304 1305 1309 1310 1311 1312 1313 1314 1315 1317 1318 1319 1321 1322 1325 1327 1328 1329 1331 1338 1339 1345 1348 1349 1353 1358 1402 1403 1410 1413 1414 1420 1425 1499 1500 1501 1502 1503 1505 1508 1509 1511 1512 1513 1514 1515 1516 1517 1520 1521 1522 1532 1533 1538 1565 1567 1568 1572 1574 1575 1576 1577 1578 1579 1580 1586 1588 1589 1590 1591 1592 1743 1744 1745 1747 1748 1749 1750 1752 1754 1755 1756 1757 1758 1759 1760 1762 1763 1764 1765 1767 2000 2001 2006 2009 2010 2011 2012 2018 2022 2023 2024 2038 2042 2209 2210 2211 2213 2214 2216 2217 2218 2219 2220 2221 2222 2224 2225 2226 2320 2321 2322 2323 2324 2327 2330 2331 2332 2333 2335 2336 2337 
115 53 79 115 121 131 133 248 297 300 301 302 311 312 317 320 324 846 852 866 868 1075 1078 1079 1080 1088 1089 1090 1094 1096 1098 1099 1100 1101 1102 1103 1104 1105 1106 1108 1110 1111 1112 1119 1120 1121 1126 1128 1131 1140 1143 1144 1145 1146 1154 1155 1156 1162 1165 1168 1172 1176 1177 1188 1190 1191 1199 1298 1304 1317 1319 1345 1410 1501 1508 1520 1522 1572 1715 1718 1719 1720 1721 1729 1730 1731 1736 1738 1741 1745 1749 1750 1762 1764 1765 1983 1986 1993 1995 2006 2116 2123 2136 2138 2211 2216 2224 2226 2247 2251 2259 2261 2322 2327 2335 2337 
219 46 47 48 49 53 58 59 61 62 63 66 67 72 73 79 81 83 85 90 100 235 236 237 248 249 255 256 257 260 264 271 1107 1108 1109 1110 1111 1112 1113 1114 1115 1116 1117 1118 1119 1120 1121 1122 1123 1124 1125 1126 1127 1128 1129 1130 1131 1132 1170 1171 1172 1175 1176 1177 1179 1182 1183 1184 1185 1186 1188 1189 1190 1191 1192 1193 1195 1196 1199 1200 1201 1203 1204 1205 1206 1207 1209 1211 1212 1214 1215 1216 1294 1295 1296 1297 1298 1301 1304 1309 1310 1311 1312 1313 1315 1317 1318 1319 1320 1321 1322 1325 1327 1328 1331 1332 1338 1339 1345 1348 1350 1353 1360 1402 1403 1410 1413 1415 1420 1427 1499 1500 1501 1502 1503 1505 1508 1511 1512 1513 1515 1516 1517 1520 1521 1522 1523 1532 1981 1982 1983 1984 1986 1988 1989 1990 1991 1993 1994 1995 1996 2000 2001 2006 2009 2011 2013 2018 2022 2026 2039 2110 2113 2114 2115 2116 2118 2120 2123 2127 2128 2129 2131 2132 2136 2137 2138 2139 2140 2145 2147 2148 2151 2152 2209 2210 2211 2214 2216 2217 2218 2219 2220 2221 2224 2225 2226 2227 2320 2321 2322 2324 2327 2330 2331 2332 2335 2336 2337 2338 
41 29 122 171 374 586 629 751 815 853 911 933 949 964 976 1008 1016 1133 1134 1135 1136 1137 1138 1178 1306 1380 1438 1751 1826 1919 1987 2052 2098 2101 2103 2124 2168 2169 2252 2296 2328 2421 
160 101 228 235 236 237 248 250 255 257 260 262 264 271 1139 1140 1141 1142 1143 1144 1145 1146 1147 1148 1149 1150 1151 1152 1153 1154 1155 1156 1157 1158 1159 1160 1161 1162 1163 1164 1165 1166 1167 1168 1169 1170 1171 1172 1173 1175 1176 1177 1179 1182 1183 1185 1186 1187 1188 1189 1190 1191 1192 1193 1194 1195 1196 1199 1201 1203 1204 1205 1206 1207 1208 1209 1212 1214 1215 1216 1333 1338 1339 1345 1350 1351 1353 1360 1397 1402 1403 1410 1415 1418 1420 1427 1496 1499 1500 1501 1502 1503 1505 1506 1508 1512 1513 1515 1517 1520 1521 1522 1523 1564 1565 1567 1568 1572 1575 1577 1579 1580 1581 1584 1586 1589 1592 1593 1743 1744 1745 1746 1748 1749 1750 1752 1755 1756 1758 1759 1761 1762 1763 1764 1765 1766 1767 2319 2320 2321 2322 2324 2325 2327 2331 2332 2334 2335 2336 2337 2338 
100 99 100 101 102 109 228 235 236 237 247 248 249 250 251 252 255 256 257 258 260 262 264 269 270 271 1170 1171 1172 1173 1174 1175 1176 1177 1178 1179 1180 1181 1182 1183 1184 1185 1186 1187 1188 1189 1190 1191 1192 1193 1194 1195 1196 1197 1198 1199 1200 1201 1202 1203 1204 1205 1206 1207 1208 1209 1210 1211 1212 1213 1214 1215 1216 1496 1499 1500 1501 1502 1503 1505 1506 1507 1508 1509 1511 1512 1513 1514 1515 1516 1517 1520 1521 1522 1523 1530 1531 1532 1533 1538 1539 
23 1194 1195 1196 1197 1198 1199 1200 1201 1202 1203 1204 1205 1206 1207 1208 1209 1210 1211 1212 1213 1214 1215 1216 
101 172 303 305 321 369 370 382 383 531 534 535 587 630 752 816 854 873 878 879 892 893 904 906 907 924 929 930 977 1009 1082 1113 1114 1129 1147 1179 1217 1218 1219 1220 1221 1222 1223 1224 1225 1226 1227 1228 1229 1256 1259 1260 1271 1272 1280 1285 1286 1657 1661 1662 1673 1676 1677 1688 1689 1697 1701 1702 1722 1752 1827 1920 2053 2217 2253 2297 2365 2366 2367 2368 2369 2370 2373 2375 2377 2378 2379 2380 2381 2382 2383 2386 2388 2422 2444 2445 2446 2447 2448 2449 2452 2454 
108 5 9 11 15 19 28 29 142 173 279 304 309 311 331 333 353 357 358 364 373 374 389 392 396 398 400 402 566 571 572 588 672 676 677 680 683 684 685 687 688 690 693 696 699 700 702 719 723 724 729 730 732 753 817 874 881 882 901 910 911 925 932 933 943 947 949 978 1014 1016 1025 1053 1148 1230 1231 1232 1233 1234 1281 1288 1289 1307 1372 1379 1380 1770 1772 1777 1780 1782 1787 1788 1828 1921 2054 2125 2267 2272 2273 2278 2282 2283 2311 2314 2315 2404 2410 2411 2415 
43 18 35 123 174 363 380 589 631 754 818 855 872 890 900 923 1005 1010 1180 1235 1236 1237 1238 1239 1240 1279 1308 1439 1753 1829 1922 2045 2055 2071 2126 2167 2168 2169 2237 2240 2244 2298 2329 2423 
82 16 23 25 30 34 38 40 175 361 368 370 375 379 383 386 590 755 819 856 870 873 877 879 883 889 893 895 897 905 907 921 924 928 930 934 979 1011 1083 1181 1241 1242 1243 1244 1245 1246 1247 1248 1249 1250 1251 1252 1253 1277 1280 1284 1286 1290 1694 1697 1702 1706 1754 1923 2056 2236 2238 2239 2241 2242 2243 2299 2376 2377 2379 2380 2381 2383 2384 2385 2386 2388 2424 
338 56 58 59 66 124 126 131 132 161 168 169 172 176 177 179 181 185 186 187 191 194 195 196 200 201 215 216 218 225 226 251 272 276 277 280 281 285 288 291 292 295 574 582 583 587 591 592 594 596 601 602 603 608 611 612 613 617 618 630 633 635 640 641 644 648 652 659 662 741 747 748 752 756 757 760 764 765 766 771 772 775 776 779 780 806 812 813 816 820 821 823 825 828 829 830 834 837 838 839 842 843 854 857 859 861 866 867 897 898 901 902 903 904 906 907 908 910 911 912 914 921 922 924 925 926 927 929 930 931 932 933 934 935 937 966 973 974 977 980 981 984 987 988 989 993 994 997 998 1001 1002 1046 1050 1051 1054 1055 1056 1060 1061 1064 1067 1068 1069 1072 1073 1078 1079 1080 1082 1084 1085 1087 1088 1089 1093 1094 1096 1097 1098 1176 1179 1182 1184 1186 1188 1189 1190 1193 1195 1200 1204 1211 1214 1254 1255 1256 1257 1258 1259 1260 1261 1262 1263 1264 1265 1266 1267 1268 1269 1270 1271 1272 1273 1274 1275 1276 1277 1278 1280 1281 1282 1283 1285 1286 1287 1288 1289 1290 1291 1293 1294 1309 1311 1313 1317 1318 1327 1331 1440 1442 1447 1448 1509 1511 1513 1520 1521 1565 1574 1579 1588 1592 1711 1718 1719 1720 1722 1723 1724 1727 1729 1730 1735 1736 1738 1739 1741 1749 1752 1755 1757 1759 1762 1763 1764 1767 1815 1823 1827 1830 1831 1833 1835 1841 1842 1843 1851 1852 1856 1857 1910 1915 1916 1920 1924 1925 1927 1929 1933 1934 1935 1940 1943 1944 1945 1948 1949 1962 1964 2009 2022 2048 2049 2050 2053 2057 2058 2060 2062 2063 2068 2069 2073 2074 2076 2217 2219 2221 2224 2225 2330 2332 2335 2336 2351 2352 2354 2361 2362 
342 118 120 123 124 125 126 127 128 131 132 161 163 164 166 168 169 170 172 173 174 175 176 177 178 179 180 181 182 183 185 186 187 189 191 192 193 194 195 196 197 198 200 201 211 213 215 216 217 218 219 220 222 225 226 251 252 255 257 272 273 274 275 276 277 278 279 280 281 282 283 285 286 288 289 290 291 292 293 295 623 625 627 630 631 632 633 634 635 636 640 641 741 742 745 746 747 748 750 752 753 754 755 756 757 758 759 760 761 764 765 766 769 771 772 773 774 775 776 777 779 780 806 808 809 811 812 813 814 816 817 818 819 820 821 822 823 824 825 826 828 829 830 832 834 835 836 837 838 839 840 842 843 847 849 851 854 855 856 857 858 859 860 861 862 866 867 1046 1047 1048 1049 1050 1051 1052 1053 1054 1055 1056 1057 1058 1060 1061 1062 1064 1065 1066 1067 1068 1069 1070 1072 1073 1173 1175 1176 1179 1180 1181 1182 1183 1184 1185 1186 1188 1189 1190 1193 1195 1196 1197 1200 1201 1202 1203 1204 1209 1210 1211 1212 1213 1214 1277 1278 1279 1280 1281 1282 1283 1284 1285 1286 1287 1288 1289 1290 1291 1292 1293 1346 1411 1505 1507 1509 1511 1512 1513 1514 1515 1517 1520 1521 1531 1565 1569 1574 1575 1576 1577 1579 1587 1588 1589 1590 1592 1746 1748 1749 1752 1753 1754 1755 1756 1757 1758 1759 1760 1762 1763 1764 1767 1959 1962 1963 1964 1965 1966 1968 2002 2007 2009 2010 2019 2022 2023 2040 2043 2044 2045 2047 2048 2049 2050 2051 2053 2054 2055 2056 2057 2058 2059 2060 2062 2063 2065 2067 2068 2069 2070 2071 2072 2073 2074 2076 2324 2326 2329 2330 2331 2332 2333 2335 2336 2347 2349 2351 2352 2353 2354 2355 2356 2358 2361 2362 
173 42 44 45 46 47 48 49 50 51 52 53 56 57 58 59 60 61 62 63 64 66 67 68 72 73 78 79 81 82 83 84 85 88 89 90 99 100 103 228 229 230 233 234 235 236 237 238 244 246 247 248 249 251 253 254 255 256 257 258 260 261 262 263 264 267 269 271 1294 1295 1296 1297 1298 1299 1300 1301 1302 1303 1304 1305 1306 1307 1308 1309 1310 1311 1312 1313 1314 1315 1316 1317 1318 1319 1320 1321 1322 1323 1324 1325 1326 1327 1328 1329 1330 1331 1332 1333 1336 1338 1339 1344 1345 1348 1349 1350 1351 1352 1353 1356 1358 1360 1397 1400 1402 1403 1409 1410 1413 1414 1415 1416 1417 1418 1419 1420 1423 1425 1427 1529 1532 1533 1536 1538 1997 1999 2000 2001 2002 2006 2009 2010 2011 2012 2013 2014 2015 2016 2017 2018 2019 2022 2023 2024 2026 2027 2029 2030 2036 2037 2038 2039 2041 2042 
41 92 93 94 96 99 100 101 103 104 106 107 109 110 1333 1334 1335 1336 1337 1338 1339 1340 1341 1342 1343 1344 1345 1346 1347 1348 1349 1350 1351 1352 1353 1354 1355 1356 1357 1358 1359 1360 
174 4 6 24 305 329 336 337 338 343 352 355 369 389 391 393 406 480 481 482 483 484 486 487 489 490 491 492 493 495 496 497 498 500 502 504 507 510 511 520 531 534 545 547 548 554 568 664 665 666 667 668 670 672 673 674 675 677 683 687 690 691 692 699 702 719 721 722 724 729 873 878 906 924 929 944 1114 1217 1218 1219 1220 1221 1222 1223 1224 1225 1226 1227 1228 1229 1256 1259 1280 1285 1361 1362 1363 1376 1483 1485 1486 1487 1488 1489 1490 1491 1492 1493 1494 1495 1638 1641 1657 1661 1673 1676 1697 1701 1770 1771 1772 1780 1781 1787 1791 1792 1793 1794 1795 1796 1798 1972 1973 1974 1975 1976 1977 1979 2085 2088 2237 2238 2239 2240 2243 2269 2277 2280 2310 2312 2366 2367 2368 2369 2370 2373 2375 2378 2379 2380 2381 2382 2386 2388 2392 2395 2403 2407 2445 2446 2447 2448 2449 2452 2454 
32 46 47 59 80 575 577 582 583 591 596 603 608 611 612 618 620 621 635 1026 1040 1347 1364 1365 1366 1367 1368 1412 1431 1432 1442 1573 2008 
69 338 414 435 453 470 471 473 480 484 488 492 511 548 667 677 712 724 785 788 796 916 1133 1134 1136 1217 1219 1225 1230 1231 1235 1237 1238 1363 1462 1485 1491 1546 1560 1600 1625 1768 1772 1791 1795 1800 1810 1811 1812 1861 1862 1864 1873 1891 1894 1901 1972 1976 2098 2168 2193 2195 2240 2370 2382 2435 2437 2449 2459 2460 
271 45 51 53 112 115 118 119 121 122 131 133 204 207 211 212 214 225 227 234 253 261 263 578 579 580 581 582 583 584 586 588 593 599 601 603 604 605 607 608 609 610 611 616 618 619 622 623 625 626 628 629 632 638 640 642 643 645 646 653 654 656 657 744 745 746 747 748 749 751 753 758 762 764 766 767 768 770 772 773 774 775 778 780 781 846 847 849 850 852 853 858 864 866 868 869 1003 1004 1005 1006 1007 1008 1013 1014 1015 1016 1017 1018 1019 1022 1023 1025 1031 1033 1035 1037 1038 1043 1045 1298 1299 1301 1302 1304 1306 1307 1310 1316 1317 1319 1320 1322 1324 1325 1330 1332 1336 1352 1369 1370 1371 1372 1373 1374 1375 1376 1377 1378 1379 1380 1381 1382 1383 1384 1385 1386 1387 1388 1389 1390 1391 1392 1400 1416 1419 1430 1433 1434 1435 1437 1438 1445 1447 1449 1450 1498 1501 1505 1506 1508 1520 1522 1566 1580 1582 1585 1818 1819 1820 1821 1823 1824 1826 1828 1832 1839 1841 1843 1844 1845 1847 1848 1849 1855 1857 1858 1912 1913 1914 1915 1916 1917 1919 1921 1926 1931 1933 1935 1936 1937 1939 1940 1941 1942 1943 1947 1949 1950 1953 1958 1999 2014 2017 2041 2112 2116 2117 2120 2121 2123 2124 2125 2134 2136 2138 2139 2140 2141 2143 2144 2145 2150 2152 2340 2343 2347 2348 2350 2361 2363 2416 2417 2418 2419 2420 2421 2426 2429 2430 2431 2432 2433 
161 4 7 25 339 352 356 370 391 394 412 413 418 422 423 424 429 432 443 445 482 483 486 487 507 512 531 535 549 569 665 666 668 670 673 674 675 678 683 687 691 692 699 702 721 722 725 729 873 879 907 924 930 945 1217 1218 1220 1221 1222 1223 1224 1226 1227 1228 1229 1241 1242 1243 1245 1247 1248 1249 1250 1252 1253 1256 1260 1280 1286 1377 1393 1394 1451 1453 1456 1457 1459 1460 1483 1486 1487 1488 1489 1490 1492 1493 1494 1495 1543 1544 1545 1551 1554 1621 1623 1624 1626 1631 1634 1638 1642 1657 1662 1673 1677 1697 1702 1771 1773 1781 1787 1793 1794 1796 1798 1974 1975 1977 1979 2085 2089 2202 2204 2238 2239 2241 2243 2270 2277 2281 2310 2313 2367 2368 2369 2373 2375 2379 2380 2381 2383 2386 2388 2392 2396 2403 2408 2446 2447 2448 2452 2454 
116 8 371 395 415 416 418 419 422 427 429 432 446 454 456 457 460 464 466 469 485 486 487 536 679 680 683 684 687 696 699 702 710 711 714 715 726 729 789 791 792 795 800 802 805 880 963 1103 1261 1395 1396 1451 1453 1458 1459 1460 1470 1547 1548 1551 1554 1601 1603 1604 1607 1611 1613 1616 1627 1628 1631 1634 1663 1678 1703 1774 1787 1874 1875 1877 1880 1881 1883 1888 1889 1890 1895 1897 1898 1900 1905 1907 1909 2099 2156 2157 2159 2160 2161 2162 2163 2165 2166 2177 2187 2205 2371 2372 2373 2375 2397 2409 2450 2451 2452 2454 2468 
31 1397 1398 1399 1400 1401 1402 1403 1404 1405 1406 1407 1408 1409 1410 1411 1412 1413 1414 1415 1416 1417 1418 1419 1420 1421 1422 1423 1424 1425 1426 1427 
58 93 104 107 1333 1334 1335 1336 1337 1340 1341 1342 1343 1344 1347 1352 1354 1355 1356 1397 1398 1399 1400 1401 1404 1405 1406 1407 1409 1412 1416 1417 1419 1421 1422 1423 1428 1429 1430 1431 1432 1433 1434 1435 1436 1437 1438 1439 1440 1441 1442 1443 1444 1445 1446 1447 1448 1449 1450 
189 16 20 25 26 30 34 40 143 176 280 300 306 361 365 370 371 372 375 379 384 386 412 413 415 416 417 418 419 421 422 423 424 426 427 428 429 431 432 440 443 444 445 446 447 449 450 591 716 717 721 722 725 726 727 728 729 731 756 820 857 870 873 875 879 880 883 889 894 895 897 902 907 908 921 924 926 930 931 934 980 1006 1012 1026 1054 1078 1084 1110 1115 1143 1149 1182 1254 1256 1258 1260 1261 1263 1265 1267 1270 1273 1274 1275 1276 1277 1280 1282 1286 1287 1290 1364 1366 1451 1452 1453 1454 1455 1456 1457 1458 1459 1460 1540 1541 1543 1544 1545 1547 1548 1549 1550 1551 1553 1554 1617 1618 1619 1621 1623 1624 1626 1627 1628 1629 1630 1631 1633 1634 1654 1657 1659 1662 1663 1666 1694 1697 1699 1702 1703 1706 1718 1723 1755 1830 1924 2048 2057 2200 2202 2203 2204 2205 2207 2208 2254 2300 2389 2392 2393 2396 2397 2399 2400 2403 2405 2408 2409 2412 2425 
54 144 177 281 307 309 408 532 537 542 592 757 821 901 910 925 932 981 1027 1055 1085 1087 1116 1118 1150 1257 1262 1268 1281 1288 1309 1461 1462 1463 1464 1465 1466 1468 1474 1476 1481 1658 1664 1668 1674 1679 1685 1698 1704 1709 1724 1831 1925 2058 2290 
99 57 59 66 254 403 404 405 408 409 410 411 574 576 582 583 592 595 596 598 601 602 603 606 608 611 614 618 634 635 640 641 644 649 651 652 660 1020 1021 1027 1028 1030 1032 1034 1041 1294 1296 1309 1312 1313 1315 1317 1318 1321 1328 1441 1442 1447 1448 1467 1468 1469 1470 1471 1472 1473 1474 1475 1476 1477 1478 1479 1480 1481 1482 1510 1512 1513 1520 1521 1565 1575 1577 1579 1589 2110 2114 2128 2129 2131 2136 2137 2148 2286 2287 2288 2290 2291 2292 2293 
246 3 4 6 7 18 24 25 27 37 38 178 299 305 308 321 327 329 330 336 337 338 339 341 343 344 345 346 348 351 352 355 356 363 369 370 382 383 389 390 391 393 394 400 403 406 407 504 506 507 510 511 512 517 520 522 523 524 526 530 531 534 535 545 546 547 548 549 552 554 556 557 558 560 565 568 569 570 593 632 663 664 665 666 667 668 669 670 672 673 674 675 677 678 683 685 687 690 691 692 693 694 699 700 702 758 822 858 872 873 878 879 892 893 900 906 907 909 923 924 929 930 940 944 945 946 956 957 982 1005 1013 1076 1086 1109 1114 1117 1129 1151 1183 1279 1280 1285 1286 1310 1371 1376 1377 1378 1389 1390 1483 1484 1485 1486 1487 1488 1489 1490 1491 1492 1493 1494 1495 1637 1638 1641 1642 1650 1651 1656 1657 1661 1662 1696 1697 1701 1702 1725 1756 1770 1771 1772 1773 1777 1780 1781 1782 1783 1787 1788 1832 1926 1971 1972 1973 1974 1975 1976 1977 1978 1979 1988 2045 2059 2084 2085 2088 2089 2218 2237 2238 2239 2240 2241 2243 2244 2255 2266 2269 2270 2271 2276 2277 2280 2281 2286 2289 2301 2309 2310 2312 2313 2377 2378 2379 2380 2381 2382 2383 2386 2387 2388 2402 2403 2407 2408 2426 
77 99 100 101 102 105 109 110 228 229 230 231 233 234 235 236 237 238 244 246 247 248 249 250 251 252 253 254 255 256 257 258 260 261 262 263 264 267 269 270 271 1496 1497 1498 1499 1500 1501 1502 1503 1504 1505 1506 1507 1508 1509 1510 1511 1512 1513 1514 1515 1516 1517 1518 1519 1520 1521 1522 1523 1524 1529 1530 1531 1532 1533 1536 1538 1539 
16 1524 1525 1526 1527 1528 1529 1530 1531 1532 1533 1534 1535 1536 1537 1538 1539 
264 58 124 131 168 169 176 179 185 187 191 194 195 201 216 225 276 277 280 285 288 291 292 295 582 583 591 594 601 603 608 611 612 618 633 640 648 747 748 756 764 766 772 775 776 780 812 813 820 823 828 830 834 837 838 843 857 859 866 870 871 873 875 876 879 880 882 883 884 885 888 889 891 894 895 896 897 898 902 903 907 908 911 912 921 922 924 926 927 930 931 933 934 935 973 974 980 987 989 994 997 998 1002 1050 1051 1054 1056 1061 1064 1067 1068 1073 1078 1079 1080 1084 1088 1089 1094 1096 1097 1098 1110 1111 1112 1115 1119 1120 1121 1126 1128 1130 1131 1176 1182 1184 1188 1190 1200 1254 1255 1256 1258 1260 1261 1263 1264 1265 1266 1267 1270 1273 1274 1275 1276 1277 1278 1280 1282 1283 1286 1287 1289 1290 1291 1311 1317 1440 1447 1511 1520 1540 1541 1542 1543 1544 1545 1546 1547 1548 1549 1550 1551 1552 1553 1554 1574 1654 1655 1657 1659 1660 1662 1663 1665 1666 1694 1695 1697 1699 1700 1702 1703 1705 1706 1707 1718 1719 1720 1723 1729 1730 1736 1738 1739 1741 1749 1755 1757 1762 1764 1823 1830 1833 1841 1843 1851 1857 1915 1916 1924 1927 1933 1935 1940 1943 1944 1949 1964 1989 1993 2009 2048 2049 2050 2057 2062 2063 2069 2073 2074 2076 2127 2136 2219 2224 2295 2300 2302 2305 2306 2330 2335 2352 2361 
129 1 2 3 4 125 145 180 191 217 282 288 299 317 319 327 403 503 504 505 506 507 511 516 517 520 521 523 526 529 530 531 545 546 548 551 552 554 555 557 560 563 565 595 608 634 649 759 772 824 834 860 922 923 924 983 994 1005 1028 1057 1064 1076 1094 1095 1109 1126 1127 1162 1185 1201 1278 1279 1280 1312 1441 1468 1469 1473 1474 1476 1477 1481 1512 1555 1556 1557 1558 1559 1560 1561 1562 1563 1575 1635 1636 1637 1638 1646 1649 1655 1656 1657 1671 1672 1673 1683 1687 1695 1696 1697 1726 1736 1758 1834 1928 1940 1990 2045 2069 2071 2082 2083 2084 2085 2128 2220 2256 2286 2331 2353 
30 1564 1565 1566 1567 1568 1569 1570 1571 1572 1573 1574 1575 1576 1577 1578 1579 1580 1581 1582 1583 1584 1585 1586 1587 1588 1589 1590 1591 1592 1593 
356 16 17 20 21 22 29 30 31 33 36 40 41 59 126 141 149 159 168 169 181 187 191 194 201 218 276 277 285 288 291 295 300 301 302 311 312 317 320 324 361 362 365 366 367 371 374 375 376 378 381 384 386 387 404 405 409 410 440 441 442 443 444 446 447 448 449 450 582 583 596 603 608 611 618 635 716 717 718 720 721 722 724 726 727 728 729 730 731 733 734 735 736 737 738 739 740 747 748 760 766 772 775 780 812 813 825 830 834 837 843 861 870 871 873 875 876 880 882 883 885 888 891 894 895 896 897 898 902 903 911 912 921 922 924 926 927 933 934 935 973 974 984 989 994 997 1002 1006 1007 1016 1017 1050 1051 1061 1064 1067 1073 1078 1079 1080 1089 1094 1096 1098 1110 1111 1112 1119 1121 1126 1128 1131 1143 1144 1145 1152 1155 1162 1165 1168 1176 1186 1190 1254 1255 1256 1258 1261 1263 1264 1265 1267 1273 1274 1275 1276 1277 1278 1280 1282 1283 1289 1290 1291 1313 1364 1365 1367 1368 1442 1467 1470 1471 1472 1474 1475 1478 1479 1480 1481 1482 1513 1594 1595 1596 1597 1598 1599 1600 1601 1602 1603 1604 1605 1606 1607 1608 1609 1610 1611 1612 1613 1614 1615 1616 1617 1618 1619 1620 1621 1622 1623 1624 1625 1627 1628 1629 1630 1631 1632 1633 1634 1670 1671 1673 1675 1678 1680 1681 1682 1684 1690 1691 1692 1693 1694 1695 1697 1699 1700 1703 1705 1706 1707 1718 1719 1720 1727 1730 1736 1738 1741 1749 1759 1764 1823 1835 1843 1857 1915 1916 1929 1935 1940 1943 1949 1991 2048 2049 2050 2060 2063 2069 2073 2076 2129 2173 2174 2175 2176 2177 2178 2179 2180 2181 2200 2201 2202 2203 2205 2206 2207 2208 2221 2257 2287 2288 2291 2292 2295 2303 2306 2332 2354 2419 2427 2431 2463 2464 2465 2466 2467 2468 2469 2470 2471 2472 
244 59 60 126 127 168 169 176 181 182 187 191 194 195 201 218 219 276 277 280 285 288 291 292 295 361 362 365 366 367 370 371 372 374 375 376 378 379 381 384 385 386 387 582 583 591 596 597 603 608 611 612 618 635 636 650 747 748 756 760 766 772 775 776 780 812 813 820 825 830 834 837 838 843 857 861 862 870 871 873 875 876 879 880 882 883 885 888 889 891 894 895 896 897 898 902 903 907 908 911 912 921 922 924 926 927 930 931 933 934 935 973 974 980 984 989 994 997 998 1002 1006 1007 1012 1016 1017 1026 1029 1040 1050 1051 1054 1061 1064 1067 1068 1073 1078 1079 1080 1084 1089 1094 1096 1097 1098 1176 1182 1186 1190 1202 1277 1278 1280 1282 1283 1286 1287 1289 1290 1291 1313 1314 1442 1443 1513 1514 1576 1617 1618 1619 1620 1621 1622 1623 1624 1625 1626 1627 1628 1629 1630 1631 1632 1633 1634 1694 1695 1697 1699 1700 1702 1703 1705 1706 1707 1749 1755 1759 1760 1764 1823 1830 1835 1836 1843 1851 1857 1915 1916 1924 1929 1935 1940 1943 1944 1949 1965 2010 2048 2049 2050 2057 2060 2063 2069 2073 2074 2076 2129 2130 2221 2222 2295 2300 2303 2306 2332 2333 2354 2355 2419 2425 2427 2428 2431 
17 146 183 283 598 651 761 826 985 1030 1058 1203 1315 1577 1728 1837 1930 2131 
282 61 118 125 128 131 137 138 140 145 146 151 154 156 161 163 166 178 180 183 185 189 191 193 197 211 217 220 225 255 272 273 275 282 283 286 288 290 293 296 299 300 305 308 309 311 314 315 317 319 321 625 632 634 640 741 742 746 758 759 761 764 769 772 774 777 806 808 811 822 824 826 828 832 834 836 840 849 858 860 866 966 968 972 982 983 985 987 991 994 996 999 1020 1021 1023 1028 1030 1034 1038 1041 1046 1047 1049 1057 1058 1062 1064 1066 1070 1074 1076 1078 1086 1087 1088 1091 1092 1094 1095 1107 1109 1110 1114 1117 1118 1119 1120 1123 1124 1126 1127 1129 1139 1142 1143 1151 1154 1158 1160 1162 1164 1175 1183 1185 1188 1195 1196 1201 1203 1209 1212 1278 1279 1280 1281 1282 1285 1286 1288 1289 1292 1294 1296 1301 1310 1312 1315 1317 1321 1325 1328 1434 1441 1447 1505 1512 1515 1520 1565 1575 1577 1589 1635 1636 1637 1638 1639 1640 1641 1642 1643 1644 1645 1646 1647 1648 1649 1650 1651 1652 1653 1655 1656 1657 1658 1659 1661 1662 1664 1665 1667 1695 1696 1697 1698 1699 1701 1702 1704 1705 1708 1711 1713 1717 1718 1725 1726 1728 1729 1733 1736 1737 1740 1748 1756 1758 1762 1966 1984 1988 1990 1993 2043 2045 2047 2048 2059 2062 2065 2067 2069 2071 2072 2110 2114 2120 2128 2131 2132 2136 2145 2148 2214 2218 2220 2224 2249 2255 2256 2259 2286 2287 2289 2290 2291 2293 2324 2331 2335 2347 2353 2356 2361 
350 48 58 61 62 66 81 116 118 124 125 128 131 132 208 211 216 217 220 221 225 226 236 255 256 272 273 275 276 277 280 281 282 283 285 286 287 288 290 291 292 293 295 625 630 632 633 634 640 641 806 808 811 812 813 816 820 821 822 823 824 826 828 829 830 832 833 834 836 837 838 839 840 842 843 849 854 857 858 859 860 866 867 966 968 972 973 974 977 980 981 982 983 985 987 988 989 991 992 993 994 996 997 998 999 1001 1002 1046 1047 1049 1050 1051 1054 1055 1056 1057 1058 1060 1061 1062 1063 1064 1066 1067 1068 1069 1070 1072 1073 1074 1076 1078 1079 1080 1082 1084 1085 1086 1087 1088 1089 1091 1092 1093 1094 1095 1096 1097 1098 1107 1109 1110 1111 1112 1113 1114 1115 1116 1117 1118 1119 1120 1121 1123 1124 1125 1126 1127 1128 1129 1130 1131 1175 1176 1179 1182 1183 1184 1185 1188 1189 1190 1193 1195 1196 1200 1201 1203 1204 1206 1209 1211 1212 1214 1294 1296 1301 1309 1310 1311 1312 1315 1317 1318 1321 1322 1325 1327 1328 1331 1348 1413 1502 1505 1511 1512 1515 1516 1520 1521 1532 1565 1574 1575 1577 1578 1579 1580 1588 1589 1592 1654 1655 1656 1657 1658 1659 1660 1661 1662 1663 1664 1665 1666 1667 1668 1669 1711 1713 1717 1718 1719 1720 1722 1723 1724 1725 1726 1728 1729 1730 1733 1734 1735 1736 1737 1738 1739 1740 1741 1748 1749 1752 1755 1756 1757 1758 1762 1763 1764 1767 1955 1964 1966 1967 1984 1988 1989 1990 1993 1994 2009 2011 2022 2043 2045 2047 2048 2049 2050 2053 2057 2058 2059 2062 2063 2065 2066 2067 2068 2069 2071 2072 2073 2074 2076 2110 2114 2118 2120 2127 2128 2131 2132 2136 2137 2140 2145 2147 2148 2151 2214 2217 2218 2219 2220 2224 2225 2324 2330 2331 2335 2336 2344 2347 2352 2353 2356 2357 2361 2362 
370 59 63 66 125 126 131 132 161 168 169 172 177 180 181 183 185 186 187 189 191 194 197 200 201 217 218 222 225 226 257 272 276 277 281 282 283 285 286 288 291 293 295 630 634 635 640 641 741 747 748 752 757 759 760 761 764 765 766 769 771 772 775 777 779 780 806 812 813 816 821 824 825 826 828 829 830 832 834 837 840 842 843 854 860 861 866 867 921 922 923 924 925 926 927 929 930 932 933 934 935 937 966 973 974 977 981 983 984 985 987 988 989 991 993 994 997 999 1001 1002 1046 1050 1051 1055 1057 1058 1060 1061 1062 1064 1067 1070 1072 1073 1076 1078 1079 1080 1082 1085 1087 1088 1089 1091 1093 1094 1095 1096 1098 1109 1110 1111 1112 1113 1114 1116 1118 1119 1120 1121 1123 1125 1126 1127 1128 1129 1131 1143 1144 1145 1147 1150 1152 1154 1155 1158 1161 1162 1165 1168 1176 1179 1185 1186 1188 1189 1190 1193 1195 1201 1203 1204 1212 1214 1277 1278 1279 1280 1281 1282 1283 1285 1286 1288 1289 1290 1291 1293 1294 1309 1312 1313 1315 1317 1318 1321 1328 1331 1441 1442 1447 1448 1512 1513 1517 1520 1521 1565 1575 1577 1579 1589 1592 1670 1671 1672 1673 1674 1675 1676 1677 1678 1679 1680 1681 1682 1683 1684 1685 1686 1687 1688 1689 1690 1691 1692 1693 1694 1695 1696 1697 1698 1699 1700 1701 1702 1703 1704 1705 1706 1707 1709 1710 1711 1718 1719 1720 1722 1724 1726 1727 1728 1729 1730 1733 1735 1736 1738 1740 1741 1749 1752 1758 1759 1762 1763 1764 1767 1815 1823 1827 1831 1834 1835 1837 1841 1842 1843 1846 1853 1856 1857 1910 1915 1916 1920 1925 1928 1929 1930 1933 1934 1935 1938 1940 1943 1946 1948 1949 1968 1990 1991 1993 1994 2045 2048 2049 2050 2053 2058 2060 2062 2063 2065 2068 2069 2071 2073 2076 2110 2128 2129 2131 2136 2137 2148 2151 2217 2220 2221 2224 2225 2331 2332 2335 2336 2353 2354 2358 2361 2362 
365 48 58 59 60 61 63 64 66 82 116 118 124 125 126 127 128 131 132 161 163 166 168 169 170 172 175 176 177 178 179 180 181 182 183 185 186 187 189 190 191 193 194 195 196 197 198 200 201 208 211 216 217 218 219 220 222 225 226 236 255 257 258 272 273 275 276 277 278 280 281 282 283 285 286 287 288 290 291 292 293 295 625 630 632 633 634 635 636 640 641 806 808 811 812 813 814 816 819 820 821 822 823 824 825 826 828 829 830 832 833 834 836 837 838 839 840 842 843 849 854 856 857 858 859 860 861 862 866 867 966 968 972 973 974 975 977 979 980 981 982 983 984 985 987 988 989 991 992 993 994 996 997 998 999 1001 1002 1046 1047 1049 1050 1051 1052 1054 1055 1056 1057 1058 1060 1061 1062 1063 1064 1066 1067 1068 1069 1070 1072 1073 1074 1076 1078 1079 1080 1081 1082 1083 1084 1085 1086 1087 1088 1089 1091 1092 1093 1094 1095 1096 1097 1098 1175 1176 1179 1181 1182 1183 1184 1185 1186 1188 1189 1190 1193 1195 1196 1200 1201 1202 1203 1204 1206 1209 1211 1212 1213 1214 1294 1296 1301 1305 1309 1310 1311 1312 1313 1314 1315 1317 1318 1321 1322 1325 1327 1328 1329 1331 1349 1414 1502 1505 1511 1512 1513 1514 1515 1517 1520 1521 1533 1565 1574 1575 1576 1577 1579 1580 1588 1589 1590 1592 1694 1695 1696 1697 1698 1699 1700 1701 1702 1703 1704 1705 1706 1707 1708 1709 1710 1748 1749 1752 1754 1755 1756 1757 1758 1759 1760 1762 1763 1764 1767 1955 1964 1965 1966 1968 1969 2009 2010 2012 2022 2023 2042 2043 2045 2047 2048 2049 2050 2051 2053 2056 2057 2058 2059 2060 2062 2063 2065 2066 2067 2068 2069 2071 2072 2073 2074 2076 2214 2217 2218 2219 2220 2221 2222 2224 2225 2324 2330 2331 2332 2333 2335 2336 2344 2347 2352 2353 2354 2355 2356 2358 2361 2362 
42 416 436 454 485 680 706 708 711 714 789 917 1232 1241 1244 1248 1396 1453 1458 1463 1548 1601 1628 1814 1875 1883 1888 1895 2079 2106 2108 2154 2155 2157 2159 2163 2196 2229 2372 2384 2438 2451 2461 
138 106 113 114 115 116 118 121 124 125 126 128 131 132 133 134 235 236 237 248 251 255 256 257 259 260 264 269 271 844 845 846 848 849 852 854 857 858 859 860 861 866 867 868 869 1195 1196 1199 1200 1201 1203 1204 1205 1206 1207 1209 1211 1212 1214 1215 1216 1338 1339 1345 1348 1350 1353 1358 1360 1532 1538 1565 1567 1568 1572 1574 1575 1577 1578 1579 1580 1581 1586 1588 1589 1591 1592 1593 1711 1712 1713 1714 1715 1716 1717 1718 1719 1720 1721 1722 1723 1724 1725 1726 1727 1728 1729 1730 1731 1732 1733 1734 1735 1736 1737 1738 1739 1740 1741 1742 1743 1744 1745 1747 1748 1749 1750 1752 1755 1756 1757 1758 1759 1762 1763 1764 1765 1766 1767 
50 1564 1565 1567 1568 1569 1571 1572 1574 1575 1576 1577 1578 1579 1580 1581 1583 1584 1586 1587 1588 1589 1590 1591 1592 1593 1743 1744 1745 1746 1747 1748 1749 1750 1751 1752 1753 1754 1755 1756 1757 1758 1759 1760 1761 1762 1763 1764 1765 1766 1767 
67 9 28 309 331 357 373 396 400 408 435 438 511 513 517 523 526 537 548 552 557 560 571 677 685 693 700 724 730 881 910 916 919 932 947 1014 1087 1118 1230 1231 1262 1288 1379 1462 1465 1474 1481 1643 1664 1679 1704 1768 1772 1777 1782 1788 2090 2193 2195 2198 2272 2282 2290 2314 2410 2435 2437 2440 
142 65 129 164 173 178 184 188 192 199 223 326 327 329 330 331 332 333 334 335 350 351 352 353 355 356 357 358 359 360 562 564 565 566 568 569 570 571 572 573 579 588 593 599 605 609 616 623 632 637 638 643 745 753 758 762 768 773 778 847 858 863 864 869 1022 1025 1031 1033 1037 1043 1444 1445 1450 1518 1746 1756 1761 1766 1769 1770 1771 1772 1773 1774 1775 1776 1777 1778 1779 1780 1781 1782 1783 1784 1785 1786 1787 1788 1789 1819 1828 1832 1838 1839 1845 1848 1855 1913 1921 1926 1931 1937 1941 1947 1970 2117 2125 2133 2134 2139 2144 2150 2263 2265 2266 2267 2269 2270 2271 2272 2273 2274 2275 2276 2277 2278 2280 2281 2282 2283 2284 2285 2359 
153 0 3 4 6 7 16 18 24 25 34 35 37 38 147 184 284 299 305 310 319 321 327 329 332 350 351 352 355 356 361 363 369 370 379 380 382 383 388 389 390 391 393 394 400 562 565 568 569 599 638 671 672 673 674 675 677 678 683 684 685 687 689 690 691 692 693 694 699 700 702 762 827 864 938 940 944 945 948 953 955 956 957 986 1005 1015 1031 1059 1153 1187 1316 1369 1371 1376 1377 1386 1387 1389 1390 1445 1761 1769 1770 1771 1772 1773 1777 1779 1780 1781 1782 1783 1787 1788 1790 1791 1792 1793 1794 1795 1796 1797 1798 1839 1931 1992 2045 2061 2071 2134 2223 2258 2263 2266 2269 2270 2275 2276 2277 2280 2281 2304 2308 2309 2310 2312 2313 2334 2400 2402 2403 2407 2408 2429 
45 10 340 397 417 437 447 455 514 550 681 707 709 712 727 785 790 796 918 1263 1455 1471 1549 1602 1629 1644 1680 1775 1801 1876 1885 1891 1896 1901 2078 2080 2091 2100 2107 2109 2178 2188 2230 2435 2459 2469 
34 130 224 328 333 563 567 572 600 608 639 763 772 865 1446 1519 1799 1800 1801 1802 1803 1804 1805 1806 1807 1808 1809 1840 1932 1940 2135 2264 2268 2273 2360 
142 11 29 311 333 338 341 345 348 358 374 398 400 409 414 420 425 430 435 438 448 453 458 463 467 470 471 472 473 474 475 511 515 517 523 526 538 548 552 557 560 572 677 685 693 700 712 724 730 738 785 788 793 796 799 803 882 911 916 919 933 949 964 1016 1104 1119 1133 1134 1135 1136 1137 1138 1230 1231 1264 1289 1367 1380 1474 1481 1546 1552 1600 1605 1610 1614 1625 1632 1645 1665 1681 1705 1772 1777 1782 1788 1800 1802 1805 1808 1810 1811 1812 1861 1862 1863 1864 1865 1866 1873 1878 1891 1894 1899 1901 1904 1908 2092 2098 2101 2103 2168 2169 2179 2189 2191 2193 2195 2198 2206 2273 2283 2291 2315 2398 2411 2435 2437 2440 2459 2460 2462 2470 
167 12 30 359 375 399 412 413 416 418 419 422 423 424 427 429 432 449 451 452 454 456 457 460 461 462 464 466 469 482 483 485 486 487 539 673 674 680 682 683 684 687 691 692 696 699 702 710 711 713 714 715 721 728 729 739 786 787 789 791 792 795 797 798 800 802 805 883 934 965 1105 1241 1242 1243 1244 1245 1246 1247 1248 1249 1250 1251 1252 1253 1265 1290 1381 1451 1453 1456 1457 1458 1459 1460 1472 1543 1544 1548 1550 1551 1554 1597 1598 1601 1603 1604 1607 1608 1609 1611 1613 1616 1621 1623 1628 1630 1631 1634 1666 1682 1706 1771 1776 1781 1787 1813 1814 1870 1871 1875 1877 1880 1881 1883 1886 1887 1888 1889 1890 1892 1893 1895 1897 1898 1900 1902 1903 1905 1907 1909 2102 2180 2190 2207 2238 2242 2243 2284 2316 2379 2380 2384 2385 2386 2388 2399 2412 2471 
130 43 44 45 47 50 51 52 53 54 55 56 58 59 60 63 65 66 70 74 75 76 77 86 87 107 1335 1336 1340 1341 1342 1343 1352 1354 1355 1399 1400 1404 1405 1406 1407 1416 1417 1419 1421 1422 1429 1430 1432 1433 1434 1435 1436 1437 1438 1439 1440 1441 1442 1443 1444 1445 1446 1447 1448 1449 1450 1815 1816 1817 1818 1819 1820 1821 1822 1823 1824 1825 1826 1827 1828 1829 1830 1831 1832 1833 1834 1835 1836 1837 1838 1839 1840 1841 1842 1843 1844 1845 1846 1847 1848 1849 1850 1851 1852 1853 1854 1855 1856 1857 1858 1998 1999 2002 2003 2004 2009 2010 2014 2015 2017 2019 2020 2022 2023 2027 2030 2033 2034 2035 2041 
14 516 551 884 950 1266 1382 1473 1541 1555 1646 1683 1859 1860 1868 
89 131 185 225 311 333 409 511 515 516 517 523 526 538 548 551 552 557 560 572 601 640 738 764 828 866 882 884 911 933 949 950 987 1016 1088 1104 1119 1120 1154 1188 1264 1266 1289 1317 1380 1382 1447 1473 1474 1481 1520 1541 1546 1552 1645 1646 1665 1681 1683 1705 1729 1762 1841 1860 1861 1862 1863 1864 1865 1866 1868 1873 1878 1933 1993 2062 2098 2101 2103 2136 2179 2189 2191 2224 2259 2291 2305 2335 2361 2430 
267 66 131 132 141 148 149 159 168 169 185 186 187 191 194 201 225 226 276 277 285 288 291 295 300 301 302 311 312 317 320 324 404 405 409 410 528 529 531 533 536 538 539 540 582 583 601 602 603 608 611 618 640 641 652 747 748 764 765 766 772 775 780 812 813 828 829 830 834 837 843 866 867 897 898 902 903 911 912 921 922 924 926 927 933 934 935 973 974 987 988 989 994 997 1002 1032 1050 1051 1060 1061 1064 1067 1073 1078 1079 1080 1088 1089 1094 1096 1098 1110 1111 1112 1119 1120 1121 1126 1128 1131 1143 1144 1145 1154 1155 1162 1165 1168 1176 1188 1189 1190 1204 1254 1255 1256 1258 1261 1263 1264 1265 1266 1267 1273 1274 1275 1276 1277 1278 1280 1282 1283 1289 1290 1291 1317 1318 1447 1448 1467 1470 1471 1472 1473 1474 1475 1478 1479 1480 1481 1482 1520 1521 1579 1654 1655 1657 1659 1660 1663 1665 1666 1670 1671 1673 1675 1678 1680 1681 1682 1683 1684 1690 1691 1692 1693 1694 1695 1697 1699 1700 1703 1705 1706 1707 1718 1719 1720 1729 1730 1736 1738 1741 1749 1762 1763 1764 1823 1841 1842 1843 1857 1867 1868 1869 1870 1871 1872 1873 1874 1875 1876 1877 1878 1879 1880 1915 1916 1933 1934 1935 1940 1943 1949 1993 1994 2048 2049 2050 2062 2063 2069 2073 2076 2136 2137 2224 2225 2259 2260 2287 2288 2291 2292 2335 2336 2361 2362 
274 16 20 30 31 40 149 187 285 300 312 361 365 371 375 376 384 386 404 410 412 413 415 416 417 418 419 421 422 423 424 426 427 428 429 431 432 440 444 446 447 449 450 451 452 454 455 456 457 459 460 461 462 464 465 466 468 469 528 533 536 539 540 603 716 717 721 726 727 728 729 731 733 736 739 740 766 785 786 787 789 790 791 792 794 795 796 797 798 800 801 802 804 805 830 870 875 880 883 885 894 895 897 902 912 921 926 934 935 989 1006 1017 1061 1078 1089 1099 1102 1103 1105 1106 1110 1121 1143 1155 1190 1254 1258 1261 1263 1265 1267 1273 1274 1275 1276 1277 1282 1290 1291 1364 1368 1369 1373 1381 1383 1391 1467 1470 1471 1472 1475 1478 1479 1480 1482 1540 1541 1543 1544 1547 1548 1549 1550 1551 1553 1554 1594 1595 1597 1598 1601 1602 1603 1604 1606 1607 1608 1609 1611 1612 1613 1615 1616 1617 1618 1619 1621 1623 1627 1628 1629 1630 1631 1633 1634 1654 1659 1663 1666 1670 1675 1678 1680 1682 1684 1690 1691 1692 1693 1694 1699 1703 1706 1707 1718 1730 1764 1843 1867 1868 1870 1871 1874 1875 1876 1877 1879 1880 1881 1882 1883 1884 1885 1886 1887 1888 1889 1890 1935 2048 2063 2173 2177 2178 2180 2181 2183 2187 2188 2190 2192 2200 2203 2205 2207 2208 2287 2292 2306 2389 2393 2397 2399 2400 2405 2409 2412 2413 2431 2463 2467 2468 2469 2471 2472 
53 136 418 456 486 493 668 683 711 729 791 1217 1218 1222 1224 1233 1241 1245 1248 1362 1394 1396 1453 1459 1464 1483 1488 1490 1551 1561 1603 1631 1796 1814 1877 1883 1889 1897 1977 2153 2154 2155 2156 2157 2160 2163 2171 2197 2233 2243 2373 2386 2439 2452 
144 133 227 276 288 300 301 311 317 582 604 608 642 734 735 736 737 738 739 747 767 772 812 831 834 868 941 942 949 950 952 959 960 961 962 963 964 965 973 990 994 1006 1007 1016 1050 1064 1078 1079 1090 1094 1100 1101 1102 1103 1104 1105 1106 1110 1111 1119 1126 1143 1144 1156 1162 1176 1191 1319 1370 1373 1374 1380 1381 1382 1385 1449 1522 1718 1719 1731 1736 1749 1765 1844 1891 1892 1893 1894 1895 1896 1897 1898 1899 1900 1901 1902 1903 1904 1905 1906 1907 1908 1909 1915 1936 1940 1995 2048 2049 2064 2069 2095 2096 2097 2098 2099 2100 2101 2102 2103 2104 2138 2174 2175 2176 2177 2178 2179 2180 2181 2184 2185 2186 2187 2188 2189 2190 2191 2192 2226 2261 2337 2363 2419 2432 
14 135 419 457 684 710 792 1246 1395 1451 1604 1813 1881 1898 2161 
178 108 203 204 207 210 211 212 213 214 215 216 217 218 219 222 223 224 225 226 227 229 233 234 238 239 241 242 243 251 253 257 261 263 265 266 622 623 625 626 627 628 629 630 631 632 633 634 635 636 637 638 639 640 641 642 643 1400 1404 1406 1407 1416 1417 1419 1421 1422 1526 1527 1528 1534 1535 1565 1566 1569 1574 1575 1576 1577 1579 1580 1582 1583 1585 1587 1588 1589 1590 1592 1910 1911 1912 1913 1914 1915 1916 1917 1918 1919 1920 1921 1922 1923 1924 1925 1926 1927 1928 1929 1930 1931 1932 1933 1934 1935 1936 1937 1938 1939 1940 1941 1942 1943 1944 1945 1946 1947 1948 1949 1950 1951 1952 1953 1957 1958 1959 1960 1961 1962 1964 1965 1968 1970 1999 2002 2004 2009 2010 2014 2015 2017 2019 2020 2022 2023 2027 2030 2033 2034 2035 2041 2339 2340 2343 2346 2347 2348 2349 2350 2351 2352 2353 2354 2355 2358 2359 2360 2361 2362 2363 
20 1951 1952 1953 1954 1955 1956 1957 1958 1959 1960 1961 1962 1963 1964 1965 1966 1967 1968 1969 1970 
131 3 4 6 7 150 178 188 299 305 308 313 319 321 327 329 330 334 336 337 338 339 341 343 344 345 346 348 351 352 355 356 389 390 391 393 394 400 565 568 569 570 593 605 632 643 758 768 858 869 940 944 945 946 955 956 957 1005 1013 1018 1033 1109 1114 1117 1122 1127 1129 1151 1157 1183 1192 1205 1310 1320 1371 1376 1377 1378 1387 1389 1390 1450 1725 1732 1756 1766 1770 1771 1772 1773 1777 1780 1781 1782 1783 1787 1788 1832 1845 1926 1937 1971 1972 1973 1974 1975 1976 1977 1978 1979 1988 1996 2084 2085 2088 2089 2139 2218 2227 2255 2262 2266 2269 2270 2271 2276 2277 2280 2281 2338 2426 2433 
28 1397 1400 1402 1403 1410 1413 1415 1416 1418 1420 1427 1980 1981 1982 1983 1984 1985 1986 1987 1988 1989 1990 1991 1992 1993 1994 1995 1996 
46 1997 1998 1999 2000 2001 2002 2003 2004 2005 2006 2007 2008 2009 2010 2011 2012 2013 2014 2015 2016 2017 2018 2019 2020 2021 2022 2023 2024 2025 2026 2027 2028 2029 2030 2031 2032 2033 2034 2035 2036 2037 2038 2039 2040 2041 2042 
16 2027 2028 2029 2030 2031 2032 2033 2034 2035 2036 2037 2038 2039 2040 2041 2042 
164 109 236 251 252 255 256 257 258 269 270 1170 1173 1174 1175 1176 1178 1179 1180 1181 1182 1183 1184 1185 1186 1187 1188 1189 1190 1191 1193 1195 1196 1197 1198 1200 1201 1202 1203 1204 1206 1209 1210 1211 1212 1213 1214 1346 1348 1349 1358 1359 1408 1411 1413 1414 1425 1426 1499 1502 1505 1506 1507 1509 1511 1512 1513 1514 1515 1516 1517 1520 1521 1522 1531 1532 1533 1538 1539 1565 1569 1571 1574 1575 1576 1577 1578 1579 1580 1587 1588 1589 1590 1591 1592 1743 1746 1747 1748 1749 1751 1752 1753 1754 1755 1756 1757 1758 1759 1760 1761 1762 1763 1764 1765 1767 2043 2044 2045 2046 2047 2048 2049 2050 2051 2052 2053 2054 2055 2056 2057 2058 2059 2060 2061 2062 2063 2064 2065 2066 2067 2068 2069 2070 2071 2072 2073 2074 2075 2076 2320 2323 2324 2325 2326 2328 2329 2330 2331 2332 2333 2334 2335 2336 2337 
62 341 400 420 438 458 470 472 473 488 494 517 552 669 685 712 730 785 793 796 919 1133 1135 1136 1230 1235 1238 1465 1474 1485 1491 1552 1562 1605 1632 1768 1777 1791 1797 1802 1810 1811 1812 1861 1863 1864 1878 1891 1899 1901 1972 1978 2103 2169 2191 2193 2198 2244 2387 2435 2440 2459 2462 
18 151 189 286 314 606 769 832 991 1034 1062 1091 1123 1158 1321 1733 1846 1938 2065 
64 10 13 152 190 287 300 328 340 342 347 349 354 397 401 404 509 514 518 525 527 533 540 550 553 559 561 567 607 653 770 833 941 992 1006 1035 1063 1078 1110 1143 1159 1206 1322 1373 1580 1659 1699 1718 1734 1847 1939 2048 2066 2077 2078 2079 2080 2081 2087 2091 2093 2140 2268 2279 2287 
165 67 83 118 125 134 137 138 140 145 146 150 151 152 154 156 160 260 296 299 300 305 308 309 311 313 314 315 317 319 321 325 849 858 860 869 1020 1021 1023 1028 1030 1033 1034 1035 1038 1041 1045 1107 1109 1110 1114 1117 1118 1119 1122 1123 1124 1126 1127 1129 1132 1139 1142 1143 1151 1157 1158 1159 1160 1162 1164 1169 1175 1183 1185 1192 1195 1196 1201 1203 1205 1206 1207 1209 1212 1215 1294 1296 1301 1310 1312 1315 1320 1321 1322 1325 1328 1332 1350 1415 1505 1512 1523 1565 1575 1577 1580 1581 1589 1711 1713 1717 1718 1725 1726 1728 1732 1733 1734 1736 1737 1740 1742 1748 1756 1758 1766 1984 1988 1990 1996 2013 2082 2083 2084 2085 2086 2087 2088 2089 2090 2091 2092 2093 2094 2110 2114 2120 2128 2131 2139 2140 2145 2148 2152 2214 2218 2220 2227 2249 2255 2256 2262 2324 2331 2338 
92 13 342 401 416 421 427 436 439 450 454 459 464 518 540 553 680 686 696 704 706 707 708 709 710 711 712 714 731 785 789 794 796 800 917 920 1106 1267 1451 1453 1455 1458 1475 1548 1553 1601 1606 1611 1628 1633 1647 1684 1778 1803 1875 1879 1881 1883 1885 1888 1891 1895 1901 1905 2078 2079 2081 2093 2104 2106 2107 2108 2109 2157 2158 2159 2163 2164 2165 2181 2192 2208 2229 2231 2372 2374 2435 2438 2451 2453 2459 2461 2472 
101 115 122 131 133 207 225 227 261 578 582 586 601 604 608 622 629 640 642 654 744 747 751 764 767 772 846 853 866 868 941 942 949 950 952 1003 1006 1007 1008 1016 1298 1306 1317 1319 1370 1373 1374 1380 1381 1382 1385 1416 1433 1438 1447 1449 1501 1520 1522 1582 1818 1826 1841 1844 1912 1915 1919 1933 1936 1940 1983 1987 1993 1995 2014 2095 2096 2097 2098 2099 2100 2101 2102 2103 2104 2116 2124 2136 2138 2141 2247 2252 2259 2261 2343 2361 2363 2416 2419 2421 2430 2432 
86 10 13 14 32 315 335 340 342 347 349 360 377 397 401 411 433 436 437 439 514 518 519 525 527 540 541 550 553 559 561 573 680 681 686 696 697 701 886 913 915 917 918 920 936 951 1019 1092 1124 1160 1292 1384 1471 1475 1479 1482 1644 1647 1648 1652 1653 1667 1708 1775 1778 1785 1789 2067 2091 2093 2094 2105 2106 2107 2108 2109 2274 2285 2293 2317 2414 2434 2435 2438 2458 2459 2461 
132 100 110 228 229 230 231 233 234 235 236 237 238 244 246 248 249 253 254 255 256 257 260 261 262 263 264 267 271 1333 1334 1336 1338 1339 1344 1345 1348 1350 1351 1352 1353 1356 1360 1397 1398 1400 1402 1403 1409 1410 1413 1415 1416 1417 1418 1419 1420 1423 1427 1496 1497 1498 1499 1500 1501 1502 1503 1504 1505 1506 1507 1508 1510 1511 1512 1513 1514 1515 1516 1517 1518 1519 1520 1521 1522 1523 1524 1529 1532 1536 2110 2111 2112 2113 2114 2115 2116 2117 2118 2119 2120 2121 2122 2123 2124 2125 2126 2127 2128 2129 2130 2131 2132 2133 2134 2135 2136 2137 2138 2139 2140 2141 2142 2143 2144 2145 2146 2147 2148 2149 2150 2151 2152 
51 136 422 460 487 495 670 687 711 715 795 1218 1223 1224 1234 1241 1247 1248 1362 1394 1396 1453 1460 1466 1483 1489 1490 1554 1563 1607 1634 1798 1814 1880 1883 1890 1900 1979 2154 2155 2157 2162 2163 2171 2172 2199 2233 2235 2375 2388 2441 2454 
34 15 402 542 680 683 684 687 688 696 699 702 729 732 1232 1233 1234 1268 1463 1464 1466 1668 1685 1709 1787 2153 2154 2155 2196 2197 2199 2415 2438 2439 2441 
57 316 536 540 543 771 880 887 894 914 937 993 1093 1125 1161 1193 1261 1267 1269 1273 1276 1293 1663 1669 1678 1684 1686 1690 1693 1703 1710 1735 1767 2068 2156 2157 2158 2159 2160 2161 2162 2163 2164 2165 2166 2307 2364 2371 2372 2373 2374 2375 2443 2450 2451 2452 2453 2454 
52 18 29 35 122 123 171 174 363 374 380 586 589 629 631 655 751 754 853 855 900 911 923 933 1005 1008 1010 1016 1036 1306 1308 1323 1417 1438 1439 1583 1751 1753 1826 1829 1919 1922 2015 2124 2126 2142 2167 2168 2169 2296 2298 2421 2423 
145 1 2 4 17 33 191 288 317 362 378 441 442 443 451 452 456 460 461 462 466 469 503 505 507 529 531 563 608 718 720 721 722 729 734 735 772 786 787 791 795 797 798 802 805 834 871 873 888 898 922 924 952 959 960 994 1064 1094 1100 1101 1126 1162 1255 1256 1278 1280 1370 1385 1542 1543 1544 1545 1551 1554 1556 1558 1559 1561 1563 1596 1597 1598 1599 1603 1607 1608 1609 1613 1616 1620 1621 1622 1623 1624 1631 1634 1635 1636 1638 1655 1657 1671 1673 1695 1697 1736 1799 1804 1807 1869 1870 1871 1872 1877 1880 1892 1893 1897 1900 1902 1903 1907 1909 1940 2069 2082 2083 2085 2095 2096 2097 2170 2171 2172 2174 2175 2176 2184 2185 2186 2201 2202 2264 2464 2465 2466 
101 47 53 59 84 141 149 159 262 297 300 301 302 311 312 317 320 324 1140 1143 1144 1145 1146 1152 1154 1155 1156 1162 1165 1168 1171 1172 1176 1177 1186 1188 1190 1191 1208 1297 1298 1304 1313 1317 1319 1351 1418 1500 1501 1508 1513 1520 1522 1584 1744 1745 1749 1750 1759 1762 1764 1765 1982 1983 1986 1991 1993 1995 2016 2115 2116 2123 2129 2136 2138 2173 2174 2175 2176 2177 2178 2179 2180 2181 2210 2211 2216 2221 2224 2226 2246 2247 2251 2257 2259 2261 2321 2322 2327 2332 2335 2337 
18 34 379 479 689 889 953 1241 1248 1270 1386 1453 1454 1541 1619 1779 1790 2182 2377 
8 478 708 1224 1248 1490 2108 2155 2163 
12 473 709 796 1136 1225 1238 1491 1812 1864 1901 2109 2164 
115 53 115 121 131 133 207 214 225 227 263 578 582 583 584 601 603 604 608 611 618 622 628 640 642 656 744 747 748 749 764 766 767 772 775 780 846 852 866 868 1003 1006 1007 1016 1017 1298 1304 1317 1319 1352 1369 1370 1373 1374 1375 1380 1381 1382 1383 1385 1388 1391 1392 1419 1433 1437 1447 1449 1501 1508 1520 1522 1585 1818 1823 1824 1841 1843 1844 1857 1912 1915 1916 1917 1933 1935 1936 1940 1943 1949 2017 2116 2123 2136 2138 2143 2183 2184 2185 2186 2187 2188 2189 2190 2191 2192 2343 2350 2361 2363 2416 2419 2420 2430 2431 2432 
8 343 496 520 554 690 1239 1476 1780 
20 135 423 461 497 544 691 710 797 1226 1249 1361 1393 1451 1492 1608 1813 1881 1902 2170 2232 
110 5 9 11 15 19 28 29 153 192 289 309 311 318 331 333 353 357 358 364 373 374 389 392 396 398 400 402 566 571 572 609 672 676 677 680 683 684 685 687 688 690 693 696 699 700 702 719 723 724 729 730 732 773 835 874 881 882 901 910 911 925 932 933 947 949 954 995 1014 1016 1037 1065 1163 1281 1288 1289 1324 1372 1379 1380 1770 1772 1777 1780 1782 1787 1788 1848 1941 2070 2144 2193 2194 2195 2196 2197 2198 2199 2267 2272 2273 2278 2282 2283 2311 2314 2315 2404 2410 2411 2415 
14 35 319 380 521 555 890 955 1095 1127 1387 1477 1649 1687 2071 
130 46 47 59 85 113 114 126 205 206 218 264 300 301 302 306 311 312 317 320 322 324 844 845 857 861 967 969 973 974 980 984 989 994 997 998 1002 1026 1040 1078 1079 1080 1084 1089 1094 1096 1097 1098 1110 1111 1112 1115 1119 1121 1126 1128 1130 1131 1143 1144 1145 1149 1152 1155 1162 1165 1166 1168 1170 1171 1176 1182 1186 1190 1295 1297 1313 1353 1420 1499 1500 1513 1586 1712 1714 1718 1719 1720 1723 1727 1730 1736 1738 1739 1741 1743 1744 1749 1755 1759 1764 1954 1981 1982 1991 2018 2113 2115 2129 2200 2201 2202 2203 2204 2205 2206 2207 2208 2209 2210 2221 2245 2246 2254 2257 2320 2321 2332 2341 2342 2354 
24 135 424 462 498 544 692 710 782 798 1227 1250 1361 1393 1451 1493 1609 1781 1804 1813 1881 1903 2170 2232 2455 
49 1397 1402 1403 1410 1413 1414 1415 1418 1420 1425 1427 1997 2000 2001 2006 2009 2010 2011 2012 2013 2016 2018 2022 2023 2024 2026 2029 2038 2039 2042 2209 2210 2211 2212 2213 2214 2215 2216 2217 2218 2219 2220 2221 2222 2223 2224 2225 2226 2227 
68 10 13 154 193 290 300 328 340 342 347 349 354 397 401 404 509 514 518 525 527 533 540 550 553 559 561 567 610 657 774 836 941 996 1006 1038 1066 1078 1110 1143 1164 1209 1282 1325 1373 1640 1644 1647 1652 1653 1659 1699 1718 1737 1849 1942 2048 2072 2087 2091 2093 2145 2228 2229 2230 2231 2268 2279 2287 
122 17 36 194 291 320 362 381 412 413 418 422 423 424 429 432 441 442 443 451 452 456 460 461 462 466 469 529 531 611 718 720 721 722 729 734 735 775 786 787 791 795 797 798 802 805 837 871 873 891 898 922 924 997 1067 1096 1100 1101 1128 1165 1255 1256 1278 1280 1370 1388 1542 1543 1544 1545 1551 1554 1596 1597 1598 1599 1603 1607 1608 1609 1613 1616 1620 1621 1622 1623 1624 1631 1634 1655 1657 1671 1673 1695 1697 1738 1869 1870 1871 1872 1877 1880 1943 2073 2174 2175 2176 2184 2185 2186 2201 2202 2232 2233 2234 2235 2390 2392 2401 2403 2464 2465 2466 
121 16 18 23 24 25 27 30 34 35 37 38 40 123 174 175 178 361 363 368 369 370 375 379 380 382 383 386 589 590 593 631 632 658 754 755 758 818 819 822 855 856 858 870 872 873 877 878 879 883 889 890 892 893 895 897 900 905 906 907 909 921 923 924 928 929 930 934 1005 1010 1011 1013 1039 1180 1181 1183 1210 1277 1279 1280 1284 1285 1286 1290 1308 1310 1326 1439 1587 1753 1754 1756 1829 1832 1850 1922 1923 1926 2019 2045 2055 2056 2059 2071 2126 2146 2236 2237 2238 2239 2240 2241 2242 2243 2244 2298 2299 2301 2329 2423 2424 2426 
18 2245 2246 2247 2248 2249 2250 2251 2252 2253 2254 2255 2256 2257 2258 2259 2260 2261 2262 
109 43 65 86 111 118 129 130 203 211 223 224 265 579 580 588 593 599 600 605 607 608 609 610 616 619 623 625 632 637 638 639 643 646 653 657 745 746 753 758 762 763 768 770 772 773 774 778 781 847 849 858 863 864 865 869 1354 1421 1429 1434 1444 1445 1446 1450 1534 1580 1819 1820 1828 1832 1838 1839 1840 1845 1847 1848 1849 1855 1858 1913 1914 1921 1926 1931 1932 1937 1939 1940 1941 1942 1947 1950 1951 1970 2263 2264 2265 2266 2267 2268 2269 2270 2271 2272 2273 2274 2339 2347 2359 2360 
103 43 51 65 87 111 118 119 129 164 166 167 173 178 184 188 190 192 193 199 202 203 211 212 223 266 623 625 626 632 637 638 643 745 746 753 758 762 768 770 773 774 778 781 847 849 850 858 863 864 869 1355 1422 1429 1434 1435 1444 1445 1450 1535 1580 1819 1820 1821 1828 1832 1838 1839 1845 1847 1848 1849 1855 1858 1913 1914 1921 1926 1931 1937 1939 1941 1942 1947 1950 1951 1958 1970 2020 2275 2276 2277 2278 2279 2280 2281 2282 2283 2284 2285 2339 2347 2348 2359 
76 48 50 57 59 61 66 88 236 238 254 255 267 1020 1021 1023 1027 1028 1030 1032 1034 1035 1038 1041 1294 1296 1301 1309 1310 1312 1313 1315 1317 1318 1321 1322 1325 1328 1356 1423 1434 1441 1442 1447 1448 1502 1504 1505 1510 1512 1513 1515 1520 1521 1536 2110 2114 2118 2119 2120 2128 2129 2131 2132 2136 2137 2140 2145 2148 2286 2287 2288 2289 2290 2291 2292 2293 
14 2294 2295 2296 2297 2298 2299 2300 2301 2302 2303 2304 2305 2306 2307 
54 119 164 167 173 178 184 192 199 212 268 274 279 284 289 294 623 626 632 638 745 753 758 762 773 778 809 817 822 827 835 841 847 850 858 864 1357 1424 1537 1746 1756 1761 1958 2021 2308 2309 2310 2311 2312 2313 2314 2315 2316 2317 2348 
13 37 321 344 382 522 556 892 956 1129 1271 1389 1650 1688 
16 345 425 463 474 499 523 557 693 799 1137 1240 1610 1782 1805 1865 1904 
28 38 346 383 479 524 558 663 694 893 957 1218 1224 1241 1248 1272 1390 1483 1484 1490 1651 1689 1783 1790 1971 2318 2365 2377 2444 
8 384 426 695 894 1273 1478 1690 1784 
51 99 100 101 109 1333 1338 1339 1345 1346 1348 1349 1350 1351 1353 1358 1359 1360 1397 1402 1403 1408 1410 1411 1413 1414 1415 1418 1420 1425 1426 1427 2319 2320 2321 2322 2323 2324 2325 2326 2327 2328 2329 2330 2331 2332 2333 2334 2335 2336 2337 2338 
19 39 155 195 292 322 385 612 776 838 998 1040 1068 1097 1130 1166 1739 1851 1944 2074 
71 92 94 95 96 98 108 229 232 233 234 236 237 238 239 240 241 242 243 245 251 252 253 255 256 257 258 261 263 264 265 266 268 269 270 1525 1526 1527 1528 1531 1532 1533 1534 1535 1537 1538 1539 2339 2340 2341 2342 2343 2344 2345 2346 2347 2348 2349 2350 2351 2352 2353 2354 2355 2356 2357 2358 2359 2360 2361 2362 2363 
92 172 196 587 613 630 659 752 771 816 839 854 873 878 879 880 887 892 893 894 904 906 907 914 924 929 930 937 977 993 1069 1082 1093 1113 1114 1125 1129 1179 1193 1211 1256 1259 1260 1261 1267 1269 1271 1272 1273 1276 1280 1285 1286 1293 1327 1588 1657 1661 1662 1663 1669 1697 1701 1702 1703 1710 1722 1735 1752 1767 1827 1852 1920 1945 2022 2053 2068 2147 2217 2297 2307 2364 2365 2366 2367 2368 2369 2370 2371 2372 2373 2374 2375 
17 156 197 293 614 660 777 840 999 1041 1070 1212 1328 1589 1740 1853 1946 2148 
123 172 175 178 198 361 363 368 369 370 375 379 382 383 386 587 590 593 615 630 632 661 752 755 758 816 819 822 854 856 858 870 872 873 877 878 879 883 889 892 893 895 897 900 904 905 906 907 909 921 923 924 928 929 930 934 977 979 982 1005 1009 1011 1013 1042 1076 1082 1083 1086 1179 1181 1183 1213 1277 1279 1280 1284 1285 1286 1290 1310 1329 1590 1694 1696 1697 1701 1702 1706 1752 1754 1756 1827 1832 1854 1920 1923 1926 2023 2045 2053 2056 2059 2149 2217 2218 2297 2299 2301 2376 2377 2378 2379 2380 2381 2382 2383 2384 2385 2386 2387 2388 2422 2424 2426 
109 46 89 113 205 269 276 277 280 285 291 292 295 620 624 807 810 812 813 820 830 837 838 843 844 848 857 967 971 973 974 980 989 997 998 1002 1050 1051 1054 1061 1067 1068 1073 1076 1077 1078 1079 1080 1084 1089 1095 1096 1097 1098 1170 1174 1176 1182 1190 1295 1300 1358 1425 1499 1538 1591 1712 1716 1718 1719 1720 1723 1730 1738 1739 1741 1743 1747 1749 1755 1764 1954 2024 2045 2046 2048 2049 2050 2057 2063 2071 2073 2074 2076 2209 2213 2320 2323 2341 2389 2390 2391 2392 2393 2394 2395 2396 2397 2398 2399 
152 113 119 162 164 165 167 168 169 173 176 178 184 187 192 194 195 199 201 205 212 270 274 276 277 279 280 284 285 289 291 292 294 295 620 623 624 626 632 638 807 809 810 812 813 817 820 822 827 830 835 837 838 841 843 844 847 848 850 857 858 864 967 970 971 973 974 978 980 982 986 989 995 997 998 1000 1002 1048 1050 1051 1053 1054 1059 1061 1065 1067 1068 1071 1073 1170 1173 1174 1176 1182 1183 1187 1190 1359 1426 1499 1506 1539 1743 1746 1747 1749 1755 1756 1761 1764 1954 1958 2025 2044 2045 2046 2048 2049 2050 2054 2057 2059 2061 2063 2067 2070 2071 2073 2074 2075 2076 2320 2323 2325 2334 2341 2348 2400 2401 2402 2403 2404 2405 2406 2407 2408 2409 2410 2411 2412 2413 2414 2415 
14 427 464 696 704 710 800 1251 1395 1451 1611 1813 1881 1905 2165 
27 1566 1569 1576 1580 1582 1583 1585 1587 1590 2416 2417 2418 2419 2420 2421 2422 2423 2424 2425 2426 2427 2428 2429 2430 2431 2432 2433 
121 5 9 10 11 13 14 15 19 28 29 32 157 199 294 309 311 315 323 331 333 335 353 357 358 360 364 373 374 377 389 392 396 397 398 400 401 402 566 571 572 573 616 672 676 677 680 681 683 684 685 686 687 688 690 693 696 697 699 700 701 702 778 841 947 949 951 958 1000 1014 1016 1019 1043 1071 1160 1167 1330 1372 1379 1380 1384 1770 1772 1775 1777 1778 1780 1782 1785 1787 1788 1789 1855 1947 2067 2075 2150 2267 2272 2273 2274 2278 2282 2283 2285 2311 2314 2315 2317 2404 2410 2411 2414 2415 2434 2435 2436 2437 2438 2439 2440 2441 
37 347 428 433 465 525 559 697 705 706 708 711 717 801 915 1274 1452 1453 1479 1540 1594 1612 1618 1652 1691 1785 1806 1867 1882 1883 1906 2077 2105 2106 2108 2228 2434 2458 
22 40 386 479 698 895 1241 1248 1275 1391 1453 1454 1480 1541 1595 1619 1692 1786 1868 1883 1884 2377 2442 
108 158 172 200 303 305 316 321 531 534 535 536 540 543 587 617 630 662 752 771 779 816 842 854 904 906 907 914 924 929 930 937 977 993 1001 1044 1072 1082 1093 1113 1114 1125 1129 1147 1161 1179 1193 1214 1256 1259 1260 1261 1267 1269 1271 1272 1273 1276 1280 1285 1286 1293 1331 1592 1657 1661 1662 1663 1669 1673 1676 1677 1678 1684 1686 1688 1689 1690 1693 1697 1701 1702 1703 1710 1722 1735 1752 1767 1827 1856 1920 1948 2053 2068 2151 2217 2253 2443 2444 2445 2446 2447 2448 2449 2450 2451 2452 2453 2454 
67 17 41 159 201 295 324 362 387 413 424 441 442 452 462 529 618 718 720 721 734 780 787 798 843 871 896 898 922 1002 1073 1098 1100 1131 1168 1255 1278 1370 1392 1542 1544 1596 1598 1609 1620 1622 1623 1655 1671 1695 1741 1857 1869 1871 1949 2076 2174 2175 2184 2185 2201 2390 2401 2455 2456 2457 2464 2465 
23 135 429 466 500 544 699 710 802 1228 1252 1361 1393 1395 1451 1494 1613 1787 1807 1813 1881 1907 2170 2232 
73 10 11 13 14 160 202 300 311 315 325 328 333 335 338 340 341 342 345 347 348 349 354 358 360 397 398 400 401 567 572 573 619 781 941 949 951 1006 1016 1019 1045 1110 1119 1124 1132 1143 1160 1169 1215 1332 1373 1380 1384 1718 1742 1858 1950 2087 2091 2092 2093 2094 2152 2268 2273 2274 2279 2283 2285 2458 2459 2460 2461 2462 
16 348 430 467 475 501 526 560 700 803 1138 1481 1614 1788 1808 1866 1908 
95 47 53 59 90 114 121 126 141 149 159 271 300 301 302 311 312 317 320 324 845 852 861 1110 1111 1112 1119 1121 1126 1128 1131 1143 1144 1145 1146 1152 1155 1162 1165 1168 1171 1176 1177 1186 1190 1216 1297 1304 1313 1360 1427 1500 1508 1513 1593 1714 1718 1719 1720 1721 1727 1730 1736 1738 1741 1744 1749 1750 1759 1764 1982 1986 1991 2026 2115 2123 2129 2210 2216 2221 2246 2251 2257 2321 2327 2332 2463 2464 2465 2466 2467 2468 2469 2470 2471 2472 
41 349 431 433 468 527 561 701 705 706 708 711 717 804 915 1276 1452 1453 1482 1540 1594 1615 1618 1653 1693 1789 1809 1867 1882 1883 2077 2105 2106 2108 2156 2157 2163 2228 2364 2434 2443 2458 
22 135 432 469 502 544 702 710 805 1229 1253 1361 1393 1395 1451 1495 1616 1813 1881 1909 2166 2170 2232 
